          1      183.000   -7.199    0.262   -4.444   -4.362   -4.245   -4.084   -3.814   -3.651   -3.508    0.000      287.000      287.000
          1      548.000   -7.199    0.262   -5.910   -6.047   -6.026   -5.935   -5.775   -5.665   -5.563    0.000      648.000      283.000
          1      913.000   -7.199    0.262   -6.192   -6.380   -6.365   -6.293   -6.165   -6.078   -5.996    0.000    -7777.000    -7777.000
          1     1278.000   -7.199    0.262   -6.330   -6.539   -6.530   -6.469   -6.361   -6.287   -6.218    0.000    -7777.000    -7777.000
          1     1643.000   -7.199    0.262   -6.430   -6.660   -6.644   -6.590   -6.494   -6.427   -6.365    0.000    -7777.000    -7777.000
          1     2008.000   -7.199    0.262   -6.517   -6.763   -6.747   -6.697   -6.608   -6.547   -6.490    0.000    -7777.000    -7777.000
          1     2373.000   -7.199    0.262   -6.582   -6.840   -6.825   -6.779   -6.697   -6.641   -6.588    0.000    -7777.000    -7777.000
          1     2738.000   -7.199    0.262   -6.625   -6.890   -6.877   -6.834   -6.758   -6.706   -6.657    0.000    -7777.000    -7777.000
          1     3103.000   -7.199    0.262   -6.655   -6.925   -6.915   -6.875   -6.804   -6.755   -6.709    0.000    -7777.000    -7777.000
          1     3468.000   -7.199    0.262   -6.679   -6.953   -6.945   -6.907   -6.840   -6.793   -6.750    0.000    -7777.000    -7777.000
          1     3833.000   -7.199    0.262   -6.701   -6.978   -6.972   -6.936   -6.871   -6.827   -6.786    0.000    -7777.000    -7777.000
          1     4198.000   -7.199    0.262   -6.720   -7.000   -6.995   -6.960   -6.899   -6.856   -6.816    0.000    -7777.000    -7777.000
          1     4563.000   -7.199    0.262   -6.736   -7.018   -7.014   -6.981   -6.922   -6.881   -6.842    0.000    -7777.000    -7777.000
          1     4928.000   -7.199    0.262   -6.750   -7.034   -7.031   -6.999   -6.941   -6.902   -6.864    0.000    -7777.000    -7777.000
          1     5293.000   -7.199    0.262   -6.761   -7.047   -7.045   -7.014   -6.958   -6.919   -6.883    0.000    -7777.000    -7777.000
          1     5658.000   -7.199    0.262   -6.771   -7.058   -7.057   -7.026   -6.972   -6.935   -6.899    0.000    -7777.000    -7777.000
          1     6023.000   -7.199    0.262   -6.781   -7.070   -7.068   -7.038   -6.985   -6.949   -6.914    0.000    -7777.000    -7777.000
          1     6388.000   -7.199    0.262   -6.792   -7.082   -7.080   -7.051   -6.999   -6.963   -6.929    0.000    -7777.000    -7777.000
          1     6753.000   -7.199    0.262   -6.799   -7.089   -7.087   -7.059   -7.008   -6.973   -6.940    0.000    -7777.000    -7777.000
          1     7118.000   -7.199    0.262   -6.803   -7.094   -7.093   -7.065   -7.015   -6.981   -6.948    0.000    -7777.000    -7777.000
