   1.0000000000000000     
  -19.600000000000001     
  -19.599977088202358     
  -19.599954176401276     
  -19.599931264593316     
  -19.599908352775046     
  -19.599885440943030     
  -19.599862529093830     
  -19.599839617224010     
  -19.599816705330134     
  -19.599793793408772     
  -19.599770881456479     
  -19.599747969469828     
  -19.599725057445379     
  -19.599702145379698     
  -19.599679233269349     
  -19.599656321110892     
  -19.599633408900903     
  -19.599610496635943     
  -19.599587584312580     
  -19.599564671927375     
  -19.599541759476899     
  -19.599518846957718     
  -19.599495934366399     
  -19.599473021699506     
  -19.599450108953608     
  -19.599427196125273     
  -19.599404283211072     
  -19.599381370207567     
  -18.071841621289188     
  -17.456554288468180     
  -16.838030171267164     
  -16.215601983906787     
  -15.902727706247957     
  -15.588695224454295     
  -15.273462356928079     
  -15.115383339164376     
  -15.020386301014609     
  -14.988695543919423     
  -14.978727338288374     
  -14.968755053395464     
  -14.958771337059082     
  -14.928751169295277     
  -14.878487818817469     
  -14.777097666480707     
  -14.674563197917349     
  -14.570893078160870     
  -14.466101983234667     
  -14.145072880662500     
  -13.926034116935845     
  -13.703296302889244     
  -13.590693009872567     
  -13.487565416714935     
  -13.417780515908269     
  -13.347218391353367     
  -13.275920166418286     
  -13.203927823543738     
  -13.096219506381566     
  -12.987644772862193     
  -12.878269427361067     
  -12.768188078501559     
  -12.657494150096017     
  -12.546279350092011     
  -12.479397088879129     
  -12.412314594495154     
  -12.345065283916080     
  -12.277674207502853     
  -12.210165580404087     
  -12.142562766237980     
  -12.074888268355894     
  -12.007163727960380     
  -11.973290933360165     
  -11.871641070891389     
  -11.803887614429961     
  -11.736162217577025     
  -11.668482373962476     
  -11.600864809024275     
  -11.533325507219763     
  -11.499591393820889     
  -11.398537655055687     
  -11.331321993553328     
  -11.264241713410200     
  -11.197309550199551     
  -11.130537684707425     
  -11.063937774247362     
  -10.997520983286368     
  -10.931298013173098     
  -10.865279130791677     
  -10.799474195995234     
  -10.733892687701804     
  -10.668543728561804     
  -10.603436108130644     
  -10.538578304502336     
  -10.473978504380238     
  -10.409644621579181     
  -10.249999995497459     
  -10.092178334043297     
  -9.9362845819236085     
  -9.7824164532641049     
  -9.6306650626854147     
  -9.4811153196455589     
  -9.3338461372214763     
  -9.1889305047134631     
  -9.0464354694397855     
  -8.9064220675953987     
  -8.7689452377148545     
  -8.6340537436258593     
  -8.5017901272151803     
  -8.3721907051589550     
  -8.2452856182089018     
  -8.1210989368089361     
  -7.9996488228112685     
  -7.8809477438815261     
  -7.7650027348012678     
  -7.6518156982356578     
  -7.4336948490412125     
  -7.2265186127083663     
  -7.0301511407830652     
  -6.8444092245534414     
  -6.6690731377288044     
  -6.5038959832295244     
  -6.3486112893805711     
  -6.2029388256311222     
  -6.0665887746964451     
  -5.9392645047906569     
  -5.8206642387120633     
  -5.7104819265832010     
  -5.6084076080209551     
  -5.5141275088130151     
  -5.4273240665109110     
  -5.3476760262689904     
  -5.2748586981285106     
  -5.2085444231689983     
  -5.1484032603099230     
  -5.0941038785932617     
  -5.0453146211839464     
  -5.0017046961980949     
  -4.9629454446028012     
  -4.9287116354996936     
  -4.8986827427972877     
  -4.8725441633930231     
  -4.8499883444860181     
  -4.8307157956761069     
  -4.7945112650385440     
  -4.7733411401184513     
  -4.7843107844886870     
  -4.8046347129483715     
  -4.8440967359430109     
  -4.8683060080919196     
  -4.8666627924878449     
  -4.8358612092965609     
  -4.7769202312302621     
  -4.6931983402893751     
  -4.5890933650405339     
  -4.4692184879142962     
  -4.3379075562602862     
  -4.1989460926867057     
  -4.0554548402710466     
  -3.9098738518970109     
  -3.7640097482431929     
  -3.6191189948681730     
  -3.3346137008636294     
  -3.0594313457363764     
  -2.7930869980919546     
  -2.5343121570752269     
  -2.2820245985649503     
  -2.0356444395726503     
  -1.7950657063500421     
  -1.5605105676904532     
  -1.2629047488109768     
 -0.71463419432847841     
 -0.50573123264933173     
 -0.48245473227064856     
 -0.48201608012913649     
 -0.48200049229943948     
 -0.48200001331444731     
 -0.48200000064333148     
