          1      183.000   -7.199    0.250   -3.885   -5.408   -6.101   -6.387   -6.650   -6.820   -6.977    0.000      268.000      268.000
          1      548.000   -7.199    0.250   -3.130   -4.472   -5.091   -5.332   -5.521   -5.642   -5.750    0.000      635.000      270.000
          1      913.000   -7.199    0.250   -2.876   -4.157   -4.753   -4.977   -5.139   -5.245   -5.333    0.000     1002.000      272.000
          1     1278.000   -7.199    0.250   -2.730   -3.980   -4.561   -4.777   -4.925   -5.023   -5.101    0.000     1369.000      274.000
          1     1643.000   -7.199    0.250   -2.635   -3.857   -4.428   -4.638   -4.773   -4.868   -4.939    0.000     1735.000      275.000
          1     2008.000   -7.199    0.250   -2.512   -3.713   -4.272   -4.477   -4.608   -4.702   -4.771    0.000     2095.000      270.000
          1     2373.000   -7.199    0.250   -2.453   -3.636   -4.188   -4.389   -4.511   -4.601   -4.662    0.000     2459.000      269.000
          1     2738.000   -7.199    0.250   -2.413   -3.590   -4.138   -4.336   -4.450   -4.537   -4.595    0.000    -7777.000    -7777.000
          1     3103.000   -7.199    0.250   -2.388   -3.558   -4.103   -4.298   -4.408   -4.493   -4.547    0.000     3195.000      275.000
          1     3468.000   -7.199    0.250   -2.325   -3.485   -4.023   -4.215   -4.327   -4.414   -4.469    0.000     3567.000      282.000
          1     3833.000   -7.199    0.250   -2.312   -3.463   -3.999   -4.190   -4.292   -4.375   -4.424    0.000    -7777.000    -7777.000
          1     4198.000   -7.199    0.250   -2.303   -3.451   -3.986   -4.177   -4.278   -4.360   -4.409    0.000     4297.000      282.000
          1     4563.000   -7.199    0.250   -2.250   -3.397   -3.927   -4.116   -4.218   -4.301   -4.350    0.000     4664.000      284.000
          1     4928.000   -7.199    0.250   -2.219   -3.359   -3.887   -4.073   -4.171   -4.252   -4.298    0.000     5030.000      285.000
          1     5293.000   -7.199    0.250   -2.189   -3.318   -3.842   -4.027   -4.124   -4.206   -4.252    0.000     5397.000      287.000
          1     5658.000   -7.199    0.250   -2.153   -3.276   -3.796   -3.980   -4.076   -4.157   -4.203    0.000     5763.000      288.000
          1     6023.000   -7.199    0.250   -2.146   -3.265   -3.783   -3.965   -4.058   -4.138   -4.181    0.000     6127.000      287.000
          1     6388.000   -7.199    0.250   -2.151   -3.269   -3.789   -3.970   -4.059   -4.137   -4.178    0.000     6492.000      287.000
          1     6753.000   -7.199    0.250   -2.154   -3.273   -3.792   -3.973   -4.061   -4.137   -4.177    0.000     6857.000      287.000
          1     7118.000   -7.199    0.250   -2.153   -3.271   -3.790   -3.971   -4.058   -4.134   -4.173    0.000     7221.000      286.000
