   1.0000000000000000     
  -19.600000000000001     
  -19.599993745850078     
  -19.599987491688893     
  -19.599981237505194     
  -19.599974983287719     
  -19.599968729025214     
  -19.599962474706420     
  -19.599956220320081     
  -19.599949965854943     
  -19.599943711299748     
  -19.599937456643239     
  -19.599931201874163     
  -19.599924946981265     
  -19.599918691953285     
  -19.599912436778968     
  -19.599906181447057     
  -19.599899925946310     
  -19.599893670265462     
  -19.599887414393269     
  -19.182815761380652     
  -18.715720851882796     
  -18.157129849105957     
  -17.479816791260884     
  -16.672444428390946     
  -15.737676840796013     
  -14.688268540412341     
  -13.542693830918644     
  -12.321421696661744     
  -11.044368012752983     
  -10.522985520964014     
  -9.9966296580077625     
  -9.4663103156609942     
  -9.2000254907506687     
  -8.9331071729035809     
  -8.6656696897485528     
  -8.5317983718299075     
  -8.4514334146122696     
  -8.4246387296578966     
  -8.4161067943977308     
  -8.4075736807756982     
  -8.3990374033986690     
  -8.3734091450071073     
  -8.3306336369166480     
  -8.2448616339692560     
  -8.1588336275867483     
  -8.0725797729388784     
  -7.9861291406643584     
  -7.7256890555323379     
  -7.5516366910631110     
  -7.3774203255891964     
  -7.2903351176483255     
  -7.2124722811133433     
  -7.1606668976319812     
  -7.1089547078003603     
  -7.0573492807676761     
  -7.0058638666587765     
  -6.9298042468942747     
  -6.8540044428649098     
  -6.7785195975058929     
  -6.7033847745453663     
  -6.6286347349249688     
  -6.5543039764985602     
  -6.5099393466211488     
  -6.4657936515104089     
  -6.4218543593225057     
  -6.3781292991117713     
  -6.3346261953161367     
  -6.2913526646785938     
  -6.2483162125588301     
  -6.2055242287355936     
  -6.1842229991130333     
  -6.1207001627839404     
  -6.0786846787106033     
  -6.0369419712071455     
  -5.9954787777897938     
  -5.9543016895475454     
  -5.9134171457985012     
  -5.8930872773805447     
  -5.8325485087831783     
  -5.7925786176704284     
  -5.7529254102448970     
  -5.7135944927350835     
  -5.6745912916904331     
  -5.6359210503981050     
  -5.5975888256801767     
  -5.5595994850887678     
  -5.5219577045122863     
  -5.4846679662018341     
  -5.4477345572230336     
  -5.4111615683349497     
  -5.3749528932944575     
  -5.3391122285814250     
  -5.3036430735372866     
  -5.2685487309071108     
  -5.1824625304090102     
  -5.0987817100439674     
  -5.0175420986051389     
  -4.9387723886139678     
  -4.8624944679955089     
  -4.7887238028315187     
  -4.7174698578526311     
  -4.6487365418149338     
  -4.5825226657867493     
  -4.5188224035414546     
  -4.4576257446148597     
  -4.3989189320560289     
  -4.3426848784061711     
  -4.2889035549218910     
  -4.2375523504695227     
  -4.1886063978208909     
  -4.1420388662527516     
  -4.0978212203763595     
  -4.0559234459924038     
  -4.0163142444785294     
  -3.9438640858384222     
  -3.8801678032439417     
  -3.8249416849300690     
  -3.7778916670376477     
  -3.7387146398018851     
  -3.7070993024101959     
  -3.6827268375752382     
  -3.6652716060275665     
  -3.6544019911765768     
  -3.6497814614253183     
  -3.6510698658550922     
  -3.6579249399088960     
  -3.6700039713408961     
  -3.6869655619314408     
  -3.7084714154335101     
  -3.7341880847115130     
  -3.7637886188111738     
  -3.7969540616939641     
  -3.8333747668318887     
  -3.8727515044207772     
  -3.9147963496535261     
  -3.9592333506763611     
  -4.0057989832080052     
  -4.0542424052440573     
  -4.1043255298741963     
  -4.1558229371932116     
  -4.2085216478320087     
  -4.2622207810367740     
  -4.3616469747683508     
  -4.5160783481885822     
  -4.7247535933907638     
  -4.8784287339605248     
  -5.1245436329664962     
  -5.3528792040912005     
  -5.5615229084786417     
  -5.7505854401891900     
  -5.9213546192914297     
  -6.0757547429879049     
  -6.2159963594114336     
  -6.3443473953299891     
  -6.4629844363811779     
  -6.5738992225305966     
  -6.6788446785254720     
  -6.7793099557265393     
  -6.8765168199667261     
  -6.9714313732929876     
  -7.1565774391079096     
  -7.3388894287872750     
  -7.5195418120100026     
  -7.6984264213947098     
  -7.8748601169645971     
  -8.0480322676266738     
  -8.2172359082708315     
  -8.3819494636503329     
  -8.6753058116257318     
  -9.3263406779214435     
  -9.8621237078369752     
  -10.874222757815504     
  -11.149617195726796     
  -11.283095026945510     
  -11.339678824911916     
  -11.354873490521131     
