          1      183.000   -7.199    0.241   -2.513   -3.780   -4.102   -4.300   -4.454   -4.592   -4.679    0.000      289.000      289.000
          1      548.000   -7.199    0.241   -2.200   -3.385   -3.692   -3.863   -3.983   -4.099   -4.169    0.000      664.000      299.000
          1      913.000   -7.199    0.241   -2.046   -3.193   -3.491   -3.651   -3.760   -3.868   -3.936    0.000     1035.000      305.000
          1     1278.000   -7.199    0.241   -1.959   -3.088   -3.379   -3.533   -3.635   -3.739   -3.803    0.000     1405.000      310.000
          1     1643.000   -7.199    0.241   -1.914   -3.031   -3.319   -3.468   -3.564   -3.665   -3.726    0.000     1772.000      312.000
          1     2008.000   -7.199    0.241   -1.895   -3.009   -3.295   -3.441   -3.532   -3.629   -3.687    0.000     2137.000      312.000
          1     2373.000   -7.199    0.241   -1.897   -3.010   -3.298   -3.443   -3.530   -3.625   -3.681    0.000     2501.000      311.000
          1     2738.000   -7.199    0.241   -1.895   -3.006   -3.293   -3.437   -3.524   -3.618   -3.674    0.000     2867.000      312.000
          1     3103.000   -7.199    0.241   -1.882   -2.991   -3.277   -3.420   -3.505   -3.598   -3.653    0.000     3232.000      312.000
          1     3468.000   -7.199    0.241   -1.843   -2.942   -3.225   -3.368   -3.455   -3.550   -3.608    0.000     3602.000      317.000
          1     3833.000   -7.199    0.241   -1.809   -2.903   -3.182   -3.323   -3.407   -3.499   -3.555    0.000     3969.000      319.000
          1     4198.000   -7.199    0.241   -1.796   -2.887   -3.166   -3.306   -3.388   -3.479   -3.534    0.000     4334.000      319.000
          1     4563.000   -7.199    0.241   -1.817   -2.913   -3.195   -3.332   -3.408   -3.496   -3.546    0.000     4696.000      316.000
          1     4928.000   -7.199    0.241   -1.807   -2.900   -3.179   -3.319   -3.401   -3.493   -3.547    0.000     5065.000      320.000
          1     5293.000   -7.199    0.241   -1.789   -2.877   -3.156   -3.294   -3.371   -3.459   -3.511    0.000     5429.000      319.000
          1     5658.000   -7.199    0.241   -1.817   -2.912   -3.194   -3.330   -3.404   -3.490   -3.539    0.000     5790.000      315.000
          1     6023.000   -7.199    0.241   -1.810   -2.902   -3.183   -3.321   -3.399   -3.488   -3.540    0.000     6159.000      319.000
          1     6388.000   -7.199    0.241   -1.805   -2.897   -3.180   -3.315   -3.389   -3.474   -3.524    0.000     6521.000      316.000
          1     6753.000   -7.199    0.241   -1.829   -2.925   -3.208   -3.343   -3.417   -3.502   -3.551    0.000     6885.000      315.000
          1     7118.000   -7.199    0.241   -1.818   -2.910   -3.192   -3.328   -3.405   -3.493   -3.543    0.000     7253.000      318.000
          1     7483.000   -7.199    0.241   -1.805   -2.897   -3.178   -3.313   -3.388   -3.473   -3.523    0.000     7617.000      317.000
          1     7848.000   -7.199    0.241   -1.768   -2.850   -3.127   -3.264   -3.343   -3.433   -3.487    0.000     7987.000      322.000
          1     8213.000   -7.199    0.241   -1.730   -2.806   -3.082   -3.216   -3.292   -3.380   -3.431    0.000     8352.000      322.000
          1     8578.000   -7.199    0.241   -1.765   -2.849   -3.128   -3.260   -3.331   -3.414   -3.462    0.000     8712.000      317.000
          1     8943.000   -7.199    0.241   -1.760   -2.840   -3.118   -3.253   -3.331   -3.420   -3.473    0.000     9082.000      322.000
          1     9308.000   -7.199    0.241   -1.750   -2.829   -3.106   -3.239   -3.311   -3.396   -3.445    0.000     9445.000      320.000
          1     9673.000   -7.199    0.241   -1.744   -2.822   -3.098   -3.233   -3.310   -3.397   -3.449    0.000     9813.000      323.000
          1    10038.000   -7.199    0.241   -1.741   -2.820   -3.097   -3.229   -3.301   -3.385   -3.433    0.000    10176.000      321.000
          1    10403.000   -7.199    0.241   -1.786   -2.874   -3.154   -3.286   -3.357   -3.439   -3.486    0.000    10536.000      316.000
          1    10768.000   -7.199    0.241   -1.769   -2.851   -3.128   -3.263   -3.340   -3.428   -3.479    0.000    10907.000      322.000
          1    11133.000   -7.199    0.241   -1.725   -2.797   -3.072   -3.205   -3.281   -3.368   -3.420    0.000    11273.000      323.000
          1    11498.000   -7.199    0.241   -1.711   -2.782   -3.056   -3.189   -3.263   -3.349   -3.400    0.000    11638.000      323.000
          1    11863.000   -7.199    0.241   -1.706   -2.776   -3.049   -3.182   -3.256   -3.342   -3.393    0.000    12004.000      324.000
          1    12228.000   -7.199    0.241   -1.732   -2.808   -3.085   -3.216   -3.285   -3.368   -3.416    0.000    12365.000      320.000
          1    12593.000   -7.199    0.241   -1.782   -2.867   -3.147   -3.279   -3.348   -3.430   -3.477    0.000    12726.000      316.000
          1    12958.000   -7.199    0.241   -1.774   -2.855   -3.134   -3.267   -3.341   -3.428   -3.478    0.000    13097.000      322.000
          1    13323.000   -7.199    0.241   -1.738   -2.813   -3.088   -3.222   -3.296   -3.382   -3.432    0.000    13463.000      323.000
          1    13688.000   -7.199    0.241   -1.716   -2.789   -3.063   -3.196   -3.270   -3.355   -3.406    0.000    13829.000      324.000
          1    14053.000   -7.199    0.241   -1.718   -2.789   -3.063   -3.194   -3.265   -3.350   -3.399    0.000    14193.000      323.000
          1    14418.000   -7.199    0.241   -1.754   -2.834   -3.113   -3.244   -3.313   -3.395   -3.441    0.000    14553.000      318.000
