   1.0000000000000000     
  -19.600000000000001     
  -19.599984640254355     
  -19.599969280501369     
  -19.599953920733704     
  -19.599938560944015     
  -19.599923201124962     
  -19.599907841269214     
  -19.599892481369423     
  -19.599877121418253     
  -19.599861761408363     
  -19.599846401332417     
  -19.599831041183073     
  -19.599815680953000     
  -19.599800320634856     
  -19.599784960221296     
  -19.599769599704985     
  -19.599754239078589     
  -19.599738878334772     
  -19.599723517466199     
  -19.599708156465528     
  -19.599692795325431     
  -18.575607004636140     
  -17.518911662998420     
  -16.403718684281898     
  -15.214974014283042     
  -13.949040275433276     
  -12.611527342743869     
  -11.213931640637686     
  -9.7704605019999704     
  -9.1843393443910699     
  -8.5941393004117543     
  -8.0007500887215475     
  -7.7031843855633273     
  -7.4051440799761403     
  -7.1067339269932468     
  -6.9574289569873979     
  -6.8678201634822500     
  -6.8379468764564919     
  -6.8283844325804210     
  -6.8188210851598043     
  -6.8092556473619048     
  -6.7805459001873585     
  -6.7326552076318293     
  -6.6367288034554965     
  -6.5406521646871445     
  -6.4444552379642612     
  -6.3481672051873854     
  -6.0587969586852983     
  -5.8660198312114300     
  -5.8088700595628797     
  -5.7803473964844923     
  -5.6949841380552098     
  -5.6382777271031284     
  -5.5817468534253143     
  -5.4983072573801053     
  -5.4152599264493713     
  -5.3326872092802757     
  -5.2506331742846362     
  -5.1691416805278667     
  -5.0882564722363535     
  -5.0400354608750462     
  -4.9921040235476273     
  -4.9444335727161093     
  -4.8970325455705712     
  -4.8499092805824251     
  -4.8030720157987918     
  -4.7565288862041264     
  -4.7102879202549719     
  -4.6643570356927455     
  -4.6187440347377144     
  -4.5960601843879054     
  -4.5284993504506659     
  -4.4838855568366816     
  -4.4396195901098290     
  -4.3957085879246929     
  -4.3521595359319525     
  -4.3089792612375186     
  -4.2875304505391414     
  -4.2237489347682464     
  -4.1817142476797455     
  -4.1400739353786813     
  -4.0988339386373234     
  -4.0580000038645689     
  -4.0175776781675543     
  -3.9775723048052809     
  -3.9379890190591649     
  -3.8988327445405404     
  -3.8601081899505343     
  -3.8218198463033639     
  -3.7839719846199609     
  -3.7465686540949994     
  -3.7096136807367941     
  -3.6731106664762470     
  -3.6370629887379824     
  -3.5489442473532709     
  -3.4637344364460851     
  -3.3814680508046702     
  -3.3021711624885404     
  -3.2258617137618670     
  -3.1525498764032687     
  -3.0822384629357744     
  -3.0149233755378937     
  -2.9505940791214500     
  -2.8892340861774688     
  -2.8308214423885238     
  -2.7753292035851129     
  -2.7227258962963967     
  -2.6729759558359731     
  -2.6260401375072520     
  -2.5818758980587635     
  -2.5404377459271141     
  -2.5016775600449712     
  -2.4655448780440761     
  -2.4319871555385442     
  -2.3724366347793686     
  -2.3225136081969806     
  -2.2817423948332567     
  -2.2496315542246310     
  -2.2256781075726053     
  -2.2093715064722761     
  -2.2001975311495228     
  -2.1976421954191796     
  -2.2011956477601777     
  -2.2103559959497407     
  -2.2246329491162884     
  -2.2435511632544434     
  -2.2666531883585677     
  -2.2935019402348540     
  -2.3236826508779438     
  -2.3568042824594277     
  -2.3925004176039142     
  -2.4304296605588744     
  -2.4702755993437031     
  -2.5117463882420528     
  -2.5545740139328768     
  -2.5985133082656375     
  -2.6433407673377101     
  -2.6888532311856319     
  -2.7348664719379112     
  -2.7812137313801308     
  -2.8277442420498349     
  -2.8743217595450030     
  -2.9581979668626954     
  -3.0812758893434937     
  -3.2363650493732434     
  -3.3439574933952048     
  -3.5054366048001202     
  -3.6443907798457071     
  -3.7621233684588282     
  -3.8606920738937189     
  -3.9425085797935391     
  -4.0101026705806033     
  -4.0659683293542033     
  -4.1124574279750519     
  -4.1517068840755824     
  -4.1855928414755974     
  -4.2157078101502083     
  -4.2433570818828459     
  -4.2695705588236539     
  -4.2951259827455077     
  -4.3459307976302748     
  -4.3985394619453304     
  -4.4533194440728492     
  -4.5097303033350276     
  -4.5669531731918998     
  -4.6242351952781124     
  -4.6810246052041586     
  -4.7369804399505337     
  -4.8381347415315341     
  -5.0725260922684079     
  -5.2814209432676806     
  -5.8001967068273892     
  -5.9895779008678458     
  -6.1092878401455284     
  -6.1741956709919004     
  -6.1946109005343652     
