          1      183.000   -7.199    0.240   -2.434   -3.722   -4.047   -4.246   -4.402   -4.542   -4.630    0.000      289.000      289.000
          1      548.000   -7.199    0.240   -2.125   -3.324   -3.634   -3.805   -3.929   -4.048   -4.122    0.000      665.000      300.000
          1      913.000   -7.199    0.240   -1.976   -3.141   -3.440   -3.600   -3.710   -3.821   -3.891    0.000     1037.000      307.000
          1     1278.000   -7.199    0.240   -1.913   -3.067   -3.361   -3.515   -3.614   -3.718   -3.783    0.000     1402.000      307.000
          1     1643.000   -7.199    0.240   -1.897   -3.048   -3.341   -3.491   -3.584   -3.683   -3.743    0.000     1767.000      307.000
          1     2008.000   -7.199    0.240   -1.849   -2.988   -3.278   -3.427   -3.522   -3.623   -3.686    0.000     2137.000      312.000
          1     2373.000   -7.199    0.240   -1.840   -2.975   -3.265   -3.410   -3.496   -3.591   -3.648    0.000     2499.000      309.000
          1     2738.000   -7.199    0.240   -1.838   -2.973   -3.262   -3.406   -3.493   -3.589   -3.648    0.000     2865.000      310.000
          1     3103.000   -7.199    0.240   -1.788   -2.910   -3.194   -3.338   -3.427   -3.524   -3.583    0.000     3236.000      316.000
          1     3468.000   -7.199    0.240   -1.786   -2.910   -3.196   -3.336   -3.416   -3.506   -3.560    0.000     3597.000      312.000
