   1.0000000000000000     
  -19.600000000000001     
  -19.599985209716472     
  -19.599970419425585     
  -19.599955629119979     
  -19.599940838792300     
  -19.599926048435186     
  -19.599911258041278     
  -19.599896467603223     
  -19.599881677113668     
  -19.599866886565252     
  -19.599852095950617     
  -19.599837305262405     
  -19.599822514493265     
  -19.599807723635838     
  -19.599792932682767     
  -19.599778141626697     
  -19.599763350460268     
  -19.599748559176128     
  -19.599733767766921     
  -19.599718976225294     
  -19.599704184543892     
  -18.613582282598387     
  -17.594769803180188     
  -16.517299822452028     
  -15.366043597634594     
  -14.137294851260943     
  -12.836601502077816     
  -11.475405531570644     
  -10.067867278634138     
  -9.4959772953138319     
  -8.9199249695167211     
  -8.3405978235190510     
  -8.0500302522957980     
  -7.7589658934529053     
  -7.4675092564082028     
  -7.3216725426536913     
  -7.2341419681360968     
  -7.2049609635684684     
  -7.1956328850729818     
  -7.1863038719954888     
  -7.1769725999413954     
  -7.1489644620552717     
  -7.1022399292078218     
  -7.0086340416300343     
  -6.9148603112644649     
  -6.8209482596550943     
  -6.7269266421460072     
  -6.4442583783021457     
  -6.2558431856606518     
  -6.1998865768195035     
  -6.1719499856970224     
  -6.0883061917290817     
  -6.0327132504234697     
  -5.9772695796914785     
  -5.8953974345362594     
  -5.8138584180263049     
  -5.7327244623814657     
  -5.6520370258655355     
  -5.5718372837046388     
  -5.4921662167058560     
  -5.4446388562296031     
  -5.3973721040471574     
  -5.3503439816696634     
  -5.3035628702322137     
  -5.2570370525974539     
  -5.2107747119903385     
  -5.1647839297049289     
  -5.1190726819870722     
  -5.0736488361960772     
  -5.0285201463467848     
  -5.0060698519088760     
  -4.9391758390519147     
  -4.8949779123684474     
  -4.8511049205793126     
  -4.8075639691054031     
  -4.7643620155347444     
  -4.7215058633877049     
  -4.7002104344170155     
  -4.6368548844435438     
  -4.5950753014145320     
  -4.5536670734215008     
  -4.5126361442604903     
  -4.4719882694544815     
  -4.4317290115432204     
  -4.3918637357529082     
  -4.3523976060706167     
  -4.3133355817435151     
  -4.2746824142183826     
  -4.2364426445325947     
  -4.1986206011636531     
  -4.1612203983405402     
  -4.1242459348166296     
  -4.0877008931005951     
  -4.0515887391387455     
  -3.9632114504614750     
  -3.8776050981882486     
  -3.7948062375748668     
  -3.7148433313885043     
  -3.6377370457491702     
  -3.5635006106726848     
  -3.4921402310834102     
  -3.4236555342557060     
  -3.3580400403327615     
  -3.2952816436447714     
  -3.2353630938974840     
  -3.1782624678292990     
  -3.1239536235541800     
  -3.0724066314451388     
  -3.0235881770076958     
  -2.9774619326957916     
  -2.9339888969967323     
  -2.8931277003302878     
  -2.8548348783528867     
  -2.8190651141224028     
  -2.7549558192545747     
  -2.7003580702400498     
  -2.6548601384594201     
  -2.6180356860893599     
  -2.5894468420332784     
  -2.5686469264676850     
  -2.5551830696557802     
  -2.5485988757591773     
  -2.5484371946144537     
  -2.5542429931154897     
  -2.5655662675994968     
  -2.5819649100958140     
  -2.6030074320736878     
  -2.6282754552173158     
  -2.6573658948581245     
  -2.6898927832914437     
  -2.7254887033495852     
  -2.7638058243892689     
  -2.8045165514400168     
  -2.8473138127471662     
  -2.8919110211428412     
  -2.9380417508923689     
  -2.9854591744747623     
  -3.0339353038653476     
  -3.0832600790030043     
  -3.1332403428860895     
  -3.1836987386922706     
  -3.2344725598891051     
  -3.3266703132930231     
  -3.4643006112768595     
  -3.6415571678506358     
  -3.7669434840440781     
  -3.9593477054630242     
  -4.1295255363219967     
  -4.2780307437015281     
  -4.4064924871813336     
  -4.5170776735911069     
  -4.6121775094407500     
  -4.6942118816479157     
  -4.7655009397191685     
  -4.8281800485934410     
  -4.8841463809871382     
  -4.9350304537270322     
  -4.9821877650353157     
  -5.0267062702849303     
  -5.0694256422078565     
  -5.1513223922406679     
  -5.2311777292714625     
  -5.3097302752546316     
  -5.3866987046717103     
  -5.4614295121933747     
  -5.5332742479341182     
  -5.6017575847292740     
  -5.6666120920339678     
  -5.7766267916818155     
  -5.9910865233703712     
  -6.1379408588372746     
  -6.2698650164178513     
  -6.2875925216429724     
  -6.2918961584686626     
  -6.2927965278581315     
  -6.2929360491821322     
