          1        1.000 -11.899452050000   0.430000000000  -3.071115231788  -2.042000000000  -1.424000000000  -1.029000000000  -0.345000000000   0.000000000000   0.000000000000
          1        2.000  -9.998904110000   0.430000000000  -2.742445880676  -1.934613538429  -1.392631614881  -1.038308185303  -0.400335222446  -0.000062724945  -0.000000119556
          1        3.000  -9.098356164000   0.430000000000  -2.742485922105  -1.912506270473  -1.372399846617  -1.029356922369  -0.412668606542  -0.003469000225  -0.000000392283
          1        4.000  -6.497808219000   0.430000000000  -2.653745080648  -1.882385402876  -1.360501358248  -1.025811751273  -0.424889234235  -0.067576180405  -0.000000544504
          1        5.000 -10.197260270000   0.410000000000  -2.509856558954  -1.808426662055  -1.328662199698  -1.015403135963  -0.446406809409  -0.089454972291  -0.000000582913
          1        6.000 -12.596712330000   0.410000000000  -2.597819825981  -1.799631269269  -1.310906789407  -1.005750117583  -0.455733621929  -0.085989601355  -0.000000639794
          1        7.000 -13.896164380000   0.410000000000  -2.845145526919  -1.897104903525  -1.346098575381  -1.017999948160  -0.464628877719  -0.120585655725  -0.000000655664
          1        8.000 -14.395616440000   0.410000000000  -3.117760656962  -2.048513626917  -1.424609393492  -1.058251038445  -0.478652734976  -0.128040451469  -0.000000673237
          1        9.000  -1.295068493000   0.410000000000  -3.147798331089  -2.156823610182  -1.509086674722  -1.114672189496  -0.494577862582  -0.135712437377  -0.000000689771
          1       10.000  -1.794520548000   0.410000000000  -2.531432594043  -1.968656250127  -1.474444034097  -1.130672134913  -0.522165126302  -0.168612771381  -0.000000694763
          1       11.000 -11.393972600000   0.410000000000  -2.137598687102  -1.703530343533  -1.345080491021  -1.081656697715  -0.542912022075  -0.178513113740  -0.000000714459
          1       12.000 -23.493424660000   0.410000000000  -2.519019225788  -1.705408615016  -1.289771370999  -1.037377241124  -0.545388664311  -0.193571199982  -0.000000719179
          1       13.000 -23.792876710000   0.410000000000  -3.535441948051  -2.123196214810  -1.436894761771  -1.079021511527  -0.548159960468  -0.212843000819  -0.000000722157
          1       14.000 -28.492328770000   0.380000000000  -4.607119703040  -2.735768648428  -1.761314327573  -1.239896185451  -0.564842661003  -0.215995500963  -0.000000733655
          1       15.000 -26.891780820000   0.410000000000  -5.728236040184  -3.470760444097  -2.210194155832  -1.508263876251  -0.621788579615  -0.243795334686  -0.000000734342
          1       16.000 -27.391232880000   0.410000000000  -6.221671616458  -3.969568019592  -2.619242240513  -1.822670401081  -0.748184667614  -0.297033918970  -0.000000741591
          1       17.000 -21.990684930000   0.430000000000  -6.429779475665  -4.261931120954  -2.919583128367  -2.104097323136  -0.924353816995  -0.370414877825  -0.000000749517
          1       18.000 -17.890136990000   0.430000000000  -6.256382443138  -4.341652491946  -3.101641405889  -2.322652270508  -1.116892197474  -0.489145730600  -0.000001142421
          1       19.000 -18.589589040000   0.480000000000  -5.890900122751  -4.243645658822  -3.150692304741  -2.445313717217  -1.278652801132  -0.599221457460  -0.000032185965
          1       20.000 -13.289041100000   0.480000000000  -5.565939680680  -4.106907433722  -3.129436476405  -2.489079784266  -1.373687504853  -0.663924209943  -0.058791109595
          1       21.000 -11.288493150000   0.500000000000  -5.126362438324  -3.901529311006  -3.048356338335  -2.475171792567  -1.438674177340  -0.760733682835  -0.150947280788
          1       22.000 -20.887945210000   0.480000000000  -4.765725055567  -3.668155196304  -2.920544909556  -2.414183080416  -1.464217991030  -0.813364967646  -0.226859424550
          1       23.000 -22.987397260000   0.480000000000  -4.929488935550  -3.651575463005  -2.869997115371  -2.369688204726  -1.465086690602  -0.842720264696  -0.281554221980
          1       24.000 -25.986849320000   0.460000000000  -5.339238651626  -3.841151238479  -2.953010336587  -2.405932146307  -1.479983213159  -0.870391194086  -0.313745451019
          1       25.000 -30.086301370000   0.430000000000  -5.918528050689  -4.150816126331  -3.130939627202  -2.517090717836  -1.530270686564  -0.917879769726  -0.365678983144
          1       26.000 -29.485753420000   0.410000000000  -6.732022345617  -4.642099490189  -3.436796420098  -2.722373452120  -1.625833676845  -0.984239924098  -0.427960065784
          1       27.000 -25.785205480000   0.410000000000  -7.268917275200  -5.091715463500  -3.784598969431  -2.995065675325  -1.780716986435  -1.084406861315  -0.489341360523
          1       28.000 -23.584657530000   0.480000000000  -7.386251567208  -5.329028200178  -4.042648807308  -3.242399583140  -1.967437632155  -1.220378424438  -0.578870579013
          1       29.000 -20.384109590000   0.460000000000  -7.219512566739  -5.367793292691  -4.172607366745  -3.408440781417  -2.137255016662  -1.361148904895  -0.689922134826
          1       30.000 -20.783561640000   0.460000000000  -6.932722349831  -5.279938554400  -4.194876775178  -3.486523725613  -2.260435892142  -1.476922871126  -0.787968092049
          1       31.000  -8.483013699000   0.430000000000  -6.580298702099  -5.136635422960  -4.154272822512  -3.500692054787  -2.335294601661  -1.564275287909  -0.872207081411
          1       32.000  -9.782465753000   0.410000000000  -5.759170605261  -4.741373420473  -3.968758494444  -3.419038304564  -2.360966690851  -1.621337867732  -0.940059942156
          1       33.000  -8.381917808000   0.410000000000  -5.116186808461  -4.307952638635  -3.690925025421  -3.239761191075  -2.318042642513  -1.634923773972  -0.988407646804
          1       34.000  -6.081369863000   0.410000000000  -4.607190804939  -3.945835123097  -3.428722677901  -3.044739884018  -2.233339847888  -1.610106067171  -1.010694979467
          1       35.000 -15.380821920000   0.410000000000  -4.271358160932  -3.640498035109  -3.186562487095  -2.852636974101  -2.132610893761  -1.564643099931  -1.012231329596
          1       36.000 -25.880273970000   0.410000000000  -4.674481094696  -3.661594635739  -3.093958930698  -2.732611448073  -2.039196923547  -1.512201350247  -0.998668415093
          1       37.000 -22.179726030000   0.410000000000  -5.580360446992  -4.084962427388  -3.264337880585  -2.784194011466  -2.004150845300  -1.483276258957  -0.990671564662
          1       38.000 -25.779178080000   0.410000000000  -6.173346262289  -4.504774836399  -3.536106784600  -2.958932104847  -2.056137232898  -1.504293775463  -1.007682848893
          1       39.000 -27.878630140000   0.410000000000  -6.744060169108  -4.895166691568  -3.816451896931  -3.170787499820  -2.168409931374  -1.573305401563  -1.050836909172
          1       40.000 -24.778082190000   0.410000000000  -7.255672756113  -5.293399222771  -4.124120674294  -3.417998524003  -2.321718091104  -1.680155385054  -1.127477339916
          1       41.000 -24.477534250000   0.410000000000  -7.473282325103  -5.559451375408  -4.383281327224  -3.656624360114  -2.499205688817  -1.812000561950  -1.222353857997
          1       42.000 -23.576986300000   0.410000000000  -7.576364120361  -5.723389459543  -4.571048152828  -3.848943233068  -2.670767864629  -1.954469994895  -1.335437511238
          1       43.000 -33.076438360000   0.410000000000  -7.788115383073  -5.883392105799  -4.729228166902  -4.008289794301  -2.820535411371  -2.082717210080  -1.434897116539
          1       44.000 -35.775890410000   0.410000000000  -8.542265972357  -6.306836067018  -5.007938733870  -4.221189026518  -2.967024088016  -2.197316959447  -1.518915621753
          1       45.000 -33.475342470000   0.410000000000  -9.332912843106  -6.870850297753  -5.418621072916  -4.540185339813  -3.163744631180  -2.341137392920  -1.633564941818
          1       46.000 -29.774794520000   0.460000000000  -9.735766066042  -7.295384507371  -5.804477976484  -4.883986132332  -3.419719417848  -2.547006432714  -1.805621866858
          1       47.000 -26.074246580000   0.460000000000  -9.683727483257  -7.461164822721  -6.049826944374  -5.152361487968  -3.670367587308  -2.758787410754  -1.971439544318
          1       48.000 -10.573698630000   0.460000000000  -9.260465111236  -7.379883304453  -6.120633763172  -5.290488996151  -3.852553530766  -2.926966665843  -2.106442983962
          1       49.000  -4.673150685000   0.410000000000  -8.068930467221  -6.856886328415  -5.908364089932  -5.225806352117  -3.929755171065  -3.042935102809  -2.241680767160
          1       50.000   0.527397260000   0.000000000000  -0.378694735782  -5.098617168904  -5.132671258339  -4.820778248402  -3.851889986761  -3.070087375947  -2.320840634384
          1       51.000  -1.372054795000   0.410000000000  -2.922207845001  -3.460090057089  -3.712492582018  -3.747593570652  -3.379810876493  -2.848335163206  -2.235009313897
          1       52.000  -8.071506849000   0.410000000000  -3.053408936024  -3.201861439735  -3.261474519466  -3.235456825061  -2.931044109071  -2.519621888555  -2.033272825515
          1       53.000 -12.470958900000   0.410000000000  -3.429940681360  -3.178803741008  -3.058158258163  -2.958318899527  -2.632983292508  -2.272904733922  -1.860670457495
          1       54.000 -13.970410960000   0.410000000000  -3.956765568109  -3.351968332980  -3.039535620791  -2.846480409825  -2.448259726172  -2.096556764839  -1.714042522111
          1       55.000 -10.469863010000   0.410000000000  -4.343978039416  -3.563259294889  -3.114084721218  -2.840069798449  -2.350707461265  -1.981530013870  -1.603451945848
          1       56.000  -1.969315068000   0.410000000000  -4.259789247598  -3.602154504018  -3.148651544927  -2.850691751557  -2.308118325000  -1.920138441233  -1.541970767152
          1       57.000  -6.468767123000   0.410000000000  -3.746342577038  -3.361934209191  -3.031785417004  -2.784586778957  -2.273016323768  -1.888732148477  -1.517455841611
          1       58.000  -0.968219178000   0.410000000000  -3.433788062729  -3.127822175708  -2.864441189611  -2.661538182792  -2.210409764913  -1.849476747206  -1.493443012208
          1       59.000  -1.667671233000   0.480000000000  -3.006325667650  -2.865048820177  -2.682816835727  -2.523499884013  -2.129277753779  -1.794195262617  -1.456472893778
          1       60.000  -5.967123288000   0.380000000000  -2.734767605643  -2.620333058236  -2.489873268243  -2.368099708286  -2.032006769917  -1.724699017089  -1.407275726483
          1       61.000 -21.566575340000   0.410000000000  -3.164804435511  -2.634549321927  -2.399726000199  -2.254204207871  -1.932306432893  -1.647253551047  -1.350547865731
          1       62.000  -8.166027397000   0.410000000000  -4.022300909415  -3.052261590767  -2.558963447620  -2.291093109265  -1.875910071138  -1.588314592544  -1.303900013078
          1       63.000  -1.965479452000   0.410000000000  -3.916107086620  -3.196096356642  -2.702121435486  -2.392629085198  -1.890737085890  -1.576094272854  -1.284913517720
          1       64.000 -14.764931510000   0.410000000000  -3.514580707812  -3.009789672302  -2.644237257535  -2.390446025961  -1.913549849463  -1.588375248181  -1.288044122133
          1       65.000 -20.564383560000   0.410000000000  -3.931831521061  -3.086252323701  -2.639288405547  -2.372002406218  -1.908990626626  -1.590237420882  -1.291013667266
          1       66.000 -13.163835620000   0.410000000000  -4.604727454472  -3.456192463603  -2.825843523392  -2.467340556034  -1.925896903053  -1.594762357467  -1.291711427794
          1       67.000  -5.963287671000   0.410000000000  -4.618061430018  -3.632920520005  -2.996913079889  -2.605477633377  -1.990892308414  -1.627716715081  -1.306352620582
          1       68.000 -20.762739730000   0.410000000000  -4.368473854357  -3.539978940628  -3.004239790196  -2.656073335694  -2.055379719217  -1.675135336536  -1.336674675282
          1       69.000 -25.762191780000   0.410000000000  -5.001995332964  -3.762591984979  -3.098533494809  -2.711452772848  -2.097019473998  -1.713477068444  -1.369768300159
          1       70.000 -25.761643840000   0.410000000000  -5.936317451838  -4.303311084176  -3.413249188786  -2.909299840703  -2.179515619748  -1.767431623599  -1.410870495881
          1       71.000 -28.861095890000   0.410000000000  -6.699761329281  -4.854731683746  -3.809957761895  -3.206772613370  -2.337997406176  -1.869319428295  -1.479370247786
          1       72.000 -32.060547950000   0.410000000000  -7.458915161265  -5.406417754060  -4.233543532713  -3.549756769215  -2.555298936855  -2.020180573074  -1.583146758663
          1       73.000 -33.260000000000   0.410000000000  -8.252496158796  -6.000419370297  -4.701337942580  -3.938465235081  -2.818872325224  -2.212129584315  -1.720258613580
          1       74.000 -29.959452050000   0.410000000000  -8.894355974048  -6.560598275924  -5.179989082711  -4.355819102130  -3.121592387441  -2.440751994267  -1.888746147467
          1       75.000 -22.458904110000   0.410000000000  -9.084437179385  -6.911448808130  -5.563301662760  -4.732043646641  -3.434320571505  -2.691517754616  -2.082089377396
          1       76.000 -13.058356160000   0.410000000000  -8.640273190236  -6.893353081017  -5.724064758656  -4.964761744790  -3.697893014874  -2.929246604247  -2.282184517305
          1       77.000  -8.157808219000   0.410000000000  -7.682326327531  -6.489034532741  -5.601711719768  -4.982116747879  -3.850067043624  -3.108425733396  -2.459604510625
          1       78.000 -13.957260270000   0.410000000000  -6.784516322511  -5.942138841221  -5.294635433270  -4.817144769121  -3.868175123873  -3.195304498406  -2.578862800759
          1       79.000 -17.256712330000   0.410000000000  -6.534970939992  -5.643798401086  -5.046815017281  -4.627768651566  -3.802569775991  -3.199085682370  -2.627572541062
          1       80.000 -17.856164380000   0.380000000000  -6.713986831758  -5.630396440545  -4.967798609544  -4.534331054828  -3.737660657033  -3.170445122898  -2.630472283342
          1       81.000 -19.855616440000   0.410000000000  -7.038691438881  -5.780948925658  -5.024002695014  -4.545819059320  -3.716618309399  -3.152794871445  -2.624284256287
          1       82.000 -20.555068490000   0.410000000000  -7.265906813978  -5.937599764880  -5.126150942366  -4.614024273049  -3.742236371138  -3.166919594913  -2.638457661975
          1       83.000 -17.354520550000   0.430000000000  -7.394778631506  -6.058570979008  -5.225406930068  -4.695804167009  -3.795049139874  -3.207183761609  -2.673028574613
          1       84.000 -18.053972600000   0.410000000000  -7.326653554945  -6.075121035588  -5.273968702537  -4.754304813800  -3.851575428502  -3.256406998821  -2.715115711477
          1       85.000 -10.353424660000   0.430000000000  -7.157578043011  -6.025124613243  -5.272341017553  -4.774439697606  -3.890081944842  -3.296703895785  -2.752513811610
          1       86.000 -19.452876710000   0.410000000000  -6.780783402038  -5.820840872281  -5.170961752127  -4.725828549690  -3.895709807938  -3.318110908097  -2.780706372767
          1       87.000 -18.052328770000   0.410000000000  -6.919087143065  -5.806347107201  -5.120595452165  -4.674925319776  -3.873449895595  -3.317912517362  -2.797611894912
          1       88.000 -18.451780820000   0.430000000000  -7.073938079105  -5.893159117966  -5.161702388001  -4.692808079440  -3.874686000797  -3.322712067408  -2.810573350134
          1       89.000 -18.151232880000   0.430000000000  -7.175323118993  -5.967999263249  -5.215740942323  -4.733630193346  -3.898371632627  -3.341274159854  -2.827877449753
          1       90.000 -17.150684930000   0.430000000000  -7.215248075380  -6.017973662560  -5.262929104146  -4.776234443429  -3.930389565784  -3.366973968915  -2.848931761574
          1       91.000 -17.050136990000   0.430000000000  -7.184251610333  -6.025111843029  -5.285833796337  -4.804893590736  -3.960334350426  -3.394666873276  -2.874702040676
          1       92.000 -19.449589040000   0.430000000000  -7.190114550469  -6.027337314811  -5.295501630046  -4.820375276535  -3.984083999081  -3.421940084175  -2.904843773583
          1       93.000 -15.449041100000   0.430000000000  -7.269604498359  -6.080715001546  -5.332085940320  -4.849649837225  -4.009855055616  -3.449315620293  -2.934506960875
          1       94.000 -16.048493150000   0.460000000000  -7.142558020625  -6.050891780718  -5.339005835949  -4.870190145420  -4.038146030894  -3.478202286042  -2.963005638203
          1       95.000 -20.547945210000   0.460000000000  -7.039219815532  -5.983441216073  -5.304667491153  -4.856070047398  -4.048855725792  -3.497044544929  -2.984977346980
          1       96.000 -21.547397260000   0.460000000000  -7.177764626929  -6.021971902565  -5.311688264124  -4.854854548738  -4.051649828998  -3.506724736210  -3.000774106516
          1       97.000 -17.746849320000   0.460000000000  -7.365581636893  -6.138731795838  -5.382034944718  -4.900804608941  -4.074284087935  -3.525659593256  -3.021448714500
          1       98.000 -16.546301370000   0.500000000000  -7.339409127354  -6.177868561214  -5.434323106985  -4.952380518226  -4.114521838553  -3.559193359801  -3.051557644734
          1       99.000 -10.545753420000   0.500000000000  -7.148533641666  -6.113353588924  -5.423560110719  -4.964982243179  -4.145103553069  -3.591871294875  -3.083080570470
          1      100.000 -12.545205480000   0.500000000000  -6.739829771052  -5.907797177443  -5.320125267468  -4.911944869978  -4.143839405041  -3.606350169076  -3.104097672356
          1      101.000 -11.244657530000   0.500000000000  -6.426448437634  -5.685774451116  -5.168299094840  -4.804931501836  -4.100744657120  -3.591574930529  -3.106832108160
          1      102.000 -10.144109590000   0.500000000000  -6.166108500530  -5.494452387067  -5.022424667055  -4.689304707930  -4.035819537192  -3.555648214718  -3.093237887601
          1      103.000 -11.743561640000   0.500000000000  -5.925677423064  -5.308772217010  -4.876502996141  -4.569915861382  -3.961156705905  -3.507788061572  -3.067145891132
          1      104.000 -11.343013700000   0.500000000000  -5.794547912671  -5.172615245535  -4.752093384436  -4.459035058263  -3.882349989170  -3.451577695544  -3.030237566238
          1      105.000 -12.442465750000   0.500000000000  -5.711603929455  -5.078136829126  -4.657554919117  -4.368771519760  -3.808976403857  -3.393543501494  -2.986891289842
          1      106.000 -15.241917810000   0.500000000000  -5.713238609277  -5.028236680637  -4.591573885010  -4.298954163617  -3.744977229304  -3.339233125124  -2.943648690420
          1      107.000 -15.441369860000   0.500000000000  -5.847992512326  -5.060241625996  -4.577381233472  -4.264905252337  -3.698298629220  -3.295467326640  -2.907338622263
          1      108.000 -14.040821920000   0.500000000000  -5.977788504233  -5.129207978822  -4.604927003006  -4.269240068268  -3.677452063801  -3.269485042389  -2.882712192097
          1      109.000 -12.740273970000   0.500000000000  -5.992001109576  -5.158133094608  -4.627279227576  -4.283136619321  -3.674778824710  -3.259635928757  -2.870018542070
          1      110.000  -2.739726027000   0.500000000000  -5.812915181035  -5.099610805989  -4.607270891797  -4.276202642332  -3.672604853029  -3.255440178821  -2.863741255374
          1      111.000   5.360821918000   0.500000000000  -5.134856115117  -4.791633779604  -4.452941987613  -4.189230065831  -3.643656967430  -3.240521523738  -2.854414094268
          1      112.000  -2.638630137000   0.500000000000  -4.210059361913  -4.244130703068  -4.117179353181  -3.965267288057  -3.545884125584  -3.186871748258  -2.825194469236
          1      113.000  -0.238082192000   0.500000000000  -3.730305922684  -3.810250433721  -3.769456901027  -3.685754194430  -3.382477311976  -3.082180458761  -2.761083047588
          1      114.000   2.462465753000   0.500000000000  -3.379263772641  -3.504718622764  -3.497757215164  -3.443513049526  -3.206469319802  -2.952028327145  -2.669663234805
          1      115.000   1.563013699000   0.500000000000  -2.974979880821  -3.194970290479  -3.240177305481  -3.218035920218  -3.035644428863  -2.816743777723  -2.566141732927
          1      116.000  -0.436438356000   0.500000000000  -2.671218000295  -2.915976593944  -2.995158635475  -2.999257738980  -2.865957400643  -2.678501592588  -2.455858782001
          1      117.000  -5.035890411000   0.500000000000  -2.563144582346  -2.730099962679  -2.798996349500  -2.808654169821  -2.703741399759  -2.540908235263  -2.342157339893
          1      118.000  -9.335342466000   0.500000000000  -2.717953072383  -2.687074753300  -2.686369265192  -2.671878366575  -2.562760984582  -2.413444623928  -2.232247862214
          1      119.000  -9.234794521000   0.500000000000  -3.057431325022  -2.791254689712  -2.676515541295  -2.609617855409  -2.458757865679  -2.308274279279  -2.135413468617
          1      120.000  -6.934246575000   0.500000000000  -3.328478692405  -2.938111951767  -2.730859691966  -2.610577921861  -2.399415735935  -2.234416261205  -2.059427111902
          1      121.000  -7.233698630000   0.500000000000  -3.409935986947  -3.015296520555  -2.776590823243  -2.629335167150  -2.373055899298  -2.189687444430  -2.006079697537
          1      122.000  -6.133150685000   0.500000000000  -3.416307361389  -3.034083383374  -2.791386894416  -2.636318844934  -2.358586202557  -2.161823482872  -1.969494446358
          1      123.000   3.267397260000   0.000000000000   1.107308269792  -2.634687287949  -2.697402456345  -2.606033455215  -2.342842198762  -2.139870261279  -1.941789617079
          1      124.000   3.467945205000   0.000000000000   3.309094315180  -1.197108468270  -1.854676575109  -2.114989954881  -2.201778364899  -2.071576559534  -1.900373845613
          1      125.000  -5.031506849000   0.000000000000  -4.926402440099  -1.176469689172  -1.483239294144  -1.742385937337  -1.952427701941  -1.906570116643  -1.795317991121
          1      126.000  -5.730958904000   0.000000000000  -5.700657192005  -3.701044531941  -2.685434776156  -2.225208681929  -1.874091296544  -1.779477392707  -1.678632595132
          1      127.000  -5.330410959000   0.000000000000  -5.314179581658  -4.017427301931  -3.187902422755  -2.702720775107  -2.087474429798  -1.843461828401  -1.664089333579
          1      128.000   5.870136986000   0.000000000000   5.512872989377  -1.640726078332  -2.239946498545  -2.380350650270  -2.196319985735  -1.949259848652  -1.724714115842
          1      129.000   8.170684932000   0.000000000000   7.955667214491  -0.837632038052  -1.547436005947  -1.841373399338  -1.984157517775  -1.870785079883  -1.709722265714
          1      130.000   5.771232877000   0.000000000000   5.665261266621  -0.484391944542  -1.175728159168  -1.492461958877  -1.742921100509  -1.709945937384  -1.612586756163
          1      131.000   0.671780822000   0.000000000000   0.682585159112  -0.349330059472  -0.965087390992  -1.263250192379  -1.540305226258  -1.548330098573  -1.492516193396
          1      132.000   2.972328767000   0.000000000000   2.905078096365  -0.292603691845  -0.835748775485  -1.106381239103  -1.378550640460  -1.406027973894  -1.375168700384
          1      133.000   6.272876712000   0.000000000000   6.149730641269  -0.179691706300  -0.737706672199  -0.989817223148  -1.249218301029  -1.285081145440  -1.268781649277
          1      134.000   2.473424658000   0.000000000000   2.454202719978  -0.036478083851  -0.621458812208  -0.879682464074  -1.141304645239  -1.181745096110  -1.174494130981
          1      135.000   1.573972603000   0.000000000000   1.554390142776  -0.030682767363  -0.545042420118  -0.789039833531  -1.046489745749  -1.090638684367  -1.090266947269
          1      136.000  10.574520550000   0.000000000000  10.384213122338   0.043077760185  -0.490667676743  -0.719268746464  -0.964743131066  -1.010233373566  -1.014763616435
          1      137.000  10.575068490000   0.000000000000  10.454350804991   1.595244078290  -0.401679611294  -0.650308706826  -0.894460405843  -0.939850287093  -0.947565337012
          1      138.000  13.075616440000   0.000000000000  12.925178508965   2.772398254437  -0.302847342013  -0.571169464781  -0.830085898629  -0.876882650451  -0.887464626740
          1      139.000  15.576164380000   0.000000000000  15.418860605714   4.790437132554  -0.137719062724  -0.473373771938  -0.768160214766  -0.818216535327  -0.832267133788
          1      140.000  10.676712330000   0.000000000000  10.632729944087   4.744860020347   0.008736634817  -0.376240414498  -0.706371537205  -0.761826893636  -0.780352188340
          1      141.000  10.877260270000   0.000000000000  10.791195760899   4.214595138526   0.039326942880  -0.319063406503  -0.647327413065  -0.707530318764  -0.730759354266
          1      142.000  13.177808220000   0.000000000000  13.054655760582   4.810756471194   0.244886414223  -0.277538762526  -0.595339265538  -0.657421546421  -0.684102437499
          1      143.000   9.578356164000   0.000000000000   9.537623875961   4.532711091088   0.559805091036  -0.230304499446  -0.550342836911  -0.612526090990  -0.641232664311
          1      144.000   7.278904110000   0.000000000000   7.246765254967   3.491165542333   0.451294330398  -0.200119635169  -0.510436266443  -0.572222183427  -0.602169281828
          1      145.000   8.679452055000   0.000000000000   8.603188921578   3.444091047191   0.501879785095  -0.176190062503  -0.475262403322  -0.535983248853  -0.566586189628
          1      146.000   8.580000000000   0.000000000000   8.517554767187   3.682965742051   0.674463710423  -0.153784616239  -0.444379012415  -0.503511764212  -0.534245664476
          1      147.000   7.480547945000   0.000000000000   7.436611930944   3.458560237607   0.657038991901  -0.136661000107  -0.417066541132  -0.474393279858  -0.504898287572
          1      148.000  10.681095890000   0.000000000000  10.574369993469   4.051736234513   0.772906935361  -0.122270533554  -0.392772544690  -0.448182878269  -0.478230238511
          1      149.000   8.981643836000   0.000000000000   8.932189441921   4.267479997242   1.017407852218  -0.102288520975  -0.371056618093  -0.424505022793  -0.453941550533
          1      150.000   2.282191781000   0.000000000000   2.330800704382   2.448474752790   0.690602654167  -0.087680094818  -0.351479861081  -0.403065050058  -0.431816717342
          1      151.000   5.282739726000   0.000000000000   5.220595524502   1.932107743844   0.456497206965  -0.078076379043  -0.333626713768  -0.383507896959  -0.411580679852
          1      152.000   0.983287671000   0.000000000000   1.016409034943   1.289818887647   0.373761958740  -0.071180674402  -0.317333258910  -0.365596599928  -0.393010359166
          1      153.000   1.283835616000   0.000000000000   1.274172740739   0.623057153396   0.170871761841  -0.065821409999  -0.302499456985  -0.349174990464  -0.375932154733
          1      154.000   1.884383562000   0.000000000000   1.865587779410   0.737219744225   0.180050233359  -0.062188987951  -0.289007371434  -0.334114410059  -0.360205428856
          1      155.000   1.084931507000   0.000000000000   1.084743560925   0.648462157513   0.174170093972  -0.059309617461  -0.276728062677  -0.320292039406  -0.345705578803
          1      156.000   0.385479452000   0.000000000000   0.389923162511   0.342830305964   0.102375416794  -0.056955755664  -0.265536307366  -0.307590766606  -0.332318093757
          1      157.000   3.286027397000   0.000000000000   3.235703223926   0.905309334524   0.187326283840  -0.055184648675  -0.255312899748  -0.295900515756  -0.319937522736
          1      158.000   5.486575342000   0.000000000000   5.425614231010   1.957077451010   0.437981071228  -0.052972802979  -0.245948418575  -0.285119135129  -0.308467128828
          1      159.000   9.787123288000   0.000000000000   9.676066459206   3.470947878293   0.776691823127  -0.049383653012  -0.237344519652  -0.275153549739  -0.297818894548
          1      160.000  11.587671230000   0.000000000000  11.487276273683   4.804127495886   1.267725258263  -0.035682095265  -0.229404666251  -0.265914148671  -0.287908284578
          1      161.000  10.688219180000   0.000000000000  10.622506231965   5.117846402294   1.486020224388  -0.025393625447  -0.222038743329  -0.257330849205  -0.278672847208
          1      162.000  12.688767120000   0.000000000000  12.583494760611   5.548077100913   1.682252017981   0.000009439739  -0.215118499517  -0.249314683738  -0.270038444343
          1      163.000   3.989315068000   0.000000000000   4.047624022940   3.893922771807   1.527147126062   0.136028408431  -0.208525700320  -0.241778612379  -0.261936744653
          1      164.000   8.889863014000   0.000000000000   8.789013479878   3.503187800262   1.210360296174   0.184867624096  -0.202080315589  -0.234630039505  -0.254299953009
          1      165.000  14.290410960000   0.000000000000  14.141108895614   5.635842865419   1.935529574202   0.451483661397  -0.195254754488  -0.227715488547  -0.247049257777
          1      166.000  17.790958900000   0.000000000000  17.637750238089   7.867609517937   2.987445450279   0.932637955712  -0.184588306667  -0.220444682776  -0.240023849028
          1      167.000  16.091506850000   0.000000000000  16.005595697477   8.595747294799   3.752785028651   1.518068894291  -0.134366054853  -0.208569696684  -0.232413440796
          1      168.000  13.192054790000   0.000000000000  13.144458559966   7.917511726458   3.860867882039   1.798913806673   0.000712496763  -0.172509272056  -0.219135579709
          1      169.000  16.692602740000   0.000000000000  16.561348369056   8.283916057651   3.930582405540   1.917322773782   0.150542619083  -0.138454450043  -0.199092011938
          1      170.000  15.793150680000   0.000000000000  15.708531581322   8.776696012653   4.324178371793   2.204737887798   0.370845093630  -0.114288072294  -0.180086688136
          1      171.000  15.793698630000   0.000000000000  15.704317504152   8.823637824671   4.515296631799   2.438862096414   0.605038370708  -0.094426640211  -0.163433956819
          1      172.000  21.294246580000   0.000000000000  21.115023494226  10.290759327426   5.027863202677   2.738664921144   0.835724292000  -0.076372864870  -0.148562583949
          1      173.000  22.194794520000   0.000000000000  22.054075109790  11.837070717258   5.961400743741   3.334376222769   1.185315215524  -0.058580311881  -0.134956872117
          1      174.000  19.995342470000   0.000000000000  19.906259398969  11.927470309427   6.477263464850   3.857120674782   1.604284679871  -0.037193507192  -0.122084725066
          1      175.000  20.095890410000   0.000000000000  19.988825724303  11.779527514899   6.626153708322   4.131809891692   1.915710579892  -0.011325528391  -0.109303681062
          1      176.000  20.296438360000   0.000000000000  20.187769064122  11.933287054683   6.822501614363   4.360809436378   2.144483830333   0.019246446865  -0.096178024896
          1      177.000  17.496986300000   0.000000000000  17.437984712921  11.390952021422   6.847564969040   4.534862091628   2.410269121781   0.404504859697  -0.082865508790
          1      178.000  17.197534250000   0.000000000000  17.118573007541  10.819144106757   6.663626454437   4.561104777366   2.581894589306   0.679178733533  -0.068466652771
          1      179.000  11.798082190000   0.000000000000  11.804434838801   9.352861560061   6.270916384251   4.481667508680   2.675696865007   0.894744914301  -0.053797617531
          1      180.000  13.898630140000   0.000000000000  13.818897354381   8.674849710866   5.723502415790   4.188051813245   2.630188696019   1.017863837137  -0.038782940686
          1      181.000  19.299178080000   0.000000000000  19.144610796584  10.161227303102   5.999371392371   4.191265304113   2.622750337963   1.107230287611  -0.023631619023
          1      182.000  18.599726030000   0.000000000000  18.508132999074  11.196421301036   6.667162934398   4.586399075462   2.839190213769   1.285513292786  -0.000533506439
          1      183.000  15.900273970000   0.000000000000  15.852421695612  10.732667885033   6.836147079547   4.873199836542   3.101072846287   1.458592937904   0.011956460088
          1      184.000  17.300821920000   0.000000000000  17.206340814131  10.638233815277   6.800462616487   4.943178711013   3.246237095877   1.649131529746   0.284877297949
          1      185.000  13.101369860000   0.000000000000  13.088600957767   9.856646999511   6.710121175168   5.005306693515   3.370069303615   1.796033464250   0.445399803817
          1      186.000  14.601917810000   0.000000000000  14.526135603671   9.404175708594   6.396280866199   4.873308489274   3.389975114729   1.896760931109   0.558922129213
          1      187.000  17.002465750000   0.000000000000  16.897778944177  10.135569372125   6.547836250525   4.892871042023   3.409124721586   1.969511505373   0.658155765449
          1      188.000  21.103013700000   0.000000000000  20.953605137434  11.713343249100   7.148498009213   5.179703425604   3.554453568083   2.084386379021   0.803830294090
          1      189.000  12.503561640000   0.000000000000  12.537980139729  10.659153308755   7.361457917221   5.523923948495   3.822114113199   2.269054082570   0.962168121729
          1      190.000   7.504109589000   0.000000000000   7.545674209723   7.884511448096   6.383277907846   5.226423850832   3.861559617621   2.410013048885   1.101943032998
          1      191.000   7.404657534000   0.000000000000   7.394829556446   6.414915552206   5.393428340776   4.624403928923   3.609695797221   2.386158312472   1.168718530539
          1      192.000   7.205205479000   0.000000000000   7.190500768849   5.880762577349   4.827467661464   4.145888040786   3.297556482210   2.259225512117   1.188092696842
          1      193.000   6.405753425000   0.000000000000   6.398854915240   5.389716819683   4.416175035032   3.790215640758   3.030732705264   2.111110681537   1.164087291054
          1      194.000   6.706301370000   0.000000000000   6.684466469107   5.115302106968   4.089338484418   3.494250046665   2.804099710392   1.976713651785   1.112753648417
          1      195.000   8.706849315000   0.000000000000   8.652279739068   5.508304361962   4.023292995340   3.325459730336   2.633570025279   1.863631834276   1.085827195359
          1      196.000  10.107397260000   0.000000000000  10.047354934277   6.208945353286   4.237065898309   3.355671770955   2.577910398585   1.799970264204   1.050893924114
          1      197.000   8.707945205000   0.000000000000   8.685448333883   6.232832279338   4.381481219068   3.456412111186   2.613447228017   1.802659859789   1.066869269375
          1      198.000  13.708493150000   0.000000000000  13.591814769491   7.280485296577   4.641255667146   3.557822148274   2.666650478662   1.838139492712   1.094194405861
          1      199.000  13.409041100000   0.000000000000  13.343941297729   8.279916740772   5.254494430453   3.914751168601   2.841588404638   1.920444077268   1.146792679523
          1      200.000  16.109589040000   0.000000000000  16.002068182089   9.208470360108   5.759922937553   4.274431758636   3.085965986682   2.073993939201   1.243801800181
          1      201.000  12.010136990000   0.000000000000  11.998076240296   8.938914471314   6.075789931145   4.624802465606   3.361203705703   2.259540684276   1.361089383403
          1      202.000  10.510684930000   0.000000000000  10.489046158423   7.948714464741   5.815141593325   4.649198690066   3.514137274968   2.428799051698   1.499931431437
          1      203.000  14.011232880000   0.000000000000  13.915796423119   8.404799371695   5.795978809597   4.614726894147   3.549624145228   2.515415042021   1.591578930585
          1      204.000  11.211780820000   0.000000000000  11.194065825748   8.381988666880   5.977721552149   4.752545909707   3.638277776096   2.590887529811   1.670213153916
          1      205.000   7.612328767000   0.000000000000   7.630710849737   7.054452901188   5.601983665079   4.670935846451   3.676929410270   2.659574929475   1.736769554960
          1      206.000   8.112876712000   0.000000000000   8.087514272681   6.302826944482   5.096280895066   4.380278384707   3.568134535735   2.660223949703   1.784207650986
          1      207.000   9.313424658000   0.000000000000   9.268768645657   6.451912137444   4.942763389617   4.191732528912   3.431541769058   2.600256781821   1.781710217491
          1      208.000   8.213972603000   0.000000000000   8.197516575387   6.346750784380   4.893471114845   4.122547582489   3.355453372287   2.548796810881   1.767594779860
          1      209.000   8.814520548000   0.000000000000   8.778070703540   6.265003687420   4.782056210335   4.032435351256   3.290656022312   2.508381026068   1.753227916136
          1      210.000   7.415068493000   0.000000000000   7.406251898625   5.971371467792   4.676997233674   3.962328422008   3.237473235988   2.476231760246   1.745171917733
          1      211.000   6.415616438000   0.000000000000   6.410110276942   5.406993438116   4.412341092733   3.814534012858   3.158837745171   2.436465962591   1.726874508436
          1      212.000   8.316164384000   0.000000000000   8.268194645606   5.557491060601   4.278812242009   3.665203539008   3.049702349095   2.371988480128   1.692547866162
          1      213.000  14.716712330000   0.000000000000  14.578979769246   7.450781630699   4.777307764986   3.781482031007   3.025028662964   2.320161027875   1.653264574548
          1      214.000  10.317260270000   0.000000000000  10.313671407346   7.818274523521   5.373811007766   4.186717362931   3.209456335676   2.375793347162   1.675235451190
          1      215.000  14.617808220000   0.000000000000  14.508291224810   8.344850340228   5.562092114872   4.369988126822   3.380168366053   2.498398224191   1.757263003184
          1      216.000  15.218356160000   0.000000000000  15.138294903034   9.390985241415   6.149787237545   4.730002743479   3.597850541101   2.639827865882   1.856834118008
          1      217.000  11.968904110000   0.000000000000  11.952745178374   9.002162950457   6.370100864527   5.031423884094   3.853934889368   2.820397554370   1.976561305354
          1      218.000  12.295508370000   0.000000000000  12.246224629055   8.572380725778   6.247996355763   5.081617226923   3.996556038232   2.973674148176   2.098475105744
          1      219.000  12.524286870000   0.000000000000  12.472859247865   8.631315427032   6.270563836502   5.122173285137   4.072749052237   3.072325172405   2.195033735402
          1      220.000  12.838956210000   0.000000000000  12.784705750329   8.779892177014   6.357893612485   5.195852382460   4.148621897201   3.157251737370   2.288452462086
          1      221.000   9.974989518000   0.000000000000   9.971644182095   8.176503523426   6.279521141205   5.234308477077   4.222744647998   3.242095730851   2.377114446281
          1      222.000  11.490215380000   0.000000000000  11.435565823777   7.978221676202   6.081504071243   5.138079712716   4.221427452685   3.292802724702   2.442519486890
          1      223.000   6.468525026000   0.000000000000   6.508836917230   6.916661089829   5.813202215527   5.042061556691   4.195751414289   3.307091989032   2.475918939574
          1      224.000   6.535631311000   0.000000000000   6.528072889924   5.860337970753   5.194519502517   4.697669564832   4.047830015192   3.265809882113   2.480090091872
          1      225.000  12.232536080000   0.000000000000  12.126176846728   6.971806525065   5.199749143737   4.502024213637   3.868942962842   3.168539286817   2.453637710904
          1      226.000  14.336727200000   0.000000000000  14.247299277680   8.607258415478   5.870797201211   4.756781512111   3.897613122215   3.128725286286   2.426383142062
          1      227.000  14.570716810000   0.000000000000  14.501845343518   9.403989852569   6.445260549109   5.138894765692   4.094861970710   3.202216687345   2.447515153473
          1      228.000  11.093503050000   0.000000000000  11.088351341179   8.850738723550   6.577233152359   5.383003897615   4.305354350172   3.335253729308   2.519356362459
          1      229.000   5.479373080000   0.000000000000   5.536590953861   6.847744306095   5.994660106512   5.247332017764   4.361543592081   3.435522368243   2.603372840615
          1      230.000   5.094435660000   0.000000000000   5.102852826032   5.392405395369   5.137053340075   4.772059062623   4.179694230995   3.418428431856   2.650254986446
          1      231.000   4.480862208000   0.000000000000   4.489456529854   4.754602069242   4.590598929119   4.341867061773   3.908304844602   3.296860750983   2.626475898776
          1      232.000   3.527123288000   0.000000000000   3.542355394170   4.149616387369   4.141405308274   3.978966301574   3.643921314280   3.136572270859   2.549135345775
          1      233.000   6.127671233000   0.000000000000   6.088194427929   4.398095067573   3.921276925987   3.696511017323   3.398226992081   2.961816807094   2.440148846704
          1      234.000   9.528219178000   0.000000000000   9.454292921073   5.628548429117   4.215212171184   3.690456197524   3.268701043406   2.816939531797   2.325128611564
          1      235.000   7.428767123000   0.000000000000   7.422583733319   5.894846265694   4.528898060944   3.864637902883   3.294647461634   2.758748996902   2.249080545124
          1      236.000   5.829315068000   0.000000000000   5.833220758090   5.243296182370   4.379008985964   3.856388536683   3.312902076533   2.752932390657   2.224188682840
          1      237.000   8.729863014000   0.000000000000   8.669907804093   5.571426817945   4.319928926050   3.773230133615   3.264037685512   2.730001821359   2.211168342856
          1      238.000  13.130410960000   0.000000000000  13.023183691354   7.191313246049   4.841276454736   3.952983900576   3.296750444692   2.719448376583   2.197420945504
          1      239.000  11.430958900000   0.000000000000  11.395523846579   7.867755951753   5.442339662385   4.350304149125   3.495453139332   2.793714137548   2.218814287561
          1      240.000   4.331506849000   0.000000000000   4.402868676339   6.067838429166   5.177188601252   4.447957659936   3.663450172847   2.917091179199   2.287573346837
          1      241.000   4.732054795000   0.000000000000   4.730640230615   4.675077427535   4.404872481289   4.079586145755   3.574588806529   2.951168229876   2.343688150178
          1      242.000   4.532602740000   0.000000000000   4.531794756075   4.318084635225   4.017364485274   3.760116961480   3.380403713762   2.876246096539   2.338667833148
          1      243.000   1.733150685000   0.000000000000   1.774529310072   3.417362226229   3.596845063741   3.479192793034   3.191648137010   2.768005719342   2.292629561213
          1      244.000   1.933698630000   0.000000000000   1.943599973205   2.726741550757   3.074430091700   3.104908957804   2.951338849105   2.628091826918   2.218794481013
          1      245.000   5.534246575000   0.000000000000   5.482423865762   3.400765141600   2.993850051802   2.874368628891   2.724604975489   2.462977673595   2.115018678843
          1      246.000   5.684794521000   0.000000000000   5.662447086285   4.085677834263   3.259797779665   2.918853303976   2.639421753598   2.342240709690   2.011362880265
          1      247.000   5.835342466000   0.000000000000   5.814185776397   4.281785764520   3.394618003029   2.988955988936   2.636211219905   2.287830799155   1.940999541824
          1      248.000   5.035890411000   0.000000000000   5.030125910084   4.161883703645   3.412035754595   3.017878236548   2.642246561639   2.264203002196   1.899599163972
          1      249.000   5.336438356000   0.000000000000   5.318575324516   4.086940601436   3.356389777086   2.987043462490   2.624006178716   2.243662666147   1.873190118078
          1      250.000   7.036986301000   0.000000000000   6.993160588269   4.535694606279   3.456126439370   2.999872750319   2.608652961297   2.222495532864   1.853012336760
          1      251.000   4.037534247000   0.000000000000   4.059377707420   4.160803928482   3.479373017405   3.054546907330   2.634281553677   2.222459389070   1.843707453502
          1      252.000   2.838082192000   0.000000000000   2.853132446461   3.303595332811   3.127402509005   2.906689821026   2.591123216044   2.214639593104   1.841682436054
          1      253.000   0.338630137000   0.000000000000   0.381310097811   2.269882913354   2.655192343152   2.641115147278   2.457008632366   2.156649049216   1.818464996103
          1      254.000   0.939178082000   0.000000000000   0.946053832649   1.717283545746   2.179589974869   2.294558836739   2.243394625894   2.041742655276   1.759733605374
          1      255.000   2.539726027000   0.000000000000   2.521958100746   1.996182379360   2.045263694339   2.076710073747   2.041105279519   1.896497445706   1.667956870659
          1      256.000   2.640273973000   0.000000000000   2.634483901076   2.263404626364   2.091984312536   2.014961886076   1.923174564615   1.775103954232   1.570622271202
          1      257.000   3.340821918000   0.000000000000   3.324875740602   2.476403556755   2.135647990303   1.993416587345   1.858393379867   1.691153805922   1.489501193593
          1      258.000   2.141369863000   0.000000000000   2.151803615400   2.321468976883   2.124064571232   1.981925744672   1.821413536067   1.633985483939   1.426985291159
          1      259.000   2.141917808000   0.000000000000   2.141504108447   2.082511375434   1.985368110292   1.896228123255   1.763231589078   1.583022544785   1.377889760541
          1      260.000   0.542465753000   0.000000000000   0.567328952983   1.607586308243   1.791760956898   1.778835861160   1.683085811286   1.523147682175   1.329852156706
          1      261.000   0.343013699000   0.000000000000   0.355426325110   1.157579983962   1.502455866080   1.585261816635   1.560988607206   1.444637925828   1.274697039490
          1      262.000  -1.656438356000   0.000000000000  -1.582169147773   0.754733336010   1.239099979366   1.385037450270   1.415496140624   1.344539049295   1.206132270609
          1      263.000  -1.655890411000   0.000000000000  -1.620787982296   0.475686572459   1.000285491598   1.184386679268   1.259375096500   1.230782357856   1.125233654573
          1      264.000  -2.255342466000   0.000000000000  -2.210983442307   0.284003536177   0.810836335145   1.008481673247   1.108425444911   1.111568577114   1.035493478237
          1      265.000  -1.954794521000   0.000000000000  -1.921702624258   0.165353434916   0.653872807057   0.853462493678   0.968497309342   0.994494856267   0.942469695925
          1      266.000  -3.454246575000   0.000000000000  -3.416652693922  -0.012579140734   0.523624959139   0.725577478997   0.844608103756   0.883949905536   0.850240858929
          1      267.000  -3.553698630000   0.000000000000  -3.513137709458  -0.472853251610   0.385650864379   0.591447315440   0.724111770063   0.778896485372   0.761101213687
          1      268.000  -2.253150685000   0.000000000000  -2.241061507454  -0.765219553913   0.244077798727   0.466067038629   0.609973144638   0.677539400859   0.674195473483
          1      269.000   0.247397260000   0.000000000000   0.064459275172  -0.389380034770   0.171936058701   0.362839469827   0.502982646723   0.579780602300   0.589661161125
          1      270.000   0.399082284000   0.000000000000   0.337432170581  -0.248753893824   0.145430970290   0.301931021032   0.421826523298   0.494283693788   0.510749495006
          1      271.000  -1.535562495000   0.000000000000  -1.496165220467  -0.201349075383   0.123810691229   0.256010048543   0.358748426733   0.423427250731   0.441376874340
          1      272.000  -0.447709311000   0.000000000000  -0.459719535327  -0.278120626625   0.105640622981   0.218932484589   0.307481118414   0.364386762052   0.381740975035
          1      273.000  -2.102920908000   0.000000000000  -2.069263491879  -0.380187464021   0.088092056899   0.187071362322   0.264225492818   0.314245700954   0.330325207331
          1      274.000   0.063132569000   0.000000000000  -0.040609379102  -0.441496962598   0.063795162287   0.156159797252   0.226005717287   0.270842960012   0.285740568026
          1      275.000  -0.393649107000   0.000000000000  -0.386199944654  -0.317129924353   0.038626868585   0.124552381474   0.189878532430   0.231853706866   0.246451533293
          1      276.000   3.364228459000   0.000000000000   3.185022324434  -0.251545294109   0.021775818928   0.097961487601   0.157328181303   0.196487220620   0.211154631449
          1      277.000   6.399270873000   0.000000000000   6.228730461631  -0.186375097654   0.011120129023   0.077249670773   0.129796353749   0.165469829489   0.179883470867
          1      278.000   3.255578360000   0.000000000000   3.152060264362  -0.131319142464   0.006109611822   0.061600661989   0.107118368631   0.138999146139   0.152762059690
          1      279.000  -0.331178933000   0.380000000000   0.575415918082  -0.103856990230   0.004468495501   0.050793046914   0.089256631518   0.116895737363   0.129472787510
          1      280.000  -3.446575342000   0.380000000000   0.224634561810  -0.087717982314   0.002846122737   0.042108190295   0.074796477204   0.098547867959   0.109680982645
          1      281.000  -7.946027397000   0.360000000000  -0.006230320073  -0.076764575355   0.001235990448   0.034781066791   0.062720362926   0.083130238998   0.092865862194
          1      282.000  -9.245479452000   0.280000000000  -0.020319258865  -0.068719339897   0.000107563543   0.028589561881   0.052509220349   0.070083595684   0.078584678769
          1      283.000  -9.044931507000   0.360000000000  -0.067254744460  -0.062539175142   0.000000960553   0.023879156517   0.044074291275   0.059074271571   0.066456840739
          1      284.000 -10.144383560000   0.330000000000  -0.106823165569  -0.057639913929  -0.000099410441   0.020043676394   0.037113707951   0.049861614078   0.056219446790
          1      285.000  -5.043835616000   0.380000000000  -0.138091449649  -0.053657595433  -0.000187676961   0.016848274100   0.031302488216   0.042136751672   0.047597221085
          1      286.000  -4.343287671000   0.380000000000  -0.131678796191  -0.050353640769  -0.000264664737   0.014169344434   0.026427606310   0.035644493526   0.040334312586
          1      287.000  -3.942739726000   0.380000000000  -0.141280027130  -0.047565693069  -0.000331152676   0.011917084998   0.022328415229   0.030180113169   0.034213437798
          1      288.000  -3.442191781000   0.380000000000  -0.140265401878  -0.045179428257  -0.000388129437   0.010020751841   0.018876834095   0.025576521515   0.029052681008
          1      289.000  -4.141643836000   0.380000000000  -0.130568094592  -0.043111547392  -0.000436687764   0.008422719353   0.015968123718   0.021695634589   0.024699761789
          1      290.000  -9.241095890000   0.380000000000  -0.129099066117  -0.041300340366  -0.000477919122   0.007075305465   0.013515511755   0.018422451309   0.021026970407
          1      291.000  -9.740547945000   0.380000000000  -0.157090350017  -0.039699341914  -0.000512850101   0.005938733271   0.011446594022   0.015660745762   0.017927029346
          1      292.000  -5.640000000000   0.380000000000  -0.200406488180  -0.038272927950  -0.000542410701   0.004979672715   0.009700707945   0.013329775869   0.015309723279
          1      293.000  -3.839452055000   0.360000000000  -0.219392581397  -0.036993072751  -0.000567422812   0.004170126813   0.008226908137   0.011361678227   0.013099130354
          1      294.000  -6.438904110000   0.360000000000  -0.212746010830  -0.035837139081  -0.000630761632   0.003505068409   0.006985232746   0.009699685658   0.011231367590
          1      295.000  -6.338356164000   0.360000000000  -0.212336518575  -0.034787082513  -0.000991991935   0.003038848789   0.005982455883   0.008311682936   0.009657788637
          1      296.000  -6.837808219000   0.360000000000  -0.221576471070  -0.033828676728  -0.001588990130   0.002664745634   0.005167185717   0.007164142150   0.008342239770
          1      297.000  -7.737260274000   0.360000000000  -0.239327180799  -0.032950557158  -0.002284452954   0.002354277720   0.004492811564   0.006211069050   0.007243867036
          1      298.000  -3.036712329000   0.410000000000  -0.260702527387  -0.032142732256  -0.002955753141   0.002092577722   0.003930192479   0.005415969610   0.006325448076
          1      299.000  -0.936164384000   0.410000000000  -0.252037998311  -0.031396112156  -0.003548253626   0.001869161854   0.003457789241   0.004750140971   0.005555911462
          1      300.000  -4.535616438000   0.410000000000  -0.220212565430  -0.030705436002  -0.004051342815   0.001676220216   0.003058822734   0.004190534311   0.004909584766
          1      301.000  -5.235068493000   0.410000000000  -0.201042698733  -0.030068271022  -0.004471954079   0.001507800202   0.002719948173   0.003718433125   0.004365259119
          1      302.000  -8.234520548000   0.410000000000  -0.203125846872  -0.029483006031  -0.004821789643   0.001359285722   0.002430431129   0.003318546844   0.003905404117
          1      303.000  -9.933972603000   0.410000000000  -0.226877259423  -0.028949690345  -0.005112535964   0.001227045989   0.002181572084   0.002978338265   0.003515526398
          1      304.000 -13.933424660000   0.410000000000  -0.272554740757  -0.028472377155  -0.005354402114   0.001108193350   0.001966283860   0.002687503669   0.003183642980
          1      305.000 -16.232876710000   0.410000000000  -0.346203402993  -0.028060296064  -0.005555879321   0.001000412064   0.001778771760   0.002437561862   0.002899846904
          1      306.000  -6.932328767000   0.430000000000  -0.437868326848  -0.027738329002  -0.005723900553   0.000901833785   0.001614285925   0.002221524700   0.002655948254
          1      307.000  -1.031780822000   0.430000000000  -0.466051389261  -0.027584001754  -0.005864098251   0.000810944560   0.001468926190   0.002033630411   0.002445177205
          1      308.000  -0.531232877000   0.410000000000  -0.403824389708  -0.027798985402  -0.005981058142   0.000726513695   0.001339486235   0.001869126296   0.002261938292
          1      309.000  -1.630684932000   0.410000000000  -0.320745399771  -0.028687052321  -0.006078543142   0.000647538296   0.001223327889   0.001724090845   0.002101607041
          1      310.000  -2.930136986000   0.410000000000  -0.264435118254  -0.030422667585  -0.006159686073   0.000573199283   0.001118278958   0.001595287640   0.001960361634
          1      311.000  -9.229589041000   0.410000000000  -0.242301321066  -0.032900577983  -0.006227149459   0.000502825969   0.001022549700   0.001480045054   0.001835043583
          1      312.000  -7.729041096000   0.410000000000  -0.265796190657  -0.035888242458  -0.006283275209   0.000435867220   0.000934664207   0.001376157002   0.001723042364
          1      313.000  -6.428493151000   0.410000000000  -0.311398996713  -0.039283342251  -0.006202480108   0.000380616600   0.000855105550   0.001281975785   0.001622152727
          1      314.000  -3.227945205000   0.410000000000  -0.343955785644  -0.043316952969  -0.005968351337   0.000351218631   0.000794540950   0.001201267421   0.001532614079
          1      315.000  -6.227397260000   0.410000000000  -0.348860063658  -0.048410206277  -0.005748703105   0.000328512735   0.000746307640   0.001133965526   0.001455203910
          1      316.000  -9.426849315000   0.410000000000  -0.356382202884  -0.054745761844  -0.005548565082   0.000309688036   0.000706053297   0.001076896694   0.001388351441
          1      317.000 -14.726301370000   0.410000000000  -0.399001084210  -0.062210434952  -0.005369261026   0.000293675946   0.000671736627   0.001027846400   0.001330258821
          1      318.000 -20.625753420000   0.410000000000  -0.498817617271  -0.071298687226  -0.005211216391   0.000279858071   0.000642102687   0.000985266544   0.001279437051
          1      319.000 -23.325205480000   0.410000000000  -0.674300039966  -0.085067509743  -0.005074813925   0.000267812113   0.000616271368   0.000948005375   0.001234686381
          1      320.000 -23.324657530000   0.410000000000  -0.909347301947  -0.114539068565  -0.004961183321   0.000257224276   0.000593579591   0.000915166969   0.001195032071
          1      321.000 -25.224109590000   0.410000000000  -1.161575119769  -0.185311655164  -0.004874598077   0.000247849715   0.000573506223   0.000886034059   0.001159673855
          1      322.000 -26.223561640000   0.410000000000  -1.412204982678  -0.305158775423  -0.004834428694   0.000239491166   0.000555630863   0.000860021883   0.001127949576
          1      323.000 -23.123013700000   0.430000000000  -1.646733000299  -0.448107674788  -0.004952244791   0.000231983867   0.000539607933   0.000836647983   0.001099308385
          1      324.000 -16.922465750000   0.430000000000  -1.820747657649  -0.617589747554  -0.006258263867   0.000225166635   0.000525143398   0.000815509254   0.001073289668
          1      325.000 -18.921917810000   0.430000000000  -1.872709005228  -0.738277420851  -0.010651433516   0.000218776237   0.000511940714   0.000796251407   0.001049501605
          1      326.000 -18.321369860000   0.460000000000  -1.874528711544  -0.806434375094  -0.022062229703   0.000212412795   0.000499650570   0.000778527186   0.001027591754
          1      327.000 -19.720821920000   0.460000000000  -1.853871331762  -0.816116279940  -0.056218021547   0.000205047540   0.000487699223   0.000761930288   0.001007210713
          1      328.000 -16.620273970000   0.460000000000  -1.817542779435  -0.811435019402  -0.098010292766   0.000194947087   0.000474997938   0.000745804863   0.000987913190
          1      329.000  -4.519726027000   0.430000000000  -1.761715383944  -0.804871538695  -0.113881243967   0.000176815476   0.000461405586   0.000729812128   0.000969250645
          1      330.000  -2.119178082000   0.410000000000  -1.569148180552  -0.768754884820  -0.142002382987   0.000159627847   0.000440945978   0.000710721374   0.000949906295
          1      331.000  -6.118630137000   0.460000000000  -1.295571372644  -0.691824994520  -0.154306106253   0.000147028385   0.000425007770   0.000692371668   0.000930180982
          1      332.000 -11.218082190000   0.380000000000  -1.100616283377  -0.606391712273  -0.145570721176   0.000134957811   0.000409864370   0.000674935205   0.000911069489
          1      333.000 -12.117534250000   0.380000000000  -1.070113917631  -0.548917221652  -0.135953318866   0.000109867733   0.000391876494   0.000657842239   0.000892600414
          1      334.000 -13.216986300000   0.380000000000  -1.138998274107  -0.537821171484  -0.141726627847   0.000098875344   0.000373749794   0.000638237283   0.000873041827
          1      335.000 -17.416438360000   0.380000000000  -1.243985049641  -0.559697904228  -0.145587229983   0.000089584481   0.000359834037   0.000621045919   0.000854115884
          1      336.000 -22.215890410000   0.360000000000  -1.422107667781  -0.609879816820  -0.152378035364   0.000080709606   0.000347260581   0.000605390436   0.000836359513
          1      337.000 -27.115342470000   0.360000000000  -1.703028235793  -0.704417905776  -0.167005286682   0.000076116765   0.000336704806   0.000591003233   0.000819621493
          1      338.000 -33.114794520000   0.360000000000  -2.087916746198  -0.860675059278  -0.211560133750   0.000047861471   0.000316451887   0.000574200253   0.000802895305
          1      339.000 -32.214246580000   0.360000000000  -2.565986368165  -1.096232024863  -0.297395058597   0.000037794784   0.000302306845   0.000557510136   0.000785296561
          1      340.000 -33.413698630000   0.360000000000  -2.993461073677  -1.358520006914  -0.407779499051   0.000026163212   0.000288471238   0.000541990241   0.000768456578
          1      341.000 -33.813150680000   0.360000000000  -3.328989060964  -1.596148346348  -0.579259287836  -0.108921650168   0.000123389642   0.000486561291   0.000745315643
          1      342.000 -30.712602740000   0.360000000000  -3.623981687612  -1.859428818560  -0.804653721160  -0.238350090858   0.000040874123   0.000409175984   0.000687763660
          1      343.000 -26.412054790000   0.360000000000  -3.788753737371  -2.052619947883  -0.971438599845  -0.347660795419  -0.000007940734   0.000333391906   0.000625370708
          1      344.000 -26.311506850000   0.360000000000  -3.778673014567  -2.136649552296  -1.079378947246  -0.443584764289  -0.000014710819   0.000302580836   0.000583060334
          1      345.000 -29.110958900000   0.360000000000  -3.728827233096  -2.158275924996  -1.141817736938  -0.519491885780  -0.000021608916   0.000281917673   0.000553121214
          1      346.000 -28.810410960000   0.330000000000  -3.794719266231  -2.200510310745  -1.195834629030  -0.583547871564  -0.000042133174   0.000269185088   0.000530860015
          1      347.000 -30.909863010000   0.360000000000  -4.013952250358  -2.323131087640  -1.279854812733  -0.652336142615  -0.000178357261   0.000260385211   0.000514207312
          1      348.000 -29.109315070000   0.360000000000  -4.163338016002  -2.454382239526  -1.381910425174  -0.731198709781  -0.002062277321   0.000252575490   0.000500790273
          1      349.000 -26.108767120000   0.360000000000  -4.187839653854  -2.526222656297  -1.462424579204  -0.806366177863  -0.021584115361   0.000234061994   0.000484412968
          1      350.000  -8.908219178000   0.380000000000  -4.045924722234  -2.520964353776  -1.505915203339  -0.866357693437  -0.033143701664   0.000220183475   0.000468463321
          1      351.000  -7.407671233000   0.380000000000  -3.519500034764  -2.338359809412  -1.468299987380  -0.891186589079  -0.040246962041   0.000212455242   0.000455431533
          1      352.000  -9.407123288000   0.380000000000  -2.910217339569  -2.035800834377  -1.344979307101  -0.865292687669  -0.048371235979   0.000204915795   0.000445477808
          1      353.000 -14.806575340000   0.410000000000  -2.507564072542  -1.776814772636  -1.210462664815  -0.813774982654  -0.071713014944   0.000185954577   0.000430084898
          1      354.000 -18.706027400000   0.410000000000  -2.347223735538  -1.626301180474  -1.113305118666  -0.765471713923  -0.091604885007   0.000174973550   0.000416040338
          1      355.000 -18.805479450000   0.410000000000  -2.344132604696  -1.569731887034  -1.062089174365  -0.733882921184  -0.103844947000   0.000165056358   0.000405856542
          1      356.000 -21.704931510000   0.410000000000  -2.416490474071  -1.576964793151  -1.049318922977  -0.720691517752  -0.126111827578   0.000146238724   0.000389712458
          1      357.000 -28.504383560000   0.410000000000  -2.545174420403  -1.623951126374  -1.063390843953  -0.723290596966  -0.140307425228   0.000138996071   0.000377028796
          1      358.000 -30.403835620000   0.410000000000  -2.784005577272  -1.726145568484  -1.106916868470  -0.741922801939  -0.148121571468   0.000122155320   0.000365254751
          1      359.000 -28.203287670000   0.460000000000  -3.091542254968  -1.889368246899  -1.188612747501  -0.781525950130  -0.167250548052   0.000106660853   0.000349138601
          1      360.000 -26.402739730000   0.460000000000  -3.327885394244  -2.056074864704  -1.290552503663  -0.840071272594  -0.181851976126   0.000102943280   0.000338512006
          1      361.000 -16.902191780000   0.460000000000  -3.426980069263  -2.165958636037  -1.378042472512  -0.902505657091  -0.197342290607   0.000083066852   0.000325248611
          1      362.000 -13.301643840000   0.460000000000  -3.361084991629  -2.192798582928  -1.428170653038  -0.952838526202  -0.227408350531   0.000070486700   0.000310235156
          1      363.000 -22.701095890000   0.460000000000  -3.160812955817  -2.131090731403  -1.429563353818  -0.980619143371  -0.254588107174   0.000067826794   0.000301598344
          1      364.000 -20.300547950000   0.460000000000  -3.006078273127  -2.047233033421  -1.402253067306  -0.986757321944  -0.283487969151   0.000041683012   0.000284758395
          1      365.000 -17.600000000000   0.500000000000  -2.946958615746  -2.003235459356  -1.382868465639  -0.987955767751  -0.314342795102   0.000035232715   0.000271776709
