   1.0000000000000000     
  -17.600000000000001     
  -17.599981945329141     
  -17.599963890650862     
  -17.599945835957747     
  -17.599927781242375     
  -17.599909726497330     
  -17.599891671715191     
  -17.599873616888541     
  -17.599855562009967     
  -17.599837507072046     
  -17.599819452067365     
  -17.599801396988500     
  -17.599783341828040     
  -17.599765286578567     
  -17.599747231232662     
  -17.599729175782908     
  -17.599711120221890     
  -17.599693064542194     
  -17.599675008736401     
  -17.599656952797094     
  -17.599638896716865     
  -16.395890325227928     
  -15.159180798974511     
  -13.862917689228624     
  -12.490936071122505     
  -11.038303842554967     
  -9.5094335350418984     
  -7.9149013013638676     
  -6.2683244903162159     
  -5.5991552446798787     
  -4.9248694559957347     
  -4.2463576823924800     
  -3.9058445411194969     
  -3.5646007761787262     
  -3.2227328845278844     
  -3.0516044469839256     
  -2.9488714311398869     
  -2.9146183929534968     
  -2.9033509431853948     
  -2.8920804530773094     
  -2.8808020977768480     
  -2.8469148027451592     
  -2.7902712610624336     
  -2.6763583549479701     
  -2.5616945673091278     
  -2.4462982968123415     
  -2.3301856308414988     
  -1.9766077725257010     
  -1.7377655855815428     
  -1.4960929721816427     
  -1.3744653490245784     
  -1.2704794914575914     
  -1.2010534233291885     
  -1.1315716674143874     
  -1.0620537654204334     
 -0.99251985014803268     
 -0.88871244872069710     
 -0.78526019089510313     
 -0.68274241575702810     
 -0.58172102615417343     
 -0.48293191890633597     
 -0.38735016463540878     
 -0.33275181053323666     
 -0.27930901419056764     
 -0.22623982867900699     
 -0.17372065111054200     
 -0.12210873227959219     
  -7.2269354824982340E-002
  -2.7038496042959263E-002
  -4.6414129323003215E-006
   1.3291201164134375E-005
   6.6800415349481883E-005
   1.0219755666791785E-004
   1.3735653797128735E-004
   1.7226310705499665E-004
   2.0690772265810584E-004
   2.4128598238986460E-004
   2.5837540527262663E-004
   3.0924752709040541E-004
   3.4284575098997457E-004
   3.7620058342475603E-004
   4.0932291834015918E-004
   4.4222387453388026E-004
   4.7491414671674487E-004
   5.0740355405512277E-004
   5.3970076815932201E-004
   5.7181318991969478E-004
   6.0374694018271776E-004
   6.3550693038307113E-004
   6.6709698357839001E-004
   6.9851998207817083E-004
   7.2977802379346681E-004
   7.6087257482857591E-004
   7.9180461033339017E-004
   8.6842635726144888E-004
   9.4403859492664800E-004
   1.0186408422094000E-003
   1.0922335423105645E-003
   1.1648196782395742E-003
   1.2364051665928787E-003
   1.3069986576320382E-003
   1.3766110852134971E-003
  -1.6070296143873462E-003
  -3.4442881037468750E-003
  -4.8196154227659587E-003
  -5.7905391359801819E-003
  -6.3852533715261645E-003
  -6.6209711045038767E-003
  -6.5088729368962860E-003
  -6.0556889337985967E-003
  -5.2635524660514070E-003
  -4.1275847101166340E-003
  -2.6262914540601686E-003
  -2.7277122439296583E-006
  -7.4404417166023595E-007
  -7.2868976473692453E-007
  -7.1334659031477918E-007
  -6.9802181337461203E-007
  -6.8272259556327284E-007
  -6.6745608114581195E-007
  -6.5222938315483058E-007
  -6.3704956978741170E-007
  -6.2192365108455820E-007
  -6.0685856592683860E-007
  -5.9186116937890448E-007
  -5.7693822041433514E-007
  -5.6209637005086512E-007
  -5.4734214992448844E-007
  -5.3268196132923090E-007
  -5.1812206474752231E-007
  -5.0366856989412645E-007
  -4.8932742629449767E-007
  -4.7510441441623843E-007
  -4.6100513737007183E-007
  -4.4703501319440436E-007
  -4.3319926773518148E-007
  -4.1950292813031914E-007
  -4.0595081690556991E-007
  -3.9254754668626524E-007
  -3.7929751552695106E-007
  -3.6620490285856877E-007
  -3.5327366605049661E-007
  -3.3561950182494632E-007
  -3.1008582976898956E-007
  -2.7787018850196870E-007
  -2.5512225437342760E-007
  -2.1993592885020243E-007
  -1.8816974375114944E-007
  -1.5976817035755316E-007
  -1.3461759633840442E-007
  -1.1255655106794822E-007
  -9.3386492603762370E-008
  -7.6882530827757617E-008
  -6.2803568394545583E-008
  -5.0901465152551143E-008
  -4.0928959180467654E-008
  -3.2646197818398820E-008
  -2.5825837505960914E-008
  -2.0256757356496374E-008
  -1.5746496339722476E-008
  -9.3849722215648372E-009
  -5.4330322042692463E-009
  -3.0560114710170337E-009
  -1.6705182997526494E-009
  -8.8700649732307349E-010
  -4.5599725326758979E-010
  -2.2349028887685630E-010
  -9.6980251211569763E-011
  -2.2042796363068086E-011
  -1.5179754588460944E-012
  -4.6108973446689730E-014
  -3.0528151337741333E-016
  -4.1555105350123597E-018
  -5.1864799433911640E-020
  -5.9871990732711979E-022
  -1.2870490516821035E-023
