          1      183.000   -7.199    0.245   -3.925   -5.450   -6.143   -6.428   -6.689   -6.857   -7.012    0.000      268.000      268.000
          1      548.000   -7.199    0.245   -3.142   -4.474   -5.085   -5.322   -5.503   -5.620   -5.724    0.000      636.000      271.000
          1      913.000   -7.199    0.245   -2.898   -4.169   -4.758   -4.978   -5.130   -5.228   -5.309    0.000     1001.000      271.000
          1     1278.000   -7.199    0.245   -2.720   -3.952   -4.524   -4.734   -4.873   -4.966   -5.040    0.000     1370.000      275.000
          1     1643.000   -7.199    0.245   -2.632   -3.839   -4.400   -4.605   -4.729   -4.817   -4.880    0.000     1735.000      275.000
          1     2008.000   -7.199    0.245   -2.504   -3.687   -4.237   -4.435   -4.560   -4.650   -4.713    0.000     2096.000      271.000
          1     2373.000   -7.199    0.245   -2.440   -3.606   -4.147   -4.341   -4.455   -4.540   -4.596    0.000     2460.000      270.000
          1     2738.000   -7.199    0.245   -2.408   -3.568   -4.106   -4.298   -4.403   -4.485   -4.538    0.000    -7777.000    -7777.000
          1     3103.000   -7.199    0.245   -2.377   -3.528   -4.062   -4.251   -4.354   -4.435   -4.484    0.000     3189.000      269.000
          1     3468.000   -7.199    0.245   -2.356   -3.501   -4.032   -4.220   -4.318   -4.397   -4.444    0.000     3567.000      282.000
