   1.0000000000000000     
  -19.600000000000001     
  -19.599991062030760     
  -19.599982124051643     
  -19.599973186052779     
  -19.599964248024293     
  -19.599955309956307     
  -19.599946371838950     
  -19.599937433662348     
  -19.599928495416634     
  -19.599919557091926     
  -19.599910618678361     
  -19.599901680166059     
  -19.599892741545155     
  -19.599883802805774     
  -19.599874863938041     
  -19.599865924932086     
  -19.599856985778036     
  -19.599848046466022     
  -19.599839106986174     
  -19.599830167328626     
  -19.003840492370713     
  -18.363977860751223     
  -17.644734002678462     
  -16.824262718887031     
  -15.895432647526556     
  -14.863408818426455     
  -13.741529150489603     
  -12.547142055280004     
  -11.298428056221478     
  -10.788536500240145     
  -10.273722658405321     
  -9.7549675087476100     
  -9.4944645882768040     
  -9.2333256127113614     
  -8.9716626895911418     
  -8.8406760877281751     
  -8.7620410217586837     
  -8.7358227992659216     
  -8.7274817093860051     
  -8.7191394338920425     
  -8.7107939512303005     
  -8.6857378711271469     
  -8.6439151668031986     
  -8.5600455489479756     
  -8.4759142890201069     
  -8.3915509370177208     
  -8.3069840079010397     
  -8.0521584535099500     
  -7.8818035509566791     
  -7.7112469155995740     
  -7.6259748923228470     
  -7.5496508482947089     
  -7.4988531602114650     
  -7.4481346721401023     
  -7.3975088350259446     
  -7.3469887859505825     
  -7.2723349032890798     
  -7.1979123095771600     
  -7.1237718774594239     
  -7.0499474601950070     
  -6.9764725949562276     
  -6.9033805407957285     
  -6.8597445899302496     
  -6.8163125941634188     
  -6.7730745943548172     
  -6.7300383610744499     
  -6.6872115620792361     
  -6.6446017593331925     
  -6.6022164054181616     
  -6.5600628394347176     
  -6.5390760141901554     
  -6.4764774462250800     
  -6.4350620577921180     
  -6.3939065857194262     
  -6.3530177287504639     
  -6.3124020418430558     
  -6.2720659309032998     
  -6.2520053744351998     
  -6.1922551953761555     
  -6.1527946598906080     
  -6.1136377344796609     
  -6.0747900065524254     
  -6.0362568869223550     
  -5.9980436062667595     
  -5.9601552119615100     
  -5.9225965653084707     
  -5.8853723391688852     
  -5.8484870160118803     
  -5.8119448863834480     
  -5.7757500477977066     
  -5.7399064040489547     
  -5.7044176649400828     
  -5.6692873464200719     
  -5.6345187711209466     
  -5.5491902082184943     
  -5.4661859260405397     
  -5.3855423304734424     
  -5.3072888141982713     
  -5.2314480853373126     
  -5.1580365468401848     
  -5.0870647134243860     
  -5.0185376533545583     
  -4.9524554432063432     
  -4.8888136249086092     
  -4.8276036556960786     
  -4.7688133430493398     
  -4.7124272581794271     
  -4.6584271230710632     
  -4.6067921674860832     
  -4.5574994536115749     
  -4.5105241671914991     
  -4.4658398749906034     
  -4.4234187492978299     
  -4.3832317608819213     
  -4.3094694937392157     
  -4.2442725203547704     
  -4.1873781016488971     
  -4.1385142281247704     
  -4.0974007767022442     
  -4.0637501750586109     
  -4.0372678472430508     
  -4.0176526477328602     
  -4.0045974245577156     
  -3.9977897916157779     
  -3.9969131394909554     
  -4.0016478746642221     
  -4.0116728492039933     
  -4.0266669259648573     
  -4.0463106164874123     
  -4.0702877283001069     
  -4.0982869632224297     
  -4.1300034167170159     
  -4.1651399387331889     
  -4.2034083275269687     
  -4.2445303386553475     
  -4.2882385010545114     
  -4.3342767404190781     
  -4.3824008168169666     
  -4.4323785885823428     
  -4.4839901181232067     
  -4.5370276375293770     
  -4.5912953929775417     
  -4.7294721732127707     
  -4.9458300483558846     
  -5.2387544165794413     
  -5.4535438228927751     
  -5.7947711212185125     
  -6.1074686174035415     
  -6.3896892078795755     
  -6.6426896050483917     
  -6.8694150212787770     
  -7.0735601567903306     
  -7.2589849853324884     
  -7.4293571294201310     
  -7.5879449839224220     
  -7.7375145309791353     
  -7.8802983933049093     
  -8.0180142910358470     
  -8.1519152793767393     
  -8.2828578553590511     
  -8.5374574972000339     
  -8.7836864661003240     
  -9.0209731490536171     
  -9.2482101322601373     
  -9.4644586901901011     
  -9.6691981140610572     
  -9.8623239224506314     
  -10.044045097701742     
  -10.270440079877359     
  -10.715412512344921     
  -11.023907126158560     
  -11.322990344848360     
  -11.366822174285712     
  -11.378540738962446     
  -11.381273929553842     
  -11.381740597045194     
