          1      183.000   -7.042    0.241   -2.396   -3.687   -4.016   -4.221   -4.383   -4.528   -4.622    0.000      293.000      293.000
          1      548.000   -7.015    0.240   -2.005   -3.201   -3.514   -3.690   -3.815   -3.939   -4.018    0.000      671.000      306.000
          1      913.000   -6.927    0.240   -1.806   -2.992   -3.306   -3.473   -3.587   -3.702   -3.777    0.000     1040.000      310.000
          1     1278.000   -6.805    0.240   -1.582   -2.769   -3.084   -3.256   -3.372   -3.494   -3.577    0.000     1418.000      323.000
          1     1643.000   -6.723    0.240   -1.414   -2.590   -2.904   -3.071   -3.184   -3.304   -3.386    0.000     1792.000      332.000
          1     2008.000   -6.560    0.240   -1.167   -2.360   -2.682   -2.853   -2.970   -3.098   -3.188    0.000     2167.000      342.000
          1     2373.000   -6.496    0.240   -1.017   -2.207   -2.531   -2.698   -2.810   -2.933   -3.018    0.000     2535.000      345.000
          1     2738.000   -6.416    0.240   -0.923   -2.081   -2.399   -2.567   -2.679   -2.803   -2.891    0.000     2902.000      347.000
          1     3103.000   -6.318    0.240   -0.817   -1.981   -2.304   -2.469   -2.576   -2.698   -2.785    0.000     3268.000      348.000
          1     3468.000   -6.163    0.240   -0.632   -1.840   -2.174   -2.352   -2.473   -2.607   -2.702    0.000     3639.000      354.000
