   1.0000000000000000     
  -18.600000000000001     
  -18.599981559700939     
  -18.599963119394584     
  -18.599944679073637     
  -18.599926238730809     
  -18.599907798358803     
  -18.599889357950325     
  -18.599870917498080     
  -18.599852476994787     
  -18.599834036433140     
  -18.599815595805850     
  -18.599797155105630     
  -18.599778714325183     
  -18.599760273457214     
  -18.599741832494434     
  -18.599723391429549     
  -18.599704950255266     
  -18.599686508964293     
  -18.599668067549345     
  -18.599649626003128     
  -18.599631184318351     
  -17.370175809402234     
  -16.108314427990081     
  -14.788395967051894     
  -13.395668373607592     
  -11.926888943552127     
  -10.388177589635776     
  -8.7916730666555072     
  -7.1523679911476012     
  -6.4890352162686842     
  -5.8223307329504284     
  -5.1532138706515278     
  -4.8181030167533496     
  -4.4827394362057138     
  -4.1472375023878794     
  -3.9794771280513448     
  -3.8788246434639158     
  -3.8452751113328376     
  -3.8343494253344432     
  -3.8234229487123574     
  -3.8124964804998362     
  -3.7797141773795513     
  -3.7250750990504171     
  -3.6157977526535019     
  -3.5066017712692794     
  -3.3975305471806170     
  -3.2886276458702302     
  -2.9627581831893535     
  -2.7473789997992286     
  -2.6852386910770112     
  -2.6543864673908160     
  -2.5625875382951091     
  -2.5020691723902688     
  -2.4421147450647078     
  -2.3543155011485433     
  -2.2684075631227385     
  -2.1849237511114437     
  -2.1040568126879675     
  -2.0260064884034472     
  -1.9509786075865923     
  -1.9075324393260598     
  -1.8650867659563941     
  -1.8233234527733215     
  -1.7822564103812466     
  -1.7418995406350533     
  -1.7022667165946972     
  -1.6633717601114353     
  -1.6252284170470799     
  -1.5878503301217677     
  -1.5512510093809890     
  -1.5332493047364495     
  -1.4804376171729929     
  -1.4462537489063736     
  -1.4129006925871983     
  -1.3803907680755643     
  -1.3487359347769377     
  -1.3179477453025936     
  -1.3028834301895567     
  -1.2590124126411488     
  -1.2308885296748491     
  -1.2036724322876307     
  -1.1773728692041647     
  -1.1519978616008921     
  -1.1275546446591367     
  -1.1040496086807787     
  -1.0814882403015087     
  -1.0598750644153445     
  -1.0392135875009967     
  -1.0195062431125956     
  -1.0007543403605681     
 -0.98295801625912271     
 -0.96611619285079531     
 -0.95022654003183826     
 -0.93528544499128530     
 -0.90206974275290808     
 -0.87463740039059545     
 -0.85282303452340846     
 -0.83641268738961572     
 -0.82514895090030871     
 -0.81873819363087352     
 -0.81685929682397251     
 -0.81917314120278251     
 -0.82533205754895778     
 -0.83498855287347384     
 -0.84780281061820761     
 -0.86344868395532037     
 -0.88161810755792358     
 -0.90202401401127807     
 -0.92440194467513848     
 -0.94851059487005984     
 -0.97413154172118621     
  -1.0010683841700680     
  -1.0291454913359193     
  -1.0582065171108692     
  -1.1188440617649429     
  -1.1819431315337501     
  -1.2467919837115675     
  -1.3128426003232321     
  -1.3796746365795602     
  -1.4469663813650389     
  -1.5144718188426061     
  -1.5820027395130554     
  -1.6494149115757581     
  -1.7165974602485270     
  -1.7834647530787278     
  -1.8499502277087783     
  -1.9160017165586940     
  -1.9815779195791645     
  -2.0466457537421903     
  -2.1111783692850188     
  -2.1751536708932742     
  -2.2385532196268438     
  -2.3013614206451316     
  -2.3635649244507535     
  -2.4251521868615131     
  -2.4861131463663413     
  -2.5464389878130778     
  -2.6061219692179081     
  -2.6651552944312424     
  -2.7235330188773865     
  -2.7812499789450174     
  -2.8383017381067219     
  -2.9393921098184537     
  -3.0840274202710107     
  -3.2635235628899779     
  -3.3882820920734917     
  -3.5778884109801825     
  -3.7459276707077636     
  -3.8941768683291333     
  -4.0246942073141829     
  -4.1396885619270991     
  -4.2414019649931820     
  -4.3320100082683402     
  -4.4135431511021990     
  -4.4878300407943277     
  -4.5564622493392397     
  -4.6207784576153230     
  -4.6818651408175977     
  -4.7405702452587120     
  -4.7975261692507134     
  -4.9075261556829588     
  -5.0140168468794748     
  -5.1172225345272304     
  -5.2166844565457318     
  -5.3117831868275545     
  -5.4020145106580086     
  -5.4870885418056785     
  -5.5669252715486994     
  -5.7006738594183854     
  -5.9543529490660534     
  -6.1233682688551587     
  -6.2682348382087829     
  -6.2872786672362020     
  -6.2918417082515639     
  -6.2927878665779247     
  -6.2929336534799711     
