          1        1.000 -13.700000000000   0.430000000000  -9.252666225166  -8.285000000000  -7.752000000000  -7.429000000000  -6.909000000000  -6.581000000000  -6.293000000000
          1        2.000 -11.800000000000   0.430000000000  -8.527714540867  -8.043406840056  -7.703404843985  -7.468260336390  -7.053283386907  -6.807102935348  -6.623608435242
          1        3.000 -10.900000000000   0.430000000000  -8.387611751727  -7.954930363374  -7.665328741347  -7.471798693847  -7.135360464436  -6.927765744933  -6.760366709350
          1        4.000  -8.300000000000   0.430000000000  -8.220553296797  -7.879319870937  -7.639852043215  -7.476765783191  -7.187490541314  -7.003717153476  -6.849770857081
          1        5.000 -12.000000000000   0.410000000000  -8.028191209094  -7.767277904691  -7.584016274506  -7.454774872231  -7.213366529993  -7.052297641210  -6.912104569106
          1        6.000 -14.400000000000   0.410000000000  -8.128724981573  -7.775259995643  -7.572354984923  -7.444416453040  -7.224673985191  -7.080747307338  -6.953684048306
          1        7.000 -15.700000000000   0.410000000000  -8.420862915734  -7.927385253774  -7.658168808091  -7.500796223313  -7.258998634355  -7.113623765356  -6.989890785084
          1        8.000 -16.200000000000   0.410000000000  -8.743953643541  -8.141925548829  -7.808426520165  -7.615607992654  -7.330793845976  -7.169069069275  -7.037303844035
          1        9.000  -3.100000000000   0.410000000000  -8.796701125607  -8.286095070149  -7.952970668154  -7.747171675840  -7.428821244301  -7.247167498159  -7.101461654111
          1       10.000  -3.600000000000   0.410000000000  -8.106084282201  -8.021221593253  -7.875741829569  -7.749781722450  -7.491078088311  -7.317752444416  -7.169138113910
          1       11.000 -13.200000000000   0.410000000000  -7.658113657282  -7.679935893730  -7.653280691712  -7.605529822517  -7.456128802009  -7.328151361077  -7.202975102927
          1       12.000 -25.300000000000   0.410000000000  -8.132455355643  -7.762038944408  -7.613118461026  -7.533148878745  -7.399101799095  -7.299042016967  -7.198817121327
          1       13.000 -25.600000000000   0.410000000000  -9.301307564182  -8.361703938699  -7.925299833067  -7.708158000733  -7.444978256190  -7.312083421900  -7.204399133161
          1       14.000 -30.300000000000   0.380000000000 -10.473260744735  -9.118883316326  -8.439732259702  -8.083537452075  -7.636636034611  -7.424299104815  -7.271522059536
          1       15.000 -28.700000000000   0.410000000000 -11.683313644560  -9.994885361989  -9.088044748089  -8.593178000047  -7.945996289865  -7.633921631436  -7.414315032447
          1       16.000 -29.200000000000   0.410000000000 -12.298014802176 -10.626067026814  -9.664969259957  -9.109056536517  -8.322693070549  -7.918669182727  -7.626394057827
          1       17.000 -23.800000000000   0.430000000000 -12.630758030964 -11.045575432044 -10.098605583953  -9.530813688114  -8.682390333926  -8.220692476720  -7.872719070579
          1       18.000 -19.700000000000   0.430000000000 -12.544257391863 -11.208476940173 -10.362574768608  -9.831156255455  -8.987047831706  -8.500910435331  -8.119156715031
          1       19.000 -20.400000000000   0.480000000000 -12.238512517818 -11.155684481515 -10.446318154954  -9.982711307235  -9.202899205239  -8.727477929170  -8.337535778588
          1       20.000 -15.100000000000   0.480000000000 -11.973549004864 -11.055877271656 -10.446380275653 -10.040717119160  -9.336560188681  -8.890169274449  -8.510963920657
          1       21.000 -13.100000000000   0.500000000000 -11.568316000631 -10.870357677499 -10.376904509994 -10.034391576322  -9.411581164386  -9.000933909296  -8.641457782919
          1       22.000 -22.700000000000   0.480000000000 -11.226703816027 -10.644062031169 -10.244294600340  -9.961938237179  -9.428753620096  -9.062243057218  -8.730772495243
          1       23.000 -24.800000000000   0.480000000000 -11.432052535561 -10.666121403543 -10.216944760561  -9.929413573826  -9.428210818825  -9.092044125193  -8.786390789870
          1       24.000 -27.800000000000   0.460000000000 -11.893268210770 -10.914301837787 -10.358346149145 -10.021226749715  -9.479367563839  -9.138966649727  -8.839368746745
          1       25.000 -31.900000000000   0.430000000000 -12.524671775426 -11.294283503960 -10.613979049512 -10.212887672848  -9.597112289360  -9.228913804310  -8.916349459358
          1       26.000 -31.300000000000   0.410000000000 -13.379702283849 -11.858824870034 -11.012361388504 -10.520299909251  -9.790240041943  -9.372237738990  -9.029919678655
          1       27.000 -27.600000000000   0.410000000000 -13.959472010894 -12.370489167812 -11.442507466741 -10.888862621353 -10.051718643131  -9.574025706154  -9.189283996033
          1       28.000 -25.400000000000   0.480000000000 -14.118275100322 -12.653995941551 -11.756236643415 -11.199657778478 -10.319192742031  -9.801560615380  -9.380094528895
          1       29.000 -22.200000000000   0.460000000000 -14.008803138683 -12.733338803610 -11.921314217934 -11.400236084760 -10.537843887127 -10.010846432111  -9.571152504553
          1       30.000 -22.600000000000   0.460000000000 -13.770346056063 -12.678380961743 -11.966719478542 -11.497284657000 -10.689588909555 -10.177356633888  -9.738168759166
          1       31.000 -10.300000000000   0.430000000000 -13.431422960891 -12.550945222352 -11.939866221657 -11.523518460464 -10.781949352631 -10.296976161917  -9.871017557266
          1       32.000 -11.600000000000   0.410000000000 -12.567159823561 -12.117265057899 -11.723574969309 -11.416705567118 -10.799001610983 -10.363511569102  -9.964884918994
          1       33.000 -10.200000000000   0.410000000000 -11.879432025800 -11.636693090591 -11.394381673440 -11.184659212436 -10.713585717566 -10.351462231152 -10.000588136895
          1       34.000  -7.900000000000   0.410000000000 -11.324539373448 -11.224289973025 -11.078479170962 -10.934323795215 -10.576528583803 -10.281608220472  -9.981958809339
          1       35.000 -17.200000000000   0.410000000000 -10.950972435487 -10.874015414169 -10.783203030776 -10.685088648350 -10.417015076089 -10.179636613935  -9.927187811990
          1       36.000 -27.700000000000   0.410000000000 -11.371312786911 -10.912396610647 -10.688618598607 -10.548921611787 -10.283924688487 -10.074726967287  -9.855516951949
          1       37.000 -24.000000000000   0.410000000000 -12.321311447307 -11.395707277031 -10.921766003408 -10.658717605088 -10.272828520055 -10.032929293215  -9.810905457393
          1       38.000 -27.600000000000   0.410000000000 -12.944461494959 -11.859280634987 -11.256168375754 -10.906727818441 -10.389307470817 -10.088149887385  -9.832228887466
          1       39.000 -29.700000000000   0.410000000000 -13.553766940277 -12.297032043127 -11.592195372801 -11.179392865235 -10.561667329732 -10.205119361016  -9.910096733057
          1       40.000 -26.600000000000   0.410000000000 -14.103798480063 -12.740082091547 -11.951627290624 -11.482563972949 -10.772066425213 -10.362414673195 -10.027503528116
          1       41.000 -26.300000000000   0.410000000000 -14.348675636337 -13.035142320578 -12.244390809679 -11.758463467736 -10.994439271726 -10.543806502763 -10.173179640495
          1       42.000 -25.400000000000   0.410000000000 -14.471871456284 -13.217997970711 -12.450672749437 -11.969785748682 -11.191635378584 -10.720456808860 -10.326598980043
          1       43.000 -34.900000000000   0.410000000000 -14.702366721498 -13.395239840167 -12.622804869056 -12.141931782774 -11.360072887490 -10.879890401308 -10.473091777875
          1       44.000 -37.600000000000   0.410000000000 -15.488992905010 -13.855873375705 -12.938021634156 -12.391057882756 -11.544911658163 -11.040096570732 -10.616779435143
          1       45.000 -35.300000000000   0.410000000000 -16.315578135779 -14.464173617085 -13.401554728266 -12.768946051872 -11.805997203555 -11.246143504416 -10.786844603013
          1       46.000 -31.600000000000   0.460000000000 -16.751506518928 -14.925600181025 -13.830787524783 -13.160593666561 -12.113175435068 -11.498346197195 -10.995427483461
          1       47.000 -27.900000000000   0.460000000000 -16.747564616411 -15.122334815517 -14.101934063281 -13.453718253444 -12.395129378353 -11.753602898663 -11.219998900583
          1       48.000 -12.400000000000   0.460000000000 -16.348426393687 -15.056880222811 -14.184532318957 -13.603116216364 -12.601293608141 -11.968217122993 -11.427072662186
          1       49.000  -6.500000000000   0.410000000000 -15.148088363600 -14.521408956566 -13.960919622400 -13.529672590887 -12.684412793212 -12.105180513208 -11.586366136154
          1       50.000  -1.300000000000   0.410000000000 -13.591458107153 -13.596144368857 -13.397329664005 -13.166909031843 -12.578469236008 -12.111188868435 -11.656804621066
          1       51.000  -3.200000000000   0.410000000000 -12.197467950477 -12.610103097923 -12.687426241117 -12.630646830784 -12.305903841284 -11.975731842844 -11.614920841705
          1       52.000  -9.900000000000   0.410000000000 -11.404622603339 -11.863002514122 -12.046467178143 -12.084252298814 -11.951377470829 -11.742992285499 -11.478410066964
          1       53.000 -14.300000000000   0.410000000000 -11.331861838564 -11.542338505125 -11.654818139485 -11.688446530562 -11.624190955941 -11.488078428091 -11.295423232598
          1       54.000 -15.800000000000   0.410000000000 -11.613979813745 -11.542250731028 -11.518293231192 -11.493781343385 -11.399186533157 -11.280357485607 -11.122316635294
          1       55.000 -12.300000000000   0.410000000000 -11.844187279019 -11.634445851070 -11.513674966428 -11.434370190030 -11.277962029901 -11.144864302962 -10.992381125976
          1       56.000  -3.800000000000   0.410000000000 -11.628993458466 -11.559559756468 -11.465929286776 -11.385474582157 -11.206639334654 -11.061011916129 -10.904991300710
          1       57.000  -8.300000000000   0.410000000000 -10.985638482103 -11.187720575507 -11.232852698135 -11.218126593732 -11.101803852695 -10.975850663556 -10.830170078899
          1       58.000  -2.800000000000   0.410000000000 -10.576447490448 -10.849274753399 -10.955188749007 -10.983940966064 -10.940195984567 -10.853074466118 -10.734631322654
          1       59.000  -3.500000000000   0.480000000000 -10.042567171402 -10.468709819821 -10.657270291783 -10.732736978674 -10.756627762608 -10.707290647809 -10.618587988245
          1       60.000  -7.800000000000   0.380000000000  -9.706726642504 -10.136063193447 -10.359215589828 -10.465812250916 -10.551485353600 -10.541255063637 -10.484650132510
          1       61.000 -23.400000000000   0.410000000000 -10.091893950668 -10.129475834708 -10.223399838117 -10.288458075617 -10.368277507840 -10.376186539522 -10.342931700757
          1       62.000 -10.000000000000   0.410000000000 -10.978147971990 -10.589108990134 -10.427825189177 -10.361949511323 -10.306257276834 -10.274871848568 -10.231887833996
          1       63.000  -3.800000000000   0.410000000000 -10.824890774534 -10.688436220671 -10.562840914756 -10.478682716898 -10.343680965979 -10.261777898286 -10.186270839241
          1       64.000 -16.600000000000   0.410000000000 -10.362595626516 -10.427591025738 -10.431887481341 -10.410625134174 -10.325428810388 -10.246752145841 -10.162868241350
          1       65.000 -22.400000000000   0.410000000000 -10.800756310370 -10.517944682166 -10.409607590357 -10.354875416166 -10.267225290738 -10.197767480888 -10.120867979279
          1       66.000 -15.000000000000   0.410000000000 -11.494209765129 -10.922304290842 -10.634822187167 -10.484830876277 -10.291321946859 -10.185497097889 -10.092743446705
          1       67.000  -7.800000000000   0.410000000000 -11.483677685803 -11.078922796175 -10.808044810082 -10.639686716146 -10.380496784836 -10.231624651555 -10.108258392806
          1       68.000 -22.600000000000   0.410000000000 -11.199629709418 -10.942216510093 -10.771044888334 -10.650097572286 -10.424355736336 -10.272979684149 -10.137599820232
          1       69.000 -27.600000000000   0.410000000000 -11.862029297108 -11.193170321873 -10.872395674500 -10.697652594230 -10.443334749512 -10.288831246391 -10.151773493532
          1       70.000 -27.600000000000   0.410000000000 -12.829899001330 -11.779543784006 -11.239941220290 -10.948736896791 -10.558995124899 -10.352207827968 -10.187289880551
          1       71.000 -30.700000000000   0.410000000000 -13.618048427394 -12.365241847118 -11.684834796917 -11.302846803122 -10.772541870521 -10.492711668836 -10.278286170126
          1       72.000 -33.900000000000   0.410000000000 -14.404523816384 -12.949807444659 -12.147863272162 -11.689733873221 -11.037444331641 -10.687300188017 -10.419178735967
          1       73.000 -35.100000000000   0.410000000000 -15.224493185674 -13.573659964356 -12.649657401062 -12.115360273295 -11.342493374441 -10.922357607450 -10.599246172391
          1       74.000 -31.800000000000   0.410000000000 -15.885060728231 -14.153617748655 -13.151714039910 -12.559183562159 -11.679469158312 -11.192010178826 -10.813584583339
          1       75.000 -24.300000000000   0.410000000000 -16.079093250403 -14.505557652597 -13.538054481406 -12.941152678316 -12.010171310835 -11.474658143722 -11.049656971093
          1       76.000 -14.900000000000   0.410000000000 -15.618251648471 -14.463330790253 -13.673911949626 -13.150624919089 -12.265743350369 -11.724295821608 -11.277229204304
          1       77.000 -10.000000000000   0.410000000000 -14.620831247131 -14.008111848103 -13.496930478558 -13.113609835879 -12.378635698085 -11.885717447603 -11.453811112555
          1       78.000 -15.800000000000   0.410000000000 -13.673351830803 -13.398673551464 -13.118680864474 -12.874751977657 -12.332950335564 -11.927520573423 -11.545340359653
          1       79.000 -19.100000000000   0.410000000000 -13.389737122891 -13.058558493185 -12.817391716598 -12.625707064324 -12.206539018545 -11.879310802740 -11.555277178955
          1       80.000 -19.700000000000   0.380000000000 -13.529119570646 -13.019021506614 -12.711359679130 -12.503087383769 -12.107352394556 -11.815767709856 -11.529205036851
          1       81.000 -21.700000000000   0.410000000000 -13.796368818058 -13.134481193177 -12.746002802398 -12.499578975123 -12.074260953115 -11.784167536227 -11.510184592770
          1       82.000 -22.400000000000   0.410000000000 -14.027391899609 -13.281686020261 -12.838787285638 -12.560750651581 -12.095805693233 -11.792299597979 -11.515462637897
          1       83.000 -19.200000000000   0.430000000000 -14.170080023764 -13.407975239449 -12.940142038823 -12.643369631425 -12.147398575634 -11.828665769145 -11.543403732913
          1       84.000 -19.900000000000   0.410000000000 -14.105003250173 -13.422597243271 -12.985252963389 -12.698005087690 -12.200621071553 -11.875648577585 -11.584310195488
          1       85.000 -12.200000000000   0.430000000000 -13.931341715495 -13.364923679863 -12.975020555836 -12.709317259949 -12.232448102877 -11.913262194407 -11.623400078572
          1       86.000 -21.300000000000   0.410000000000 -13.539842228699 -13.140957415301 -12.852363518470 -12.639928716678 -12.223312580418 -11.926966589011 -11.648911752487
          1       87.000 -19.900000000000   0.410000000000 -13.679734777065 -13.126853357923 -12.795830010305 -12.578545025118 -12.186257224409 -11.911713648477 -11.651224095639
          1       88.000 -20.300000000000   0.430000000000 -13.835134771702 -13.215786490759 -12.840139480659 -12.599386686231 -12.185395461978 -11.908617281497 -11.652437145437
          1       89.000 -20.000000000000   0.430000000000 -13.936237745463 -13.291450455877 -12.896234428633 -12.642751261348 -12.210174998424 -11.925703492699 -11.666539395194
          1       90.000 -19.000000000000   0.430000000000 -13.975360385722 -13.340692756486 -12.943578191734 -12.686152599956 -12.243761563248 -11.953337563501 -11.690298644049
          1       91.000 -18.900000000000   0.430000000000 -13.941835438687 -13.344753442793 -12.963876267812 -12.712855333952 -12.273662635176 -11.982380240063 -11.717737445266
          1       92.000 -21.300000000000   0.430000000000 -13.946584962386 -13.345079422407 -12.970553261001 -12.724868041291 -12.293897195881 -12.006022209865 -11.742981930787
          1       93.000 -17.300000000000   0.430000000000 -14.026761075188 -13.399372551631 -13.007607807980 -12.753901820090 -12.317007983394 -12.028639458641 -11.766319309455
          1       94.000 -17.900000000000   0.460000000000 -13.896023609692 -13.362150482327 -13.007754040929 -12.768555739471 -12.340869780561 -12.053813720343 -11.791580846694
          1       95.000 -22.400000000000   0.460000000000 -13.815444538208 -13.299991829088 -12.970172730830 -12.747614761498 -12.343781404984 -12.067194706135 -11.810814994926
          1       96.000 -23.400000000000   0.460000000000 -13.987210415502 -13.360863208404 -12.990043072026 -12.753524688972 -12.346425070111 -12.074085398862 -11.822844913230
          1       97.000 -19.600000000000   0.460000000000 -14.201412408569 -13.501015144480 -13.081037602087 -12.817459146946 -12.379299364940 -12.096438416709 -11.841342256360
          1       98.000 -18.400000000000   0.500000000000 -14.189615614616 -13.552696017828 -13.146267777597 -12.881813385039 -12.429451634997 -12.135997836888 -11.873208567408
          1       99.000 -12.400000000000   0.500000000000 -13.997950706800 -13.487483803233 -13.135600124229 -12.894906678531 -12.461487302029 -12.171075773661 -11.907160381157
          1      100.000 -14.400000000000   0.500000000000 -13.583256332737 -13.270459416149 -13.019679745471 -12.829700473739 -12.451822828006 -12.181862833713 -11.927920902269
          1      101.000 -13.100000000000   0.500000000000 -13.263831217841 -13.037391368029 -12.852455368352 -12.705365699139 -12.392786476506 -12.155453270337 -11.922550324581
          1      102.000 -12.000000000000   0.500000000000 -12.995095122029 -12.834561624970 -12.692529105236 -12.574232051294 -12.311225265166 -12.103484275929 -11.893331002117
          1      103.000 -13.600000000000   0.500000000000 -12.744325288110 -12.635770687550 -12.531264979640 -12.438231045180 -12.218470217415 -12.037204480102 -11.848540161648
          1      104.000 -13.200000000000   0.500000000000 -12.605644353937 -12.490188109151 -12.394519661692 -12.313051047869 -12.122488693121 -11.962734577388 -11.793249400840
          1      105.000 -14.300000000000   0.500000000000 -12.515902826718 -12.388056690900 -12.290931791141 -12.212572384151 -12.036214673154 -11.890110131421 -11.734815047824
          1      106.000 -17.100000000000   0.500000000000 -12.514591505916 -12.335023044277 -12.220182213599 -12.136704519640 -11.963349695385 -11.824704992640 -11.678917531419
          1      107.000 -17.300000000000   0.500000000000 -12.652720126963 -12.371827056233 -12.209598287286 -12.104731309238 -11.913815779567 -11.773212485774 -11.630735026719
          1      108.000 -15.900000000000   0.500000000000 -12.785863412495 -12.446262221223 -12.244090083519 -12.115986791949 -11.895601771088 -11.743984988055 -11.597455275214
          1      109.000 -14.600000000000   0.500000000000 -12.799169925477 -12.475070408609 -12.268438536996 -12.132819055043 -11.894707329961 -11.732733473624 -11.579687423269
          1      110.000  -4.600000000000   0.500000000000 -12.610592987285 -12.406241698502 -12.240669730357 -12.119708753721 -11.888286418965 -11.724798010158 -11.569005925464
          1      111.000   3.500000000000   0.000000000000   0.179232337382 -10.325697337944 -11.585732891859 -11.848887439526 -11.814594903864 -11.690679644622 -11.548695312181
          1      112.000  -4.500000000000   0.500000000000  -6.383670605291  -8.120160090845  -9.328989377420 -10.033498942082 -10.900283036441 -11.195798427469 -11.287400047029
          1      113.000  -2.100000000000   0.500000000000  -7.495626664249  -8.470661094563  -9.156831952195  -9.602925936169 -10.297596479659 -10.641846275295 -10.845230404699
          1      114.000   0.600000000000   0.000000000000  -0.421549807432  -7.823654932211  -8.942939466590  -9.413183545153 -10.003843710976 -10.307554989809 -10.515230954898
          1      115.000  -0.300000000000   0.500000000000  -5.301507382626  -6.796275949505  -7.840308899252  -8.487907811029  -9.429967280858  -9.887177061248 -10.181873052626
          1      116.000  -2.300000000000   0.500000000000  -6.105160533897  -7.109085783370  -7.809400914354  -8.274512663680  -9.049906167756  -9.492289439268  -9.818693715834
          1      117.000  -6.900000000000   0.500000000000  -6.634846516723  -7.360815864844  -7.880835344362  -8.236913755698  -8.862625180695  -9.246061876825  -9.550491920207
          1      118.000 -11.200000000000   0.500000000000  -7.223425857369  -7.661407718699  -8.017944882207  -8.279636624914  -8.773429343297  -9.095316895956  -9.364403115480
          1      119.000 -11.100000000000   0.500000000000  -7.878593391503  -8.045145746258  -8.238476872959  -8.404582295069  -8.762698236347  -9.017909417918  -9.243926465217
          1      120.000  -8.800000000000   0.500000000000  -8.371606287707  -8.402629950691  -8.486885117469  -8.578977545292  -8.815154853908  -9.003038416174  -9.181100083945
          1      121.000  -9.100000000000   0.500000000000  -8.607585686465  -8.629653120602  -8.678541172469  -8.735295370345  -8.892298742904  -9.026629613316  -9.161132146512
          1      122.000  -8.000000000000   0.500000000000  -8.731355242043  -8.762570289147  -8.803063120445  -8.845748476522  -8.960538926657  -9.060122670247  -9.162293655748
          1      123.000   1.400000000000   0.000000000000  -0.227326368040  -7.779350010441  -8.604923914523  -8.830265787101  -8.998391539222  -9.086205422994  -9.168466001569
          1      124.000   1.600000000000   0.000000000000   1.428556495703  -3.631782705858  -5.788772910284  -6.917889861175  -8.226132732437  -8.725849906079  -8.999454543117
          1      125.000  -6.900000000000   0.000000000000  -6.851321686558  -5.522514571778  -5.804012097930  -6.294219885976  -7.400611574431  -8.047814803079  -8.506525573180
          1      126.000  -7.600000000000   0.000000000000  -7.591314477973  -7.161394026475  -7.058940149899  -7.116627107837  -7.496735199165  -7.863012803998  -8.214057815300
          1      127.000  -7.200000000000   0.000000000000  -7.203279392841  -7.354739058889  -7.433493877444  -7.508764985190  -7.734484852275  -7.951624544877  -8.182300530293
          1      128.000   4.000000000000   0.000000000000   3.580923452284  -3.781805537520  -5.714059383584  -6.620251519722  -7.545904826385  -7.908668069618  -8.158497327031
          1      129.000   6.300000000000   0.000000000000   6.052494610364  -2.357629340341  -4.295704286864  -5.355035245617  -6.752896962115  -7.405451303425  -7.846443743384
          1      130.000   3.900000000000   0.000000000000   3.782225770695  -1.805140248205  -3.559813994203  -4.577545908859  -6.059637704985  -6.829784446878  -7.392088125080
          1      131.000  -1.200000000000   0.000000000000  -1.109522683029  -1.632097194986  -3.169980734676  -4.098359717037  -5.535515201602  -6.334816835095  -6.951649547233
          1      132.000   1.100000000000   0.000000000000   0.956816092738  -1.692321680775  -2.995179418192  -3.816346921286  -5.154830740321  -5.938891744101  -6.569199168506
          1      133.000   4.400000000000   0.000000000000   4.191828971730  -1.636628850754  -2.893594912495  -3.655109435739  -4.893346033968  -5.638990688366  -6.256893494785
          1      134.000   0.600000000000   0.000000000000   0.583185206456  -1.421042075579  -2.679840346419  -3.439405683806  -4.658752487484  -5.387597299478  -5.995307922730
          1      135.000  -0.300000000000   0.000000000000  -0.252251510993  -1.410197754973  -2.556416850820  -3.267787142778  -4.441549862493  -5.155533038326  -5.756735445847
          1      136.000   8.700000000000   0.000000000000   8.401126432488  -1.292599940357  -2.453083959527  -3.142271868251  -4.266192236497  -4.956376626528  -5.544681569884
          1      137.000   8.700000000000   0.000000000000   8.522529685095  -0.854331793495  -2.166147903597  -2.915414418667  -4.078882709845  -4.768408590964  -5.351563794092
          1      138.000  11.200000000000   0.000000000000  10.978465162984  -0.543894584924  -1.900080219316  -2.665628234275  -3.858919605863  -4.561591356566  -5.152608404157
          1      139.000  13.700000000000   0.000000000000  13.500736227170   0.052626726471  -1.516960684334  -2.356113303652  -3.620131827665  -4.343403243527  -4.946862948575
          1      140.000   8.800000000000   0.000000000000   8.720636511922   0.307625608512  -1.267259132043  -2.091365416014  -3.369284196600  -4.110252306098  -4.729695217757
          1      141.000   9.000000000000   0.000000000000   8.890518392795   0.569176865544  -1.105174631723  -1.898389467669  -3.151726507623  -3.892026035384  -4.517251417897
          1      142.000  11.300000000000   0.000000000000  11.153142404827   1.036193488237  -0.939923605161  -1.727332608668  -2.963205831144  -3.696383827105  -4.320340594200
          1      143.000   7.700000000000   0.000000000000   7.646139428567   1.739539759421  -0.797385562963  -1.565671305839  -2.787241445676  -3.514804585280  -4.136588165624
          1      144.000   5.400000000000   0.000000000000   5.361929057563   1.242102303689  -0.727968622590  -1.453797067296  -2.634367848715  -3.349453125577  -3.965526313570
          1      145.000   6.800000000000   0.000000000000   6.720566096741   1.297409201203  -0.694046486263  -1.378332335175  -2.509445874811  -3.205924050999  -3.811378614039
          1      146.000   6.700000000000   0.000000000000   6.632386723611   1.372302532334  -0.657941052881  -1.315873894900  -2.405920321236  -3.082538020671  -3.674800114131
          1      147.000   5.600000000000   0.000000000000   5.551141067356   1.222339151203  -0.622651084161  -1.258530276421  -2.314969440476  -2.973552692277  -3.552656688126
          1      148.000   8.800000000000   0.000000000000   8.687415424770   1.634606656590  -0.590309433939  -1.207736174988  -2.233513044941  -2.875347424365  -3.441819850713
          1      149.000   7.100000000000   0.000000000000   7.040805983601   1.627523347257  -0.539565976721  -1.151445072680  -2.157776875665  -2.785253881183  -3.340106720391
          1      150.000   0.400000000000   0.000000000000   0.446047337880   0.571902807406  -0.504274787979  -1.098042509956  -2.084264773692  -2.699799952189  -3.244704158236
          1      151.000   3.400000000000   0.000000000000   3.344362648149   0.548424735511  -0.517931119489  -1.071228461383  -2.019220072141  -2.620634822979  -3.155222087552
          1      152.000  -0.900000000000   0.000000000000  -0.780334868201   0.048601246788  -0.539862396512  -1.061522056296  -1.968312744547  -2.552202654033  -3.074283816388
          1      153.000  -0.600000000000   0.000000000000  -0.578465773342   0.006487661142  -0.553805359212  -1.055374254020  -1.928116637975  -2.494262945833  -3.002865389549
          1      154.000   0.000000000000   0.000000000000  -0.039331074996  -0.003146916925  -0.586688059456  -1.056676692340  -1.894616342174  -2.444104788942  -2.939561279082
          1      155.000  -0.800000000000   0.000000000000  -0.769547493108  -0.009031477128  -0.650053446789  -1.080524058023  -1.871712807156  -2.402407644518  -2.883887093927
          1      156.000  -1.500000000000   0.000000000000  -1.462975831306  -0.015376038468  -0.690087925071  -1.104735117034  -1.860100080773  -2.371007890887  -2.837230736466
          1      157.000   1.400000000000   0.000000000000   1.244634207334  -0.030028787126  -0.708862433332  -1.117524929223  -1.851400665325  -2.345754324091  -2.797820232391
          1      158.000   3.600000000000   0.000000000000   3.470736266578  -0.065885534305  -0.722915735649  -1.124166151350  -1.841364987233  -2.322486146314  -2.762519196985
          1      159.000   7.900000000000   0.000000000000   7.720882782467  -0.131106751095  -0.746014912158  -1.132962874614  -1.830805509225  -2.300112495002  -2.729578680384
          1      160.000   9.700000000000   0.000000000000   9.555733914479   0.015862867251  -0.745776510134  -1.138887987454  -1.822221652987  -2.279767306547  -2.699047835711
          1      161.000   8.800000000000   0.000000000000   8.696177441350   0.511152845214  -0.686640093359  -1.107585598924  -1.805957565397  -2.257837294342  -2.669589683745
          1      162.000  10.800000000000   0.000000000000  10.667464093305   1.844183757662  -0.564341972013  -1.038184091960  -1.773387555128  -2.227023249211  -2.636071189250
          1      163.000   2.100000000000   0.000000000000   2.142094787979   0.977089246048  -0.480667129103  -0.963581921678  -1.722787838182  -2.183193520468  -2.594229586242
          1      164.000   7.000000000000   0.000000000000   6.893929531206   1.180533718646  -0.448042034956  -0.913705786266  -1.669377644110  -2.132740699924  -2.545662299081
          1      165.000  12.400000000000   0.000000000000  12.235077604741   2.302062803364  -0.409594701844  -0.873329050835  -1.621721613214  -2.083453228312  -2.495720139616
          1      166.000  15.900000000000   0.000000000000  15.726479810223   4.510153970377  -0.230422362191  -0.781022292214  -1.571681756171  -2.034668874821  -2.446256102366
          1      167.000  14.200000000000   0.000000000000  14.095176629444   5.237125502733  -0.023888779784  -0.661496031592  -1.503951118393  -1.976291964239  -2.391942758226
          1      168.000  11.300000000000   0.000000000000  11.236370416051   4.794669416724   0.024989862681  -0.569412970175  -1.425501377823  -1.907887613586  -2.329959534277
          1      169.000  14.800000000000   0.000000000000  14.653641366189   5.204017751110   0.060220997410  -0.514664435157  -1.354677476208  -1.839201926598  -2.264654022101
          1      170.000  13.900000000000   0.000000000000  13.798716866418   5.570634360070   0.269479533072  -0.467674444243  -1.294776122948  -1.776627965122  -2.201818083584
          1      171.000  13.900000000000   0.000000000000  13.793792434943   5.651491885382   0.665929430165  -0.405114864933  -1.239665186567  -1.719028153966  -2.142692553009
          1      172.000  19.400000000000   0.000000000000  19.204394814584   7.078816032807   0.856972522638  -0.361063468200  -1.186353690334  -1.663521056362  -2.085766389800
          1      173.000  20.300000000000   0.000000000000  20.140189406879   8.428728323862   1.531561596953  -0.301060257877  -1.136676059424  -1.610914900569  -2.031098268156
          1      174.000  18.100000000000   0.000000000000  17.989278712859   8.318259355453   1.748218756774  -0.241543518073  -1.087230000711  -1.559630737639  -1.978127708531
          1      175.000  18.200000000000   0.000000000000  18.071495945596   8.207686907954   1.993928983442  -0.185018090247  -1.037689289488  -1.508955119586  -1.926124876041
          1      176.000  18.400000000000   0.000000000000  18.269797819005   8.354547589831   2.197130798372  -0.124522269597  -0.989940526933  -1.459237617866  -1.874953590360
          1      177.000  15.600000000000   0.000000000000  15.520309131596   7.885167470722   2.345914239895  -0.080613254596  -0.943810855462  -1.411071484317  -1.825104651684
          1      178.000  15.300000000000   0.000000000000  15.200904348751   7.358952843497   2.261524229912  -0.032657051333  -0.900643699033  -1.364832368155  -1.776741282778
          1      179.000   9.900000000000   0.000000000000   9.887087937379   5.982269350746   2.087443771257   0.021858480887  -0.860315246525  -1.321048349976  -1.730365052778
          1      180.000  12.000000000000   0.000000000000  11.903575947098   5.504342654546   1.850226182465   0.062382329902  -0.821942195178  -1.279244343217  -1.685853341716
          1      181.000  17.400000000000   0.000000000000  17.230742579746   7.126779286014   2.289933231074   0.180058412990  -0.785668517771  -1.239307952982  -1.643072058513
          1      182.000  16.700000000000   0.000000000000  16.593799185249   8.146198900139   2.858279397748   0.329961915041  -0.750668865463  -1.201086252562  -1.601989004444
          1      183.000  14.000000000000   0.000000000000  13.936812848574   7.624304042932   2.947887716837   0.574323660754  -0.708542019789  -1.161332299267  -1.561262296215
          1      184.000  15.400000000000   0.000000000000  15.289903959009   7.513767087790   2.913691816080   0.698531970480  -0.653364645369  -1.113872631307  -1.516704604397
          1      185.000  11.200000000000   0.000000000000  11.171621287779   6.740693112495   2.847340912050   0.783508604277  -0.591084349670  -1.060127605049  -1.467403848185
          1      186.000  12.700000000000   0.000000000000  12.609015798022   6.322239958701   2.603921559609   0.767842475860  -0.531338855547  -1.004454716272  -1.415150141615
          1      187.000  15.100000000000   0.000000000000  14.980912204264   7.117442014988   2.859408349063   0.895795373033  -0.475980522624  -0.950975342440  -1.363188464471
          1      188.000  19.200000000000   0.000000000000  19.036660990493   8.722476961841   3.476067595247   1.154570637393  -0.419674118815  -0.898067922482  -1.311803535427
          1      189.000  10.600000000000   0.000000000000  10.620198951600   7.641724728667   3.635520182620   1.423509727651  -0.343755760281  -0.839216672490  -1.258460449259
          1      190.000   5.600000000000   0.000000000000   5.627096182397   4.846930207261   2.638926812828   1.154946742059  -0.265786943479  -0.771641894557  -1.198515724959
          1      191.000   5.500000000000   0.000000000000   5.476218320468   3.435353614803   1.793745583002   0.790205544531  -0.217190828633  -0.713179455523  -1.140050644812
          1      192.000   5.300000000000   0.000000000000   5.272878141259   3.029751992986   1.458308812629   0.606211051580  -0.199818247044  -0.673891771301  -1.092069758232
          1      193.000   4.500000000000   0.000000000000   4.482500739510   2.681235825765   1.278744529016   0.519733854815  -0.193900963715  -0.648716660477  -1.055681079400
          1      194.000   4.800000000000   0.000000000000   4.769295952180   2.538654832935   1.157774489826   0.455705486449  -0.192600174253  -0.631381290755  -1.027543096648
          1      195.000   6.800000000000   0.000000000000   6.738096006951   3.046156758072   1.264491506814   0.471911250890  -0.193341046810  -0.618878668473  -1.005114761782
          1      196.000   8.200000000000   0.000000000000   8.133714326545   3.825334892417   1.586223857751   0.597981436700  -0.190597616566  -0.608167856604  -0.986263227322
          1      197.000   6.800000000000   0.000000000000   6.771814751108   3.885309106390   1.770317071160   0.719545810033  -0.175278919069  -0.594075866039  -0.967808277959
          1      198.000  11.800000000000   0.000000000000  11.677802934706   4.940849943920   2.032026502368   0.811685336023  -0.151415267597  -0.574100307739  -0.946644367148
          1      199.000  11.500000000000   0.000000000000  11.429243857132   5.925586216550   2.609579762087   1.104667209446  -0.100141958388  -0.546143854283  -0.921573354595
          1      200.000  14.200000000000   0.000000000000  14.086351244325   6.809202288883   3.021352697461   1.322208439245  -0.041075101857  -0.501132199136  -0.886182313929
          1      201.000  10.100000000000   0.000000000000  10.081173881686   6.481139197453   3.231380252877   1.551516164402   0.006514713148  -0.459847036981  -0.848128178928
          1      202.000   8.600000000000   0.000000000000   8.570592119107   5.417359898968   2.859941722640   1.447369657628   0.029107048406  -0.427793297212  -0.812979546429
          1      203.000  12.100000000000   0.000000000000  11.996072333891   5.823198577653   2.780507214687   1.374533453829   0.088929720445  -0.402617824600  -0.783277615065
          1      204.000   9.300000000000   0.000000000000   9.273412992593   5.776823325983   2.937485648932   1.494505621739   0.175367903775  -0.378104804706  -0.755881835875
          1      205.000   5.700000000000   0.000000000000   5.709438576015   4.441824208142   2.547790382386   1.392820767316   0.183460133120  -0.357105882347  -0.730632059890
          1      206.000   6.200000000000   0.000000000000   6.165656645641   3.688813376447   2.049215129039   1.130633891885   0.162989505665  -0.339568654066  -0.708139899297
          1      207.000   7.400000000000   0.000000000000   7.346692177155   3.867774432415   1.958576490310   1.035860774764   0.164198196959  -0.325876365831  -0.688646360055
          1      208.000   6.300000000000   0.000000000000   6.275413987786   3.805023184124   1.981549615419   1.051121097603   0.171850073018  -0.314377807078  -0.671681548761
          1      209.000   6.900000000000   0.000000000000   6.855965391838   3.763401441438   1.930877270178   1.027686128702   0.174193855483  -0.303787082232  -0.656317670453
          1      210.000   5.500000000000   0.000000000000   5.484019428222   3.501791315685   1.876456185219   1.014507945890   0.178454902241  -0.293947871180  -0.642080223912
          1      211.000   4.500000000000   0.000000000000   4.487708307028   2.966006181157   1.657887458848   0.922299209610   0.170279529894  -0.284871504798  -0.628786319192
          1      212.000   6.400000000000   0.000000000000   6.345555095536   3.144685278635   1.581111920865   0.854088491240   0.180145923161  -0.277299936622  -0.616609390584
          1      213.000  12.800000000000   0.000000000000  12.656408730827   5.083763739241   2.149905873638   1.045350456331   0.211061527669  -0.271281487233  -0.605875403207
          1      214.000   8.400000000000   0.000000000000   8.390943606697   5.475661338297   2.767762455277   1.442910595805   0.302462287240  -0.264524619045  -0.595794596836
          1      215.000  12.700000000000   0.000000000000  12.585026921060   5.990310007245   2.909360747310   1.542880515870   0.339440476414  -0.255201359715  -0.584923296486
          1      216.000  13.300000000000   0.000000000000  13.213873398456   6.990160837030   3.424052788657   1.815438740103   0.450681453908  -0.241715720962  -0.572450865886
          1      217.000  10.050000000000   0.000000000000  10.027306851934   6.559510098969   3.567645079097   2.017347285137   0.577905524064  -0.223156545891  -0.556327545332
          1      218.000  10.050000000000   0.000000000000   9.998769845759   5.986500519354   3.325512946143   1.943816647007   0.607656168246  -0.206663665358  -0.539637605099
          1      219.000  10.050000000000   0.000000000000   9.996646647086   5.866887934702   3.222562985389   1.893078093947   0.642112206225  -0.185033821696  -0.521418737761
          1      220.000  10.050000000000   0.000000000000   9.996156730805   5.839703706981   3.204232710239   1.896364169837   0.668041726714  -0.168050103529  -0.502802472835
          1      221.000   6.800000000000   0.000000000000   6.799838847070   5.026194524079   2.999346420652   1.841924726979   0.682193449573  -0.154248670670  -0.486442442456
          1      222.000   7.900000000000   0.000000000000   7.851047938794   4.591867947669   2.667123363933   1.661725954058   0.643890182600  -0.137286595307  -0.470151705341
          1      223.000   2.500000000000   0.000000000000   2.547819648547   3.307893692495   2.277035191722   1.499486273703   0.619370613632  -0.123648460112  -0.454029830351
          1      224.000   2.300000000000   0.000000000000   2.300002341550   2.056232903027   1.552878421622   1.105628774835   0.486355115394  -0.114968362910  -0.440507033843
          1      225.000   7.900000000000   0.000000000000   7.799993512716   3.068750067635   1.511440020813   0.909348119560   0.375694976281  -0.109976190725  -0.429678620507
          1      226.000  10.100000000000   0.000000000000  10.014061865780   4.692623989708   2.181085265334   1.185245876494   0.445920218276  -0.107282736065  -0.421315438031
          1      227.000  10.600000000000   0.000000000000  10.531069825268   5.574561124308   2.781638308319   1.566927057907   0.598826517995  -0.103602700743  -0.414127415568
          1      228.000   7.500000000000   0.000000000000   7.490992432436   5.163435219177   2.940272862249   1.779577453931   0.712019942452  -0.097501967092  -0.406568505135
          1      229.000   2.300000000000   0.000000000000   2.349979134339   3.332735549367   2.395831261981   1.625100157888   0.715842910118  -0.086004531750  -0.397381656208
          1      230.000   2.300000000000   0.000000000000   2.298899949247   2.070308860364   1.611669696529   1.178166289661   0.553871349060  -0.075387597566  -0.386284058907
          1      231.000   2.000000000000   0.000000000000   1.997928870566   1.625384562332   1.182632688418   0.845898242363   0.396640793281  -0.070634675718  -0.376695043466
          1      232.000   1.600000000000   0.000000000000   1.599247906246   1.292873392599   0.910564751424   0.638306344339   0.294454415420  -0.069674972308  -0.369753143042
          1      233.000   4.200000000000   0.000000000000   4.150936144794   1.749792762880   0.894844308319   0.548833351322   0.236857989966  -0.070436203390  -0.364935611686
          1      234.000   7.600000000000   0.000000000000   7.518082351529   3.094414890011   1.353735964788   0.719822376206   0.277737807931  -0.071722799754  -0.361485353974
          1      235.000   5.500000000000   0.000000000000   5.486987171471   3.446124450443   1.792734302967   1.022641952880   0.403810990739  -0.072290802028  -0.358675888853
          1      236.000   3.900000000000   0.000000000000   3.897864837790   2.850309393137   1.718700463845   1.083845653426   0.460694371547  -0.070729903079  -0.355562076565
          1      237.000   6.800000000000   0.000000000000   6.734472709728   3.210813887558   1.703183352432   1.042330645783   0.445374314254  -0.068199361942  -0.351714844029
          1      238.000  11.200000000000   0.000000000000  11.087498320367   4.851958968814   2.255777111512   1.254778690906   0.504892963522  -0.065536039959  -0.347560702971
          1      239.000   9.500000000000   0.000000000000   9.459667578081   5.550253408780   2.878875296502   1.665372388323   0.692171208297  -0.061361754549  -0.342959355304
          1      240.000   2.400000000000   0.000000000000   2.466341727213   3.741392121424   2.595792859696   1.727346003457   0.782599732602  -0.054916675460  -0.337403814590
          1      241.000   2.800000000000   0.000000000000   2.793310762942   2.326043265928   1.782398125959   1.307900684555   0.644335416110  -0.047964402056  -0.330780965142
          1      242.000   2.600000000000   0.000000000000   2.593667365147   1.951340297468   1.375132367846   0.981636343745   0.485342311407  -0.043826271890  -0.324276760835
          1      243.000  -0.200000000000   0.000000000000  -0.099060563529   1.053725996596   0.972698310721   0.739515638643   0.372961836778  -0.041774145395  -0.319010270924
          1      244.000   0.000000000000   0.000000000000  -0.018893673883   0.396844067659   0.507034567806   0.439925284246   0.240969591949  -0.041867441845  -0.314871574593
          1      245.000   3.600000000000   0.000000000000   3.543456261451   1.105549048648   0.497458974506   0.308753898780   0.151663885228  -0.044011984463  -0.312137760932
          1      246.000   3.750000000000   0.000000000000   3.723586892728   1.842757040934   0.852520192466   0.462096552043   0.189180657336  -0.047597262116  -0.310858085390
          1      247.000   3.900000000000   0.000000000000   3.875453704930   2.090043649627   1.066490038270   0.617646864921   0.260313188779  -0.050668592634  -0.310478766910
          1      248.000   3.100000000000   0.000000000000   3.091376914777   2.008471594821   1.138898941862   0.701061549555   0.306162862265  -0.052547160513  -0.310182033153
          1      249.000   3.400000000000   0.000000000000   3.379631318986   1.958325606400   1.117956834209   0.704279121900   0.314446418891  -0.053586407758  -0.309584514688
          1      250.000   5.100000000000   0.000000000000   5.053915469622   2.424294889652   1.242499790074   0.743090510080   0.323090029463  -0.054303226448  -0.308708892576
          1      251.000   2.100000000000   0.000000000000   2.119745405441   2.060908414001   1.282861451728   0.814665548040   0.358890349347  -0.054639161741  -0.307646212657
          1      252.000   0.900000000000   0.000000000000   0.913054823700   1.210241760011   0.939369809987   0.674141796693   0.321287967986  -0.054575419745  -0.306339948333
          1      253.000  -1.600000000000   0.000000000000  -1.537692359785   0.419700700291   0.522403960988   0.436114590169   0.220327281679  -0.055087020292  -0.304972755316
          1      254.000  -1.000000000000   0.000000000000  -0.977050623168   0.136063348461   0.236711462895   0.217568328097   0.114500345059  -0.056370582618  -0.303922259478
          1      255.000   0.600000000000   0.000000000000   0.476763292870   0.048139423365   0.100922249091   0.096554475665   0.051024993853  -0.057809916231  -0.303199346473
          1      256.000   0.700000000000   0.000000000000   0.648064757829   0.020655848017   0.044055433979   0.042465506085   0.023013709164  -0.068063077046  -0.304075309955
          1      257.000   1.400000000000   0.000000000000   1.341455971129   0.007362824777   0.018618120598   0.018000392611   0.008894735809  -0.078353294003  -0.308671861521
          1      258.000   0.200000000000   0.000000000000   0.196593932169   0.000702006191   0.006715566150   0.006860466455   0.003323327573  -0.082424346812  -0.312778707021
          1      259.000   0.200000000000   0.000000000000   0.193209569689  -0.002535410819   0.001414417656   0.002131581460   0.001236284782  -0.086166035843  -0.315265068708
          1      260.000  -1.400000000000   0.000000000000  -1.341565787995  -0.003914908848  -0.000015225767   0.000208232386   0.000131280542  -0.097854621694  -0.319179524930
          1      261.000  -1.600000000000   0.000000000000  -1.563762053556  -0.004472456768  -0.000015425443   0.000019336818   0.000019592758  -0.106008801695  -0.325168194406
          1      262.000  -3.600000000000   0.000000000000  -3.525509220525  -0.005093716055  -0.000015806303   0.000010924625   0.000009509161  -0.110023985189  -0.329590487630
          1      263.000  -3.600000000000   0.000000000000  -3.562001672080  -0.054099309431  -0.000016396719   0.000005882884   0.000001047101  -0.117311855628  -0.333308915257
          1      264.000  -4.200000000000   0.000000000000  -4.158727059476  -1.227495281749  -0.000017646025   0.000005649018   0.000000936826  -0.127296692338  -0.338968195400
          1      265.000  -3.900000000000   0.000000000000  -3.869272808330  -1.514609459046  -0.000025317416   0.000005639238   0.000000921589  -0.133102368276  -0.344431177998
          1      266.000  -5.400000000000   0.000000000000  -5.351450470326  -2.145251335010  -0.030296258930   0.000000232399  -0.000000447106  -0.136388631828  -0.348315032920
          1      267.000  -5.500000000000   0.000000000000  -5.458594068049  -2.391558964747  -0.380975624868  -0.000000000187  -0.000000629134  -0.141118505858  -0.351316311846
          1      268.000  -4.200000000000   0.000000000000  -4.177814116821  -2.125871710563  -0.568501895177  -0.000000000187  -0.000000629295  -0.150047552816  -0.355872779511
          1      269.000  -1.700000000000   0.000000000000  -1.709329286271  -1.342972820955  -0.485651605252  -0.000000000187  -0.000000632158  -0.156405543854  -0.361070199551
          1      270.000  -1.800000000000   0.000000000000  -1.788934532818  -0.974420838043  -0.381310991369  -0.000000000187  -0.000000670565  -0.160110951529  -0.365094654678
          1      271.000  -4.000000000000   0.000000000000  -3.958113447002  -1.532979717407  -0.434503752208  -0.000000000187  -0.000000693044  -0.163063780964  -0.367964960435
          1      272.000  -3.300000000000   0.000000000000  -3.282222665013  -1.730053404235  -0.623194541178  -0.000000055537  -0.000000693142  -0.169406654259  -0.371171488669
          1      273.000  -5.400000000000   0.000000000000  -5.352614447361  -2.425062642857  -0.921019614541  -0.205088013089  -0.000000695656  -0.176651421391  -0.375809369358
          1      274.000  -3.600000000000   0.000000000000  -3.589702120943  -2.269714342123  -1.140149145870  -0.393537661188  -0.000000776733  -0.181407460428  -0.380139105499
          1      275.000  -4.200000000000   0.000000000000  -4.148246624227  -2.272380909536  -1.142633301086  -0.471200865079  -0.000056996498  -0.184467605514  -0.383408760576
          1      276.000  -0.300000000000   0.410000000000  -2.099477050992  -1.596552942129  -0.977982157233  -0.492895229332  -0.013226637940  -0.188265004334  -0.386078438067
          1      277.000   3.100000000000   0.000000000000   0.200558116561  -1.126497242181  -0.772304108924  -0.446818587406  -0.072262342009  -0.203203012244  -0.391298784522
          1      278.000   0.400000000000   0.000000000000   0.373396662017  -0.562657752036  -0.537878537371  -0.377071691334  -0.085905546629  -0.231176668035  -0.405160969470
          1      279.000  -2.800000000000   0.380000000000  -0.008279255369  -0.392249262911  -0.406497453077  -0.317140534300  -0.099208140368  -0.252592934510  -0.421850685937
          1      280.000  -5.400000000000   0.380000000000  -0.014688746719  -0.316770047970  -0.337519573133  -0.278836505957  -0.114133300054  -0.269836472323  -0.437016802102
          1      281.000  -9.900000000000   0.360000000000  -0.027144375452  -0.272191346141  -0.294835763850  -0.252957698147  -0.131460748092  -0.286034508546  -0.451068399263
          1      282.000 -11.200000000000   0.280000000000  -0.077056223379  -0.242202019160  -0.265641901271  -0.234529212395  -0.150573179579  -0.302571393996  -0.464910001378
          1      283.000 -11.000000000000   0.360000000000  -0.255045765847  -0.220903871005  -0.244412080295  -0.221012614685  -0.170313733977  -0.319704559223  -0.479056200208
          1      284.000 -12.100000000000   0.330000000000  -0.475959620292  -0.210543732739  -0.228625296721  -0.211056792409  -0.189676296170  -0.337097631448  -0.493567765820
          1      285.000  -7.000000000000   0.380000000000  -0.670911348373  -0.230652912049  -0.218442565145  -0.204098342899  -0.208057506562  -0.354272919072  -0.508233831283
          1      286.000  -6.300000000000   0.380000000000  -0.762483233326  -0.294344701262  -0.217834657375  -0.200612543792  -0.225203497734  -0.370850206385  -0.522769008338
          1      287.000  -5.900000000000   0.380000000000  -0.790931123596  -0.365992202579  -0.231288728629  -0.202166184733  -0.241087667463  -0.386607346152  -0.536929576290
          1      288.000  -5.400000000000   0.380000000000  -0.800293534962  -0.419240248158  -0.255496647416  -0.209750980907  -0.255836581384  -0.401466318336  -0.550555781618
          1      289.000  -6.100000000000   0.380000000000  -0.804602232596  -0.455781931136  -0.282390956752  -0.222202328107  -0.269718415039  -0.415476244102  -0.563580878375
          1      290.000 -11.200000000000   0.380000000000  -0.832057629935  -0.483514670491  -0.307332585559  -0.237471138345  -0.283139098609  -0.428809171429  -0.576034720818
          1      291.000 -11.700000000000   0.380000000000  -0.939724328759  -0.519371338716  -0.331311905998  -0.254437389468  -0.296585622438  -0.441743698207  -0.588042333328
          1      292.000  -7.600000000000   0.380000000000  -1.076711181012  -0.580896238129  -0.361413244582  -0.274169751298  -0.310533920366  -0.454619091716  -0.599805333467
          1      293.000  -5.800000000000   0.360000000000  -1.135725859408  -0.649718172846  -0.402098401091  -0.299237743794  -0.325414729185  -0.467786413427  -0.611569351546
          1      294.000  -8.400000000000   0.360000000000  -1.128991535348  -0.694301467132  -0.444245375404  -0.329224898141  -0.341719963890  -0.481615398717  -0.623606594120
          1      295.000  -8.300000000000   0.360000000000  -1.147979154989  -0.723179981078  -0.479569317512  -0.360463066038  -0.360103950402  -0.496560497196  -0.636239479757
          1      296.000  -8.800000000000   0.360000000000  -1.191407550901  -0.756501578595  -0.512665712068  -0.392025844196  -0.381179610975  -0.513144881419  -0.649859391695
          1      297.000  -9.700000000000   0.360000000000  -1.246677752883  -0.796571601586  -0.548332063109  -0.425429624670  -0.405253425512  -0.531808000761  -0.664865946462
          1      298.000  -5.000000000000   0.410000000000  -1.304058209488  -0.843845216910  -0.588495623230  -0.461982662646  -0.432436269877  -0.552834716707  -0.681587444174
          1      299.000  -2.900000000000   0.410000000000  -1.289389361413  -0.880210618785  -0.630168858785  -0.501804243774  -0.462884296274  -0.576443376245  -0.700283334184
          1      300.000  -6.500000000000   0.410000000000  -1.217763620768  -0.886388854213  -0.662570691469  -0.541030335842  -0.496771768805  -0.602860050722  -0.721193999948
          1      301.000  -7.200000000000   0.410000000000  -1.175713212300  -0.879334248965  -0.684248697938  -0.576109630715  -0.533678679913  -0.632120740773  -0.744494604778
          1      302.000 -10.200000000000   0.410000000000  -1.188889144724  -0.885362768104  -0.705442330878  -0.608914193906  -0.572278588790  -0.663706763065  -0.770074345193
          1      303.000 -11.900000000000   0.410000000000  -1.259865925020  -0.915377311623  -0.734825335816  -0.643644346917  -0.611353951079  -0.696745427245  -0.797468026154
          1      304.000 -15.900000000000   0.410000000000  -1.387627622878  -0.977176407736  -0.778919067749  -0.684505845524  -0.650797928552  -0.730693870370  -0.826177337427
          1      305.000 -18.200000000000   0.410000000000  -1.583071824662  -1.077759705486  -0.843587679551  -0.735909886997  -0.691793107520  -0.765780434934  -0.856063430992
          1      306.000  -8.900000000000   0.430000000000  -1.821768693984  -1.222327358504  -0.935700293622  -0.803363756096  -0.736765307325  -0.803152676232  -0.887583275482
          1      307.000  -3.000000000000   0.430000000000  -1.937945465196  -1.360630357700  -1.044418413946  -0.887688952813  -0.789350515617  -0.844973330374  -0.921938901317
          1      308.000  -2.500000000000   0.410000000000  -1.864509294192  -1.416129194700  -1.128562984674  -0.971790264094  -0.851828101477  -0.893646885832  -0.960913891877
          1      309.000  -3.600000000000   0.410000000000  -1.717006930411  -1.398880414493  -1.170746567588  -1.037328850457  -0.919867066476  -0.948731893309  -1.005349978971
          1      310.000  -4.900000000000   0.410000000000  -1.601201440040  -1.362381046257  -1.188141633879  -1.083539608633  -0.984971409057  -1.005745257428  -1.053434381445
          1      311.000 -11.200000000000   0.410000000000  -1.557126317280  -1.341815025730  -1.201314195848  -1.119103537874  -1.042113323399  -1.059886474927  -1.101804700418
          1      312.000  -9.700000000000   0.410000000000  -1.629872418714  -1.364640295612  -1.227134648726  -1.154225496613  -1.091623450458  -1.109164824950  -1.147969870337
          1      313.000  -8.400000000000   0.410000000000  -1.757973212152  -1.436644082481  -1.278279115418  -1.199789783080  -1.137682435186  -1.154677550508  -1.191417174179
          1      314.000  -5.200000000000   0.410000000000  -1.855281662273  -1.520029644273  -1.344888629565  -1.256912590946  -1.185612083054  -1.199559653482  -1.233520274503
          1      315.000  -8.200000000000   0.410000000000  -1.889154146926  -1.582180829140  -1.408561974517  -1.317381154731  -1.237469120704  -1.246316061894  -1.276193876228
          1      316.000 -11.400000000000   0.410000000000  -1.927348348302  -1.628275891178  -1.462256264590  -1.373759419405  -1.291198056246  -1.294960997069  -1.320233862542
          1      317.000 -16.700000000000   0.410000000000  -2.044258337699  -1.697853188234  -1.521514031509  -1.430512095070  -1.344677990168  -1.344141559055  -1.365125110672
          1      318.000 -22.600000000000   0.410000000000  -2.281057931416  -1.824116221753  -1.607231475677  -1.499981772003  -1.400156586885  -1.394208223326  -1.410675775689
          1      319.000 -25.300000000000   0.410000000000  -2.654516330676  -2.033079745516  -1.740262407484  -1.597703659708  -1.464449745927  -1.448630850322  -1.458527091017
          1      320.000 -25.300000000000   0.410000000000  -3.107700490033  -2.319403130878  -1.930491990588  -1.736839623657  -1.547606767215  -1.513853311986  -1.512617475190
          1      321.000 -27.200000000000   0.410000000000  -3.549345461213  -2.638009104843  -2.162837466460  -1.916789203728  -1.658462440813  -1.597341362928  -1.578507977318
          1      322.000 -28.200000000000   0.410000000000  -3.960861024524  -2.957369867096  -2.415239864427  -2.125363721610  -1.798698777005  -1.703479523989  -1.660965659402
          1      323.000 -25.100000000000   0.430000000000  -4.343439527761  -3.272773084323  -2.678692631078  -2.353214545318  -1.964157143901  -1.831982842162  -1.761834720573
          1      324.000 -18.900000000000   0.430000000000  -4.628951118795  -3.554494862973  -2.936548378755  -2.588633625114  -2.148463396130  -1.979794125408  -1.880379946044
          1      325.000 -20.900000000000   0.430000000000  -4.748763205654  -3.751287826009  -3.154054620569  -2.806736984892  -2.339311258818  -2.140040630400  -2.013118901791
          1      326.000 -20.300000000000   0.460000000000  -4.806704691603  -3.880992763540  -3.320929302803  -2.988896448153  -2.519367662130  -2.300758055410  -2.152468447006
          1      327.000 -21.700000000000   0.460000000000  -4.866160957445  -3.992244893599  -3.461665544233  -3.144143007160  -2.681356274979  -2.452633790368  -2.290085241229
          1      328.000 -18.600000000000   0.460000000000  -4.927094715669  -4.092809502552  -3.586205023263  -3.281204204884  -2.827341307941  -2.593585678261  -2.421811527726
          1      329.000  -6.500000000000   0.430000000000  -4.959710733665  -4.179569793641  -3.697646366418  -3.404593230904  -2.960331559477  -2.724333376250  -2.546560342000
          1      330.000  -4.100000000000   0.410000000000  -4.797852604637  -4.178412918764  -3.762662013481  -3.498611815522  -3.078038073253  -2.844340925888  -2.663765258565
          1      331.000  -8.100000000000   0.460000000000  -4.489798968624  -4.060189427448  -3.745017547034  -3.532147065565  -3.164615546005  -2.944924179647  -2.768631074447
          1      332.000 -13.200000000000   0.380000000000  -4.261041344333  -3.926846223123  -3.685318980146  -3.518104966312  -3.212328543790  -3.016853164609  -2.853374214757
          1      333.000 -14.100000000000   0.380000000000  -4.266491823502  -3.887188519561  -3.654130491373  -3.503305214497  -3.236927196635  -3.064646965548  -2.917068713646
          1      334.000 -15.200000000000   0.380000000000  -4.417123244230  -3.954366486764  -3.688043799160  -3.526695204931  -3.265099121582  -3.104688948009  -2.968461253950
          1      335.000 -19.400000000000   0.380000000000  -4.615350544936  -4.072968299120  -3.767179883570  -3.587143469608  -3.311100634710  -3.151285296779  -3.018957552677
          1      336.000 -24.200000000000   0.360000000000  -4.914483392949  -4.251512067274  -3.889074101127  -3.681410552309  -3.377483544103  -3.210154972354  -3.075383415436
          1      337.000 -29.100000000000   0.360000000000  -5.351661219705  -4.519554738656  -4.072689905278  -3.822113500025  -3.470528113258  -3.286359203738  -3.142498232690
          1      338.000 -35.100000000000   0.360000000000  -5.920435901224  -4.884631632029  -4.329805007336  -4.021564975778  -3.600128288126  -3.387613844992  -3.226427444876
          1      339.000 -34.200000000000   0.360000000000  -6.594165872766  -5.343123890990  -4.664630461508  -4.286994098776  -3.774991196711  -3.521841416375  -3.334006686872
          1      340.000 -35.400000000000   0.360000000000  -7.206093208061  -5.819779129419  -5.044275987718  -4.604381787031  -3.996849150471  -3.693983283708  -3.470942715947
          1      341.000 -35.800000000000   0.360000000000  -7.726602847821  -6.259826842797  -5.421915642537  -4.937657088024  -4.250220504203  -3.898168746129  -3.636689862510
          1      342.000 -32.700000000000   0.360000000000  -8.165246799841  -6.659454779115  -5.782975670839  -5.268040921485  -4.518014788751  -4.122528626267  -3.824296458827
          1      343.000 -28.400000000000   0.360000000000  -8.445922797356  -6.978979614615  -6.102060054412  -5.575900457925  -4.785988972123  -4.355930424720  -4.025543853803
          1      344.000 -28.300000000000   0.360000000000  -8.545869745296  -7.181883634228  -6.345915660551  -5.832560310444  -5.034690678734  -4.584205416396  -4.230146412784
          1      345.000 -31.100000000000   0.360000000000  -8.604860567605  -7.316500322798  -6.524786505142  -6.032854116589  -5.249482139505  -4.793175463552  -4.426187416162
          1      346.000 -30.800000000000   0.330000000000  -8.785311658824  -7.478872390405  -6.694143872762  -6.209823368502  -5.437041277141  -4.980470352808  -4.607533548993
          1      347.000 -32.900000000000   0.360000000000  -9.120363122991  -7.732388186686  -6.910476932777  -6.409627103427  -5.621746504842  -5.158464384564  -4.778800242592
          1      348.000 -31.100000000000   0.360000000000  -9.388671235790  -7.989680253927  -7.148103014766  -6.632261605295  -5.819214733167  -5.341589909981  -4.950358203726
          1      349.000 -28.100000000000   0.360000000000  -9.527085005487  -8.178359163298  -7.352097846648  -6.838673393204  -6.016381236637  -5.527444027728  -5.124584614792
          1      350.000 -10.900000000000   0.380000000000  -9.479645704619  -8.268629276912  -7.496002320046  -7.004259371271  -6.195468515983  -5.704410458430  -5.294963064794
          1      351.000  -9.400000000000   0.380000000000  -8.985447384321  -8.113180001661  -7.493496712493  -7.072081435479  -6.328946256375  -5.855384317881  -5.450468132457
          1      352.000 -11.400000000000   0.380000000000  -8.356197067197  -7.775845738549  -7.329046751099  -7.003318471153  -6.378012199656  -5.950966838207  -5.570412513687
          1      353.000 -16.800000000000   0.410000000000  -7.926276565174  -7.469626557108  -7.125592356182  -6.869481708645  -6.354992509483  -5.984891304316  -5.642107334431
          1      354.000 -20.700000000000   0.410000000000  -7.757511428982  -7.294239143879  -6.977285613317  -6.751076572696  -6.305511128212  -5.981564055691  -5.675531648980
          1      355.000 -20.800000000000   0.410000000000  -7.773890287830  -7.244235771859  -6.909657674645  -6.684769499815  -6.266505948869  -5.970237586923  -5.691028767962
          1      356.000 -23.700000000000   0.410000000000  -7.875422602733  -7.276020575102  -6.909442931662  -6.672471319224  -6.254321221574  -5.969560252261  -5.705680821773
          1      357.000 -30.500000000000   0.410000000000  -8.042371310734  -7.361231925841  -6.956230259024  -6.701569577372  -6.269820748116  -5.986192540063  -5.728699510161
          1      358.000 -32.400000000000   0.410000000000  -8.342200785277  -7.528870957505  -7.061082099215  -6.776125280839  -6.314191368652  -6.022642037735  -5.764224859008
          1      359.000 -30.200000000000   0.460000000000  -8.722066766726  -7.775094749747  -7.231914442109  -6.906177827365  -6.395250791927  -6.084951878257  -5.817339625738
          1      360.000 -28.400000000000   0.460000000000  -9.028228572335  -8.021650811090  -7.429427123777  -7.071170764084  -6.510332168424  -6.175370965393  -5.892038343316
          1      361.000 -18.900000000000   0.460000000000  -9.191091753804  -8.200919317544  -7.600796157531  -7.230516928965  -6.639512741791  -6.284068366926  -5.984619284329
          1      362.000 -15.300000000000   0.460000000000  -9.176179457873  -8.280248968747  -7.713772781511  -7.353872304232  -6.760139559866  -6.394974455870  -6.084693607062
          1      363.000 -24.700000000000   0.460000000000  -9.006750111086  -8.245652055821  -7.745805447381  -7.417343152425  -6.851733805689  -6.491603732555  -6.179732834353
          1      364.000 -22.300000000000   0.460000000000  -8.881952931393  -8.183784181899  -7.732034353867  -7.433118486965  -6.907297048796  -6.563170153732  -6.258962580847
          1      365.000 -19.600000000000   0.500000000000  -8.855194113831  -8.167687854694  -7.730826744479  -7.444829731279  -6.944651810970  -6.615527499623  -6.321686350883
