   1.0000000000000000     
  -19.600000000000001     
  -19.599987718415171     
  -19.599975436822945     
  -19.599963155215924     
  -19.599950873586717     
  -19.599938591927920     
  -19.599926310232139     
  -19.599914028491973     
  -19.599901746700041     
  -19.599889464848935     
  -19.599877182931269     
  -19.599864900939643     
  -19.599852618866663     
  -19.599840336704933     
  -19.599828054447055     
  -19.599815772085638     
  -19.599803489613286     
  -19.599791207022609     
  -19.599778924306207     
  -19.599766641456693     
  -19.599754358466669     
  -18.780878497104975     
  -17.929140713288678     
  -17.018393986142918     
  -16.033313326058405     
  -14.969975325195565     
  -13.833688355414228     
  -12.635633900633183     
  -11.389694209510481     
  -10.881929757861791     
  -10.369689994238211     
  -9.8538427535671378     
  -9.5948828489996210     
  -9.3353354071064629     
  -9.0753023450290247     
  -8.9451414298077498     
  -8.8670046584503606     
  -8.8409529595606404     
  -8.8326672851054937     
  -8.8243804948597386     
  -8.8160907030001319     
  -8.7912029296608072     
  -8.7496646604246244     
  -8.6663777007772627     
  -8.5828448759056890     
  -8.4990935761898267     
  -8.4151503703722881     
  -8.1622578774963781     
  -7.9932191879233940     
  -7.8239922663401185     
  -7.7393867763989022     
  -7.6636396108401605     
  -7.6132252066629746     
  -7.5628886289688300     
  -7.5126429444071992     
  -7.4625009427815874     
  -7.3884027288484759     
  -7.3145298899622926     
  -7.2409316248756177     
  -7.1676408814175474     
  -7.0946903347956827     
  -7.0221124169175972     
  -6.9787809526114382     
  -6.9356489601463478     
  -6.8927071405147071     
  -6.8499631548442093     
  -6.8074245662211395     
  -6.7650988363797673     
  -6.7229933218313453     
  -6.6811152695255291     
  -6.6602645351069807     
  -6.5980676172133297     
  -6.5569142493450130     
  -6.5160161391388964     
  -6.4753799102890817     
  -6.4350120457810576     
  -6.3949188825471390     
  -6.3749779369576229     
  -6.3155791911053907     
  -6.2763465948550357     
  -6.2374124868269369     
  -6.1987823995564613     
  -6.1604616916584733     
  -6.1224555442440263     
  -6.0847689577127850     
  -6.0474067489381209     
  -6.0103735488576175     
  -5.9736738004777568     
  -5.9373117572978362     
  -5.9012914821547264     
  -5.8656168464868426     
  -5.8302915300127651     
  -5.7953190208172858     
  -5.7607026158352150     
  -5.6757298047975668     
  -5.5930455661957197     
  -5.5126860683814023     
  -5.4346805350931842     
  -5.3590515679309849     
  -5.2858155195377368     
  -5.2149829044165603     
  -5.1465588347727573     
  -5.0805434696186307     
  -5.0169324665114789     
  -4.9557174266161610     
  -4.8968863252108417     
  -4.8404239212170310     
  -4.7863121407751876     
  -4.7345304312590670     
  -4.6850560833911246     
  -4.6378645202637099     
  -4.5929295530709897     
  -4.5502236042074671     
  -4.5097178990891571     
  -4.4352171777779832     
  -4.3691493086554969     
  -4.3112536852448393     
  -4.2612604339466129     
  -4.2188915421574116     
  -4.1838614828353871     
  -4.1558776073038217     
  -4.1346405133793249     
  -4.1198445310006946     
  -4.1111784082710852     
  -4.1083262307917723     
  -4.1109685680650241     
  -4.1187838128321452     
  -4.1314496617162915     
  -4.1486446770287415     
  -4.1700498683054370     
  -4.1953502362133701     
  -4.2242362291453883     
  -4.2564050725635294     
  -4.2915619416910866     
  -4.3294209585286403     
  -4.3697060037037057     
  -4.4121513419370855     
  -4.4565020667114474     
  -4.5025143750109677     
  -4.5499556868330302     
  -4.5986046266962664     
  -4.6482508857675526     
  -4.7403402804375316     
  -4.8834009153423175     
  -5.0755520059409331     
  -5.2151607669610396     
  -5.4338470779790438     
  -5.6284756849398354     
  -5.7963492178904126     
  -5.9372426336495732     
  -6.0524699592532301     
  -6.1442554724973890     
  -6.2153055780595761     
  -6.2685153077320326     
  -6.3067675735114959     
  -6.3327983705964268     
  -6.3491103508245983     
  -6.3579227123698008     
  -6.3611486031821247     
  -6.3603931689083186     
  -6.3508686817996685     
  -6.3378823428853881     
  -6.3253615353697690     
  -6.3150182324561550     
  -6.3072518434590465     
  -6.3018010486483664     
  -6.2981560822711007     
  -6.2957839812059637     
  -6.2937063026090057     
  -6.2930520171338209     
  -6.2930016320989033     
  -6.2930000108828006     
  -6.2930000001474271     
  -6.2930000000017525     
  -6.2930000000000952     
  -6.2930000000000863     
