3650
1	0.3
2	0.3
3	0.3
4	0.3
5	0.3
6	0.3
7	0.3
8	0.3
9	0.3
10	0.3
11	0.3
12	0.3
13	0.3
14	0.3
15	0.3
16	0.3
17	0.3
18	0.3
19	0.3
20	0.3
21	0.3
22	0.3
23	0.3
24	0.3
25	0.3
26	0.3
27	0.3
28	0.3
29	0.3
30	0.3
31	0.3
32	0.3
33	0.3
34	0.3
35	0.3
36	0.3
37	0.3
38	0.3
39	0.3
40	0.3
41	0.3
42	0.3
43	0.3
44	0.3
45	0.3
46	0.3
47	0.3
48	0.3
49	0.3
50	0.3
51	0.3
52	0.3
53	0.3
54	0.3
55	0.3
56	0.3
57	0.3
58	0.3
59	0.3
60	0.3
61	0.3
62	0.3
63	0.3
64	0.3
65	0.3
66	0.3
67	0.3
68	0.3
69	0.3
70	0.3
71	0.3
72	0.3
73	0.3
74	0.3
75	0.3
76	0.3
77	0.3
78	0.3
79	0.3
80	0.3
81	0.3
82	0.3
83	0.3
84	0.3
85	0.3
86	0.3
87	0.3
88	0.3
89	0.3
90	0.3
91	0.3
92	0.3
93	0.3
94	0.3
95	0.3
96	0.3
97	0.3
98	0.3
99	0.3
100	0.3
101	0.3
102	0.3
103	0.3
104	0.3
105	0.3
106	0.3
107	0.3
108	0.3
109	0.3
110	0.3
111	0.3
112	0.3
113	0.3
114	0.3
115	0.3
116	0.3
117	0.3
118	0.3
119	0.3
120	0.3
121	0.3
122	0.3
123	0.3
124	0.3
125	0.3
126	0.3
127	0.3
128	0.3
129	0.3
130	0.3
131	0.3
132	0.3
133	0.3
134	0.3
135	0.3
136	0.3
137	0.3
138	0.3
139	0.3
140	0.3
141	0.3
142	0.3
143	0.3
144	0.3
145	0.3
146	0.3
147	0.3
148	0.3
149	0.3
150	0.3
151	0.3
152	0.3
153	0.3
154	0.3
155	0.3
156	0.3
157	0.3
158	0.3
159	0.3
160	0.3
161	0.3
162	0.3
163	0.3
164	0.3
165	0.3
166	0.3
167	0.3
168	0.3
169	0.3
170	0.3
171	0.3
172	0.3
173	0.3
174	0.3
175	0.3
176	0.3
177	0.3
178	0.3
179	0.3
180	0.3
181	0.3
182	0.3
183	0.3
184	0.3
185	0.3
186	0.3
187	0.3
188	0.3
189	0.3
190	0.3
191	0.3
192	0.3
193	0.3
194	0.3
195	0.3
196	0.3
197	0.3
198	0.3
199	0.3
200	0.3
201	0.3
202	0.3
203	0.3
204	0.3
205	0.3
206	0.3
207	0.3
208	0.3
209	0.3
210	0.3
211	0.3
212	0.3
213	0.3
214	0.3
215	0.3
216	0.3
217	0.3
218	0.3
219	0.3
220	0.3
221	0.3
222	0.3
223	0.3
224	0.3
225	0.3
226	0.3
227	0.3
228	0.3
229	0.3
230	0.3
231	0.3
232	0.3
233	0.3
234	0.3
235	0.3
236	0.3
237	0.3
238	0.3
239	0.3
240	0.3
241	0.3
242	0.3
243	0.3
244	0.3
245	0.3
246	0.3
247	0.3
248	0.3
249	0.3
250	0.3
251	0.3
252	0.3
253	0.3
254	0.3
255	0.3
256	0.3
257	0.3
258	0.3
259	0.3
260	0.3
261	0.3
262	0.3
263	0.3
264	0.3
265	0.3
266	0.3
267	0.3
268	0.3
269	0.3
270	0.3
271	0.3
272	0.3
273	0.3
274	0.15
275	0.15
276	0.15
277	0.15
278	0.15
279	0.15
280	0.15
281	0.15
282	0.15
283	0.15
284	0.15
285	0.15
286	0.15
287	0.15
288	0.15
289	0.15
290	0.15
291	0.15
292	0.15
293	0.15
294	0.15
295	0.15
296	0.15
297	0.15
298	0.15
299	0.15
300	0.15
301	0.15
302	0.15
303	0.15
304	0.15
305	0.15
306	0.15
307	0.15
308	0.15
309	0.15
310	0.15
311	0.15
312	0.15
313	0.15
314	0.15
315	0.15
316	0.15
317	0.15
318	0.15
319	0.15
320	0.15
321	0.15
322	0.15
323	0.15
324	0.15
325	0.15
326	0.15
327	0.15
328	0.15
329	0.15
330	0.15
331	0.15
332	0.15
333	0.15
334	0.15
335	0.15
336	0.15
337	0.15
338	0.15
339	0.15
340	0.15
341	0.15
342	0.15
343	0.15
344	0.15
345	0.15
346	0.15
347	0.15
348	0.15
349	0.15
350	0.15
351	0.15
352	0.15
353	0.15
354	0.15
355	0.15
356	0.15
357	0.15
358	0.15
359	0.15
360	0.15
361	0.15
362	0.15
363	0.15
364	0.15
365	0.15
366	0.3
367	0.3
368	0.3
369	0.3
370	0.3
371	0.3
372	0.3
373	0.3
374	0.3
375	0.3
376	0.3
377	0.3
378	0.3
379	0.3
380	0.3
381	0.3
382	0.3
383	0.3
384	0.3
385	0.3
386	0.3
387	0.3
388	0.3
389	0.3
390	0.3
391	0.3
392	0.3
393	0.3
394	0.3
395	0.3
396	0.3
397	0.3
398	0.3
399	0.3
400	0.3
401	0.3
402	0.3
403	0.3
404	0.3
405	0.3
406	0.3
407	0.3
408	0.3
409	0.3
410	0.3
411	0.3
412	0.3
413	0.3
414	0.3
415	0.3
416	0.3
417	0.3
418	0.3
419	0.3
420	0.3
421	0.3
422	0.3
423	0.3
424	0.3
425	0.3
426	0.3
427	0.3
428	0.3
429	0.3
430	0.3
431	0.3
432	0.3
433	0.3
434	0.3
435	0.3
436	0.3
437	0.3
438	0.3
439	0.3
440	0.3
441	0.3
442	0.3
443	0.3
444	0.3
445	0.3
446	0.3
447	0.3
448	0.3
449	0.3
450	0.3
451	0.3
452	0.3
453	0.3
454	0.3
455	0.3
456	0.3
457	0.3
458	0.3
459	0.3
460	0.3
461	0.3
462	0.3
463	0.3
464	0.3
465	0.3
466	0.3
467	0.3
468	0.3
469	0.3
470	0.3
471	0.3
472	0.3
473	0.3
474	0.3
475	0.3
476	0.3
477	0.3
478	0.3
479	0.3
480	0.3
481	0.3
482	0.3
483	0.3
484	0.3
485	0.3
486	0.3
487	0.3
488	0.3
489	0.3
490	0.3
491	0.3
492	0.3
493	0.3
494	0.3
495	0.3
496	0.3
497	0.3
498	0.3
499	0.3
500	0.3
501	0.3
502	0.3
503	0.3
504	0.3
505	0.3
506	0.3
507	0.3
508	0.3
509	0.3
510	0.3
511	0.3
512	0.3
513	0.3
514	0.3
515	0.3
516	0.3
517	0.3
518	0.3
519	0.3
520	0.3
521	0.3
522	0.3
523	0.3
524	0.3
525	0.3
526	0.3
527	0.3
528	0.3
529	0.3
530	0.3
531	0.3
532	0.3
533	0.3
534	0.3
535	0.3
536	0.3
537	0.3
538	0.3
539	0.3
540	0.3
541	0.3
542	0.3
543	0.3
544	0.3
545	0.3
546	0.3
547	0.3
548	0.3
549	0.3
550	0.3
551	0.3
552	0.3
553	0.3
554	0.3
555	0.3
556	0.3
557	0.3
558	0.3
559	0.3
560	0.3
561	0.3
562	0.3
563	0.3
564	0.3
565	0.3
566	0.3
567	0.3
568	0.3
569	0.3
570	0.3
571	0.3
572	0.3
573	0.3
574	0.3
575	0.3
576	0.3
577	0.3
578	0.3
579	0.3
580	0.3
581	0.3
582	0.3
583	0.3
584	0.3
585	0.3
586	0.3
587	0.3
588	0.3
589	0.3
590	0.3
591	0.3
592	0.3
593	0.3
594	0.3
595	0.3
596	0.3
597	0.3
598	0.3
599	0.3
600	0.3
601	0.3
602	0.3
603	0.3
604	0.3
605	0.3
606	0.3
607	0.3
608	0.3
609	0.3
610	0.3
611	0.3
612	0.3
613	0.3
614	0.3
615	0.3
616	0.3
617	0.3
618	0.3
619	0.3
620	0.3
621	0.3
622	0.3
623	0.3
624	0.3
625	0.3
626	0.3
627	0.3
628	0.3
629	0.3
630	0.3
631	0.3
632	0.3
633	0.3
634	0.3
635	0.3
636	0.3
637	0.3
638	0.3
639	0.15
640	0.15
641	0.15
642	0.15
643	0.15
644	0.15
645	0.15
646	0.15
647	0.15
648	0.15
649	0.15
650	0.15
651	0.15
652	0.15
653	0.15
654	0.15
655	0.15
656	0.15
657	0.15
658	0.15
659	0.15
660	0.15
661	0.15
662	0.15
663	0.15
664	0.15
665	0.15
666	0.15
667	0.15
668	0.15
669	0.15
670	0.15
671	0.15
672	0.15
673	0.15
674	0.15
675	0.15
676	0.15
677	0.15
678	0.15
679	0.15
680	0.15
681	0.15
682	0.15
683	0.15
684	0.15
685	0.15
686	0.15
687	0.15
688	0.15
689	0.15
690	0.15
691	0.15
692	0.15
693	0.15
694	0.15
695	0.15
696	0.15
697	0.15
698	0.15
699	0.15
700	0.15
701	0.15
702	0.15
703	0.15
704	0.15
705	0.15
706	0.15
707	0.15
708	0.15
709	0.15
710	0.15
711	0.15
712	0.15
713	0.15
714	0.15
715	0.15
716	0.15
717	0.15
718	0.15
719	0.15
720	0.15
721	0.15
722	0.15
723	0.15
724	0.15
725	0.15
726	0.15
727	0.15
728	0.15
729	0.15
730	0.15
731	0.3
732	0.3
733	0.3
734	0.3
735	0.3
736	0.3
737	0.3
738	0.3
739	0.3
740	0.3
741	0.3
742	0.3
743	0.3
744	0.3
745	0.3
746	0.3
747	0.3
748	0.3
749	0.3
750	0.3
751	0.3
752	0.3
753	0.3
754	0.3
755	0.3
756	0.3
757	0.3
758	0.3
759	0.3
760	0.3
761	0.3
762	0.3
763	0.3
764	0.3
765	0.3
766	0.3
767	0.3
768	0.3
769	0.3
770	0.3
771	0.3
772	0.3
773	0.3
774	0.3
775	0.3
776	0.3
777	0.3
778	0.3
779	0.3
780	0.3
781	0.3
782	0.3
783	0.3
784	0.3
785	0.3
786	0.3
787	0.3
788	0.3
789	0.3
790	0.3
791	0.3
792	0.3
793	0.3
794	0.3
795	0.3
796	0.3
797	0.3
798	0.3
799	0.3
800	0.3
801	0.3
802	0.3
803	0.3
804	0.3
805	0.3
806	0.3
807	0.3
808	0.3
809	0.3
810	0.3
811	0.3
812	0.3
813	0.3
814	0.3
815	0.3
816	0.3
817	0.3
818	0.3
819	0.3
820	0.3
821	0.3
822	0.3
823	0.3
824	0.3
825	0.3
826	0.3
827	0.3
828	0.3
829	0.3
830	0.3
831	0.3
832	0.3
833	0.3
834	0.3
835	0.3
836	0.3
837	0.3
838	0.3
839	0.3
840	0.3
841	0.3
842	0.3
843	0.3
844	0.3
845	0.3
846	0.3
847	0.3
848	0.3
849	0.3
850	0.3
851	0.3
852	0.3
853	0.3
854	0.3
855	0.3
856	0.3
857	0.3
858	0.3
859	0.3
860	0.3
861	0.3
862	0.3
863	0.3
864	0.3
865	0.3
866	0.3
867	0.3
868	0.3
869	0.3
870	0.3
871	0.3
872	0.3
873	0.3
874	0.3
875	0.3
876	0.3
877	0.3
878	0.3
879	0.3
880	0.3
881	0.3
882	0.3
883	0.3
884	0.3
885	0.3
886	0.3
887	0.3
888	0.3
889	0.3
890	0.3
891	0.3
892	0.3
893	0.3
894	0.3
895	0.3
896	0.3
897	0.3
898	0.3
899	0.3
900	0.3
901	0.3
902	0.3
903	0.3
904	0.3
905	0.3
906	0.3
907	0.3
908	0.3
909	0.3
910	0.3
911	0.3
912	0.3
913	0.3
914	0.3
915	0.3
916	0.3
917	0.3
918	0.3
919	0.3
920	0.3
921	0.3
922	0.3
923	0.3
924	0.3
925	0.3
926	0.3
927	0.3
928	0.3
929	0.3
930	0.3
931	0.3
932	0.3
933	0.3
934	0.3
935	0.3
936	0.3
937	0.3
938	0.3
939	0.3
940	0.3
941	0.3
942	0.3
943	0.3
944	0.3
945	0.3
946	0.3
947	0.3
948	0.3
949	0.3
950	0.3
951	0.3
952	0.3
953	0.3
954	0.3
955	0.3
956	0.3
957	0.3
958	0.3
959	0.3
960	0.3
961	0.3
962	0.3
963	0.3
964	0.3
965	0.3
966	0.3
967	0.3
968	0.3
969	0.3
970	0.3
971	0.3
972	0.3
973	0.3
974	0.3
975	0.3
976	0.3
977	0.3
978	0.3
979	0.3
980	0.3
981	0.3
982	0.3
983	0.3
984	0.3
985	0.3
986	0.3
987	0.3
988	0.3
989	0.3
990	0.3
991	0.3
992	0.3
993	0.3
994	0.3
995	0.3
996	0.3
997	0.3
998	0.3
999	0.3
1000	0.3
1001	0.3
1002	0.3
1003	0.3
1004	0.15
1005	0.15
1006	0.15
1007	0.15
1008	0.15
1009	0.15
1010	0.15
1011	0.15
1012	0.15
1013	0.15
1014	0.15
1015	0.15
1016	0.15
1017	0.15
1018	0.15
1019	0.15
1020	0.15
1021	0.15
1022	0.15
1023	0.15
1024	0.15
1025	0.15
1026	0.15
1027	0.15
1028	0.15
1029	0.15
1030	0.15
1031	0.15
1032	0.15
1033	0.15
1034	0.15
1035	0.15
1036	0.15
1037	0.15
1038	0.15
1039	0.15
1040	0.15
1041	0.15
1042	0.15
1043	0.15
1044	0.15
1045	0.15
1046	0.15
1047	0.15
1048	0.15
1049	0.15
1050	0.15
1051	0.15
1052	0.15
1053	0.15
1054	0.15
1055	0.15
1056	0.15
1057	0.15
1058	0.15
1059	0.15
1060	0.15
1061	0.15
1062	0.15
1063	0.15
1064	0.15
1065	0.15
1066	0.15
1067	0.15
1068	0.15
1069	0.15
1070	0.15
1071	0.15
1072	0.15
1073	0.15
1074	0.15
1075	0.15
1076	0.15
1077	0.15
1078	0.15
1079	0.15
1080	0.15
1081	0.15
1082	0.15
1083	0.15
1084	0.15
1085	0.15
1086	0.15
1087	0.15
1088	0.15
1089	0.15
1090	0.15
1091	0.15
1092	0.15
1093	0.15
1094	0.15
1095	0.15
1096	0.3
1097	0.3
1098	0.3
1099	0.3
1100	0.3
1101	0.3
1102	0.3
1103	0.3
1104	0.3
1105	0.3
1106	0.3
1107	0.3
1108	0.3
1109	0.3
1110	0.3
1111	0.3
1112	0.3
1113	0.3
1114	0.3
1115	0.3
1116	0.3
1117	0.3
1118	0.3
1119	0.3
1120	0.3
1121	0.3
1122	0.3
1123	0.3
1124	0.3
1125	0.3
1126	0.3
1127	0.3
1128	0.3
1129	0.3
1130	0.3
1131	0.3
1132	0.3
1133	0.3
1134	0.3
1135	0.3
1136	0.3
1137	0.3
1138	0.3
1139	0.3
1140	0.3
1141	0.3
1142	0.3
1143	0.3
1144	0.3
1145	0.3
1146	0.3
1147	0.3
1148	0.3
1149	0.3
1150	0.3
1151	0.3
1152	0.3
1153	0.3
1154	0.3
1155	0.3
1156	0.3
1157	0.3
1158	0.3
1159	0.3
1160	0.3
1161	0.3
1162	0.3
1163	0.3
1164	0.3
1165	0.3
1166	0.3
1167	0.3
1168	0.3
1169	0.3
1170	0.3
1171	0.3
1172	0.3
1173	0.3
1174	0.3
1175	0.3
1176	0.3
1177	0.3
1178	0.3
1179	0.3
1180	0.3
1181	0.3
1182	0.3
1183	0.3
1184	0.3
1185	0.3
1186	0.3
1187	0.3
1188	0.3
1189	0.3
1190	0.3
1191	0.3
1192	0.3
1193	0.3
1194	0.3
1195	0.3
1196	0.3
1197	0.3
1198	0.3
1199	0.3
1200	0.3
1201	0.3
1202	0.3
1203	0.3
1204	0.3
1205	0.3
1206	0.3
1207	0.3
1208	0.3
1209	0.3
1210	0.3
1211	0.3
1212	0.3
1213	0.3
1214	0.3
1215	0.3
1216	0.3
1217	0.3
1218	0.3
1219	0.3
1220	0.3
1221	0.3
1222	0.3
1223	0.3
1224	0.3
1225	0.3
1226	0.3
1227	0.3
1228	0.3
1229	0.3
1230	0.3
1231	0.3
1232	0.3
1233	0.3
1234	0.3
1235	0.3
1236	0.3
1237	0.3
1238	0.3
1239	0.3
1240	0.3
1241	0.3
1242	0.3
1243	0.3
1244	0.3
1245	0.3
1246	0.3
1247	0.3
1248	0.3
1249	0.3
1250	0.3
1251	0.3
1252	0.3
1253	0.3
1254	0.3
1255	0.3
1256	0.3
1257	0.3
1258	0.3
1259	0.3
1260	0.3
1261	0.3
1262	0.3
1263	0.3
1264	0.3
1265	0.3
1266	0.3
1267	0.3
1268	0.3
1269	0.3
1270	0.3
1271	0.3
1272	0.3
1273	0.3
1274	0.3
1275	0.3
1276	0.3
1277	0.3
1278	0.3
1279	0.3
1280	0.3
1281	0.3
1282	0.3
1283	0.3
1284	0.3
1285	0.3
1286	0.3
1287	0.3
1288	0.3
1289	0.3
1290	0.3
1291	0.3
1292	0.3
1293	0.3
1294	0.3
1295	0.3
1296	0.3
1297	0.3
1298	0.3
1299	0.3
1300	0.3
1301	0.3
1302	0.3
1303	0.3
1304	0.3
1305	0.3
1306	0.3
1307	0.3
1308	0.3
1309	0.3
1310	0.3
1311	0.3
1312	0.3
1313	0.3
1314	0.3
1315	0.3
1316	0.3
1317	0.3
1318	0.3
1319	0.3
1320	0.3
1321	0.3
1322	0.3
1323	0.3
1324	0.3
1325	0.3
1326	0.3
1327	0.3
1328	0.3
1329	0.3
1330	0.3
1331	0.3
1332	0.3
1333	0.3
1334	0.3
1335	0.3
1336	0.3
1337	0.3
1338	0.3
1339	0.3
1340	0.3
1341	0.3
1342	0.3
1343	0.3
1344	0.3
1345	0.3
1346	0.3
1347	0.3
1348	0.3
1349	0.3
1350	0.3
1351	0.3
1352	0.3
1353	0.3
1354	0.3
1355	0.3
1356	0.3
1357	0.3
1358	0.3
1359	0.3
1360	0.3
1361	0.3
1362	0.3
1363	0.3
1364	0.3
1365	0.3
1366	0.3
1367	0.3
1368	0.3
1369	0.15
1370	0.15
1371	0.15
1372	0.15
1373	0.15
1374	0.15
1375	0.15
1376	0.15
1377	0.15
1378	0.15
1379	0.15
1380	0.15
1381	0.15
1382	0.15
1383	0.15
1384	0.15
1385	0.15
1386	0.15
1387	0.15
1388	0.15
1389	0.15
1390	0.15
1391	0.15
1392	0.15
1393	0.15
1394	0.15
1395	0.15
1396	0.15
1397	0.15
1398	0.15
1399	0.15
1400	0.15
1401	0.15
1402	0.15
1403	0.15
1404	0.15
1405	0.15
1406	0.15
1407	0.15
1408	0.15
1409	0.15
1410	0.15
1411	0.15
1412	0.15
1413	0.15
1414	0.15
1415	0.15
1416	0.15
1417	0.15
1418	0.15
1419	0.15
1420	0.15
1421	0.15
1422	0.15
1423	0.15
1424	0.15
1425	0.15
1426	0.15
1427	0.15
1428	0.15
1429	0.15
1430	0.15
1431	0.15
1432	0.15
1433	0.15
1434	0.15
1435	0.15
1436	0.15
1437	0.15
1438	0.15
1439	0.15
1440	0.15
1441	0.15
1442	0.15
1443	0.15
1444	0.15
1445	0.15
1446	0.15
1447	0.15
1448	0.15
1449	0.15
1450	0.15
1451	0.15
1452	0.15
1453	0.15
1454	0.15
1455	0.15
1456	0.15
1457	0.15
1458	0.15
1459	0.15
1460	0.15
1461	0.3
1462	0.3
1463	0.3
1464	0.3
1465	0.3
1466	0.3
1467	0.3
1468	0.3
1469	0.3
1470	0.3
1471	0.3
1472	0.3
1473	0.3
1474	0.3
1475	0.3
1476	0.3
1477	0.3
1478	0.3
1479	0.3
1480	0.3
1481	0.3
1482	0.3
1483	0.3
1484	0.3
1485	0.3
1486	0.3
1487	0.3
1488	0.3
1489	0.3
1490	0.3
1491	0.3
1492	0.3
1493	0.3
1494	0.3
1495	0.3
1496	0.3
1497	0.3
1498	0.3
1499	0.3
1500	0.3
1501	0.3
1502	0.3
1503	0.3
1504	0.3
1505	0.3
1506	0.3
1507	0.3
1508	0.3
1509	0.3
1510	0.3
1511	0.3
1512	0.3
1513	0.3
1514	0.3
1515	0.3
1516	0.3
1517	0.3
1518	0.3
1519	0.3
1520	0.3
1521	0.3
1522	0.3
1523	0.3
1524	0.3
1525	0.3
1526	0.3
1527	0.3
1528	0.3
1529	0.3
1530	0.3
1531	0.3
1532	0.3
1533	0.3
1534	0.3
1535	0.3
1536	0.3
1537	0.3
1538	0.3
1539	0.3
1540	0.3
1541	0.3
1542	0.3
1543	0.3
1544	0.3
1545	0.3
1546	0.3
1547	0.3
1548	0.3
1549	0.3
1550	0.3
1551	0.3
1552	0.3
1553	0.3
1554	0.3
1555	0.3
1556	0.3
1557	0.3
1558	0.3
1559	0.3
1560	0.3
1561	0.3
1562	0.3
1563	0.3
1564	0.3
1565	0.3
1566	0.3
1567	0.3
1568	0.3
1569	0.3
1570	0.3
1571	0.3
1572	0.3
1573	0.3
1574	0.3
1575	0.3
1576	0.3
1577	0.3
1578	0.3
1579	0.3
1580	0.3
1581	0.3
1582	0.3
1583	0.3
1584	0.3
1585	0.3
1586	0.3
1587	0.3
1588	0.3
1589	0.3
1590	0.3
1591	0.3
1592	0.3
1593	0.3
1594	0.3
1595	0.3
1596	0.3
1597	0.3
1598	0.3
1599	0.3
1600	0.3
1601	0.3
1602	0.3
1603	0.3
1604	0.3
1605	0.3
1606	0.3
1607	0.3
1608	0.3
1609	0.3
1610	0.3
1611	0.3
1612	0.3
1613	0.3
1614	0.3
1615	0.3
1616	0.3
1617	0.3
1618	0.3
1619	0.3
1620	0.3
1621	0.3
1622	0.3
1623	0.3
1624	0.3
1625	0.3
1626	0.3
1627	0.3
1628	0.3
1629	0.3
1630	0.3
1631	0.3
1632	0.3
1633	0.3
1634	0.3
1635	0.3
1636	0.3
1637	0.3
1638	0.3
1639	0.3
1640	0.3
1641	0.3
1642	0.3
1643	0.3
1644	0.3
1645	0.3
1646	0.3
1647	0.3
1648	0.3
1649	0.3
1650	0.3
1651	0.3
1652	0.3
1653	0.3
1654	0.3
1655	0.3
1656	0.3
1657	0.3
1658	0.3
1659	0.3
1660	0.3
1661	0.3
1662	0.3
1663	0.3
1664	0.3
1665	0.3
1666	0.3
1667	0.3
1668	0.3
1669	0.3
1670	0.3
1671	0.3
1672	0.3
1673	0.3
1674	0.3
1675	0.3
1676	0.3
1677	0.3
1678	0.3
1679	0.3
1680	0.3
1681	0.3
1682	0.3
1683	0.3
1684	0.3
1685	0.3
1686	0.3
1687	0.3
1688	0.3
1689	0.3
1690	0.3
1691	0.3
1692	0.3
1693	0.3
1694	0.3
1695	0.3
1696	0.3
1697	0.3
1698	0.3
1699	0.3
1700	0.3
1701	0.3
1702	0.3
1703	0.3
1704	0.3
1705	0.3
1706	0.3
1707	0.3
1708	0.3
1709	0.3
1710	0.3
1711	0.3
1712	0.3
1713	0.3
1714	0.3
1715	0.3
1716	0.3
1717	0.3
1718	0.3
1719	0.3
1720	0.3
1721	0.3
1722	0.3
1723	0.3
1724	0.3
1725	0.3
1726	0.3
1727	0.3
1728	0.3
1729	0.3
1730	0.3
1731	0.3
1732	0.3
1733	0.3
1734	0.15
1735	0.15
1736	0.15
1737	0.15
1738	0.15
1739	0.15
1740	0.15
1741	0.15
1742	0.15
1743	0.15
1744	0.15
1745	0.15
1746	0.15
1747	0.15
1748	0.15
1749	0.15
1750	0.15
1751	0.15
1752	0.15
1753	0.15
1754	0.15
1755	0.15
1756	0.15
1757	0.15
1758	0.15
1759	0.15
1760	0.15
1761	0.15
1762	0.15
1763	0.15
1764	0.15
1765	0.15
1766	0.15
1767	0.15
1768	0.15
1769	0.15
1770	0.15
1771	0.15
1772	0.15
1773	0.15
1774	0.15
1775	0.15
1776	0.15
1777	0.15
1778	0.15
1779	0.15
1780	0.15
1781	0.15
1782	0.15
1783	0.15
1784	0.15
1785	0.15
1786	0.15
1787	0.15
1788	0.15
1789	0.15
1790	0.15
1791	0.15
1792	0.15
1793	0.15
1794	0.15
1795	0.15
1796	0.15
1797	0.15
1798	0.15
1799	0.15
1800	0.15
1801	0.15
1802	0.15
1803	0.15
1804	0.15
1805	0.15
1806	0.15
1807	0.15
1808	0.15
1809	0.15
1810	0.15
1811	0.15
1812	0.15
1813	0.15
1814	0.15
1815	0.15
1816	0.15
1817	0.15
1818	0.15
1819	0.15
1820	0.15
1821	0.15
1822	0.15
1823	0.15
1824	0.15
1825	0.15
1826	0.3
1827	0.3
1828	0.3
1829	0.3
1830	0.3
1831	0.3
1832	0.3
1833	0.3
1834	0.3
1835	0.3
1836	0.3
1837	0.3
1838	0.3
1839	0.3
1840	0.3
1841	0.3
1842	0.3
1843	0.3
1844	0.3
1845	0.3
1846	0.3
1847	0.3
1848	0.3
1849	0.3
1850	0.3
1851	0.3
1852	0.3
1853	0.3
1854	0.3
1855	0.3
1856	0.3
1857	0.3
1858	0.3
1859	0.3
1860	0.3
1861	0.3
1862	0.3
1863	0.3
1864	0.3
1865	0.3
1866	0.3
1867	0.3
1868	0.3
1869	0.3
1870	0.3
1871	0.3
1872	0.3
1873	0.3
1874	0.3
1875	0.3
1876	0.3
1877	0.3
1878	0.3
1879	0.3
1880	0.3
1881	0.3
1882	0.3
1883	0.3
1884	0.3
1885	0.3
1886	0.3
1887	0.3
1888	0.3
1889	0.3
1890	0.3
1891	0.3
1892	0.3
1893	0.3
1894	0.3
1895	0.3
1896	0.3
1897	0.3
1898	0.3
1899	0.3
1900	0.3
1901	0.3
1902	0.3
1903	0.3
1904	0.3
1905	0.3
1906	0.3
1907	0.3
1908	0.3
1909	0.3
1910	0.3
1911	0.3
1912	0.3
1913	0.3
1914	0.3
1915	0.3
1916	0.3
1917	0.3
1918	0.3
1919	0.3
1920	0.3
1921	0.3
1922	0.3
1923	0.3
1924	0.3
1925	0.3
1926	0.3
1927	0.3
1928	0.3
1929	0.3
1930	0.3
1931	0.3
1932	0.3
1933	0.3
1934	0.3
1935	0.3
1936	0.3
1937	0.3
1938	0.3
1939	0.3
1940	0.3
1941	0.3
1942	0.3
1943	0.3
1944	0.3
1945	0.3
1946	0.3
1947	0.3
1948	0.3
1949	0.3
1950	0.3
1951	0.3
1952	0.3
1953	0.3
1954	0.3
1955	0.3
1956	0.3
1957	0.3
1958	0.3
1959	0.3
1960	0.3
1961	0.3
1962	0.3
1963	0.3
1964	0.3
1965	0.3
1966	0.3
1967	0.3
1968	0.3
1969	0.3
1970	0.3
1971	0.3
1972	0.3
1973	0.3
1974	0.3
1975	0.3
1976	0.3
1977	0.3
1978	0.3
1979	0.3
1980	0.3
1981	0.3
1982	0.3
1983	0.3
1984	0.3
1985	0.3
1986	0.3
1987	0.3
1988	0.3
1989	0.3
1990	0.3
1991	0.3
1992	0.3
1993	0.3
1994	0.3
1995	0.3
1996	0.3
1997	0.3
1998	0.3
1999	0.3
2000	0.3
2001	0.3
2002	0.3
2003	0.3
2004	0.3
2005	0.3
2006	0.3
2007	0.3
2008	0.3
2009	0.3
2010	0.3
2011	0.3
2012	0.3
2013	0.3
2014	0.3
2015	0.3
2016	0.3
2017	0.3
2018	0.3
2019	0.3
2020	0.3
2021	0.3
2022	0.3
2023	0.3
2024	0.3
2025	0.3
2026	0.3
2027	0.3
2028	0.3
2029	0.3
2030	0.3
2031	0.3
2032	0.3
2033	0.3
2034	0.3
2035	0.3
2036	0.3
2037	0.3
2038	0.3
2039	0.3
2040	0.3
2041	0.3
2042	0.3
2043	0.3
2044	0.3
2045	0.3
2046	0.3
2047	0.3
2048	0.3
2049	0.3
2050	0.3
2051	0.3
2052	0.3
2053	0.3
2054	0.3
2055	0.3
2056	0.3
2057	0.3
2058	0.3
2059	0.3
2060	0.3
2061	0.3
2062	0.3
2063	0.3
2064	0.3
2065	0.3
2066	0.3
2067	0.3
2068	0.3
2069	0.3
2070	0.3
2071	0.3
2072	0.3
2073	0.3
2074	0.3
2075	0.3
2076	0.3
2077	0.3
2078	0.3
2079	0.3
2080	0.3
2081	0.3
2082	0.3
2083	0.3
2084	0.3
2085	0.3
2086	0.3
2087	0.3
2088	0.3
2089	0.3
2090	0.3
2091	0.3
2092	0.3
2093	0.3
2094	0.3
2095	0.3
2096	0.3
2097	0.3
2098	0.3
2099	0.15
2100	0.15
2101	0.15
2102	0.15
2103	0.15
2104	0.15
2105	0.15
2106	0.15
2107	0.15
2108	0.15
2109	0.15
2110	0.15
2111	0.15
2112	0.15
2113	0.15
2114	0.15
2115	0.15
2116	0.15
2117	0.15
2118	0.15
2119	0.15
2120	0.15
2121	0.15
2122	0.15
2123	0.15
2124	0.15
2125	0.15
2126	0.15
2127	0.15
2128	0.15
2129	0.15
2130	0.15
2131	0.15
2132	0.15
2133	0.15
2134	0.15
2135	0.15
2136	0.15
2137	0.15
2138	0.15
2139	0.15
2140	0.15
2141	0.15
2142	0.15
2143	0.15
2144	0.15
2145	0.15
2146	0.15
2147	0.15
2148	0.15
2149	0.15
2150	0.15
2151	0.15
2152	0.15
2153	0.15
2154	0.15
2155	0.15
2156	0.15
2157	0.15
2158	0.15
2159	0.15
2160	0.15
2161	0.15
2162	0.15
2163	0.15
2164	0.15
2165	0.15
2166	0.15
2167	0.15
2168	0.15
2169	0.15
2170	0.15
2171	0.15
2172	0.15
2173	0.15
2174	0.15
2175	0.15
2176	0.15
2177	0.15
2178	0.15
2179	0.15
2180	0.15
2181	0.15
2182	0.15
2183	0.15
2184	0.15
2185	0.15
2186	0.15
2187	0.15
2188	0.15
2189	0.15
2190	0.15
2191	0.3
2192	0.3
2193	0.3
2194	0.3
2195	0.3
2196	0.3
2197	0.3
2198	0.3
2199	0.3
2200	0.3
2201	0.3
2202	0.3
2203	0.3
2204	0.3
2205	0.3
2206	0.3
2207	0.3
2208	0.3
2209	0.3
2210	0.3
2211	0.3
2212	0.3
2213	0.3
2214	0.3
2215	0.3
2216	0.3
2217	0.3
2218	0.3
2219	0.3
2220	0.3
2221	0.3
2222	0.3
2223	0.3
2224	0.3
2225	0.3
2226	0.3
2227	0.3
2228	0.3
2229	0.3
2230	0.3
2231	0.3
2232	0.3
2233	0.3
2234	0.3
2235	0.3
2236	0.3
2237	0.3
2238	0.3
2239	0.3
2240	0.3
2241	0.3
2242	0.3
2243	0.3
2244	0.3
2245	0.3
2246	0.3
2247	0.3
2248	0.3
2249	0.3
2250	0.3
2251	0.3
2252	0.3
2253	0.3
2254	0.3
2255	0.3
2256	0.3
2257	0.3
2258	0.3
2259	0.3
2260	0.3
2261	0.3
2262	0.3
2263	0.3
2264	0.3
2265	0.3
2266	0.3
2267	0.3
2268	0.3
2269	0.3
2270	0.3
2271	0.3
2272	0.3
2273	0.3
2274	0.3
2275	0.3
2276	0.3
2277	0.3
2278	0.3
2279	0.3
2280	0.3
2281	0.3
2282	0.3
2283	0.3
2284	0.3
2285	0.3
2286	0.3
2287	0.3
2288	0.3
2289	0.3
2290	0.3
2291	0.3
2292	0.3
2293	0.3
2294	0.3
2295	0.3
2296	0.3
2297	0.3
2298	0.3
2299	0.3
2300	0.3
2301	0.3
2302	0.3
2303	0.3
2304	0.3
2305	0.3
2306	0.3
2307	0.3
2308	0.3
2309	0.3
2310	0.3
2311	0.3
2312	0.3
2313	0.3
2314	0.3
2315	0.3
2316	0.3
2317	0.3
2318	0.3
2319	0.3
2320	0.3
2321	0.3
2322	0.3
2323	0.3
2324	0.3
2325	0.3
2326	0.3
2327	0.3
2328	0.3
2329	0.3
2330	0.3
2331	0.3
2332	0.3
2333	0.3
2334	0.3
2335	0.3
2336	0.3
2337	0.3
2338	0.3
2339	0.3
2340	0.3
2341	0.3
2342	0.3
2343	0.3
2344	0.3
2345	0.3
2346	0.3
2347	0.3
2348	0.3
2349	0.3
2350	0.3
2351	0.3
2352	0.3
2353	0.3
2354	0.3
2355	0.3
2356	0.3
2357	0.3
2358	0.3
2359	0.3
2360	0.3
2361	0.3
2362	0.3
2363	0.3
2364	0.3
2365	0.3
2366	0.3
2367	0.3
2368	0.3
2369	0.3
2370	0.3
2371	0.3
2372	0.3
2373	0.3
2374	0.3
2375	0.3
2376	0.3
2377	0.3
2378	0.3
2379	0.3
2380	0.3
2381	0.3
2382	0.3
2383	0.3
2384	0.3
2385	0.3
2386	0.3
2387	0.3
2388	0.3
2389	0.3
2390	0.3
2391	0.3
2392	0.3
2393	0.3
2394	0.3
2395	0.3
2396	0.3
2397	0.3
2398	0.3
2399	0.3
2400	0.3
2401	0.3
2402	0.3
2403	0.3
2404	0.3
2405	0.3
2406	0.3
2407	0.3
2408	0.3
2409	0.3
2410	0.3
2411	0.3
2412	0.3
2413	0.3
2414	0.3
2415	0.3
2416	0.3
2417	0.3
2418	0.3
2419	0.3
2420	0.3
2421	0.3
2422	0.3
2423	0.3
2424	0.3
2425	0.3
2426	0.3
2427	0.3
2428	0.3
2429	0.3
2430	0.3
2431	0.3
2432	0.3
2433	0.3
2434	0.3
2435	0.3
2436	0.3
2437	0.3
2438	0.3
2439	0.3
2440	0.3
2441	0.3
2442	0.3
2443	0.3
2444	0.3
2445	0.3
2446	0.3
2447	0.3
2448	0.3
2449	0.3
2450	0.3
2451	0.3
2452	0.3
2453	0.3
2454	0.3
2455	0.3
2456	0.3
2457	0.3
2458	0.3
2459	0.3
2460	0.3
2461	0.3
2462	0.3
2463	0.3
2464	0.15
2465	0.15
2466	0.15
2467	0.15
2468	0.15
2469	0.15
2470	0.15
2471	0.15
2472	0.15
2473	0.15
2474	0.15
2475	0.15
2476	0.15
2477	0.15
2478	0.15
2479	0.15
2480	0.15
2481	0.15
2482	0.15
2483	0.15
2484	0.15
2485	0.15
2486	0.15
2487	0.15
2488	0.15
2489	0.15
2490	0.15
2491	0.15
2492	0.15
2493	0.15
2494	0.15
2495	0.15
2496	0.15
2497	0.15
2498	0.15
2499	0.15
2500	0.15
2501	0.15
2502	0.15
2503	0.15
2504	0.15
2505	0.15
2506	0.15
2507	0.15
2508	0.15
2509	0.15
2510	0.15
2511	0.15
2512	0.15
2513	0.15
2514	0.15
2515	0.15
2516	0.15
2517	0.15
2518	0.15
2519	0.15
2520	0.15
2521	0.15
2522	0.15
2523	0.15
2524	0.15
2525	0.15
2526	0.15
2527	0.15
2528	0.15
2529	0.15
2530	0.15
2531	0.15
2532	0.15
2533	0.15
2534	0.15
2535	0.15
2536	0.15
2537	0.15
2538	0.15
2539	0.15
2540	0.15
2541	0.15
2542	0.15
2543	0.15
2544	0.15
2545	0.15
2546	0.15
2547	0.15
2548	0.15
2549	0.15
2550	0.15
2551	0.15
2552	0.15
2553	0.15
2554	0.15
2555	0.15
2556	0.3
2557	0.3
2558	0.3
2559	0.3
2560	0.3
2561	0.3
2562	0.3
2563	0.3
2564	0.3
2565	0.3
2566	0.3
2567	0.3
2568	0.3
2569	0.3
2570	0.3
2571	0.3
2572	0.3
2573	0.3
2574	0.3
2575	0.3
2576	0.3
2577	0.3
2578	0.3
2579	0.3
2580	0.3
2581	0.3
2582	0.3
2583	0.3
2584	0.3
2585	0.3
2586	0.3
2587	0.3
2588	0.3
2589	0.3
2590	0.3
2591	0.3
2592	0.3
2593	0.3
2594	0.3
2595	0.3
2596	0.3
2597	0.3
2598	0.3
2599	0.3
2600	0.3
2601	0.3
2602	0.3
2603	0.3
2604	0.3
2605	0.3
2606	0.3
2607	0.3
2608	0.3
2609	0.3
2610	0.3
2611	0.3
2612	0.3
2613	0.3
2614	0.3
2615	0.3
2616	0.3
2617	0.3
2618	0.3
2619	0.3
2620	0.3
2621	0.3
2622	0.3
2623	0.3
2624	0.3
2625	0.3
2626	0.3
2627	0.3
2628	0.3
2629	0.3
2630	0.3
2631	0.3
2632	0.3
2633	0.3
2634	0.3
2635	0.3
2636	0.3
2637	0.3
2638	0.3
2639	0.3
2640	0.3
2641	0.3
2642	0.3
2643	0.3
2644	0.3
2645	0.3
2646	0.3
2647	0.3
2648	0.3
2649	0.3
2650	0.3
2651	0.3
2652	0.3
2653	0.3
2654	0.3
2655	0.3
2656	0.3
2657	0.3
2658	0.3
2659	0.3
2660	0.3
2661	0.3
2662	0.3
2663	0.3
2664	0.3
2665	0.3
2666	0.3
2667	0.3
2668	0.3
2669	0.3
2670	0.3
2671	0.3
2672	0.3
2673	0.3
2674	0.3
2675	0.3
2676	0.3
2677	0.3
2678	0.3
2679	0.3
2680	0.3
2681	0.3
2682	0.3
2683	0.3
2684	0.3
2685	0.3
2686	0.3
2687	0.3
2688	0.3
2689	0.3
2690	0.3
2691	0.3
2692	0.3
2693	0.3
2694	0.3
2695	0.3
2696	0.3
2697	0.3
2698	0.3
2699	0.3
2700	0.3
2701	0.3
2702	0.3
2703	0.3
2704	0.3
2705	0.3
2706	0.3
2707	0.3
2708	0.3
2709	0.3
2710	0.3
2711	0.3
2712	0.3
2713	0.3
2714	0.3
2715	0.3
2716	0.3
2717	0.3
2718	0.3
2719	0.3
2720	0.3
2721	0.3
2722	0.3
2723	0.3
2724	0.3
2725	0.3
2726	0.3
2727	0.3
2728	0.3
2729	0.3
2730	0.3
2731	0.3
2732	0.3
2733	0.3
2734	0.3
2735	0.3
2736	0.3
2737	0.3
2738	0.3
2739	0.3
2740	0.3
2741	0.3
2742	0.3
2743	0.3
2744	0.3
2745	0.3
2746	0.3
2747	0.3
2748	0.3
2749	0.3
2750	0.3
2751	0.3
2752	0.3
2753	0.3
2754	0.3
2755	0.3
2756	0.3
2757	0.3
2758	0.3
2759	0.3
2760	0.3
2761	0.3
2762	0.3
2763	0.3
2764	0.3
2765	0.3
2766	0.3
2767	0.3
2768	0.3
2769	0.3
2770	0.3
2771	0.3
2772	0.3
2773	0.3
2774	0.3
2775	0.3
2776	0.3
2777	0.3
2778	0.3
2779	0.3
2780	0.3
2781	0.3
2782	0.3
2783	0.3
2784	0.3
2785	0.3
2786	0.3
2787	0.3
2788	0.3
2789	0.3
2790	0.3
2791	0.3
2792	0.3
2793	0.3
2794	0.3
2795	0.3
2796	0.3
2797	0.3
2798	0.3
2799	0.3
2800	0.3
2801	0.3
2802	0.3
2803	0.3
2804	0.3
2805	0.3
2806	0.3
2807	0.3
2808	0.3
2809	0.3
2810	0.3
2811	0.3
2812	0.3
2813	0.3
2814	0.3
2815	0.3
2816	0.3
2817	0.3
2818	0.3
2819	0.3
2820	0.3
2821	0.3
2822	0.3
2823	0.3
2824	0.3
2825	0.3
2826	0.3
2827	0.3
2828	0.3
2829	0.15
2830	0.15
2831	0.15
2832	0.15
2833	0.15
2834	0.15
2835	0.15
2836	0.15
2837	0.15
2838	0.15
2839	0.15
2840	0.15
2841	0.15
2842	0.15
2843	0.15
2844	0.15
2845	0.15
2846	0.15
2847	0.15
2848	0.15
2849	0.15
2850	0.15
2851	0.15
2852	0.15
2853	0.15
2854	0.15
2855	0.15
2856	0.15
2857	0.15
2858	0.15
2859	0.15
2860	0.15
2861	0.15
2862	0.15
2863	0.15
2864	0.15
2865	0.15
2866	0.15
2867	0.15
2868	0.15
2869	0.15
2870	0.15
2871	0.15
2872	0.15
2873	0.15
2874	0.15
2875	0.15
2876	0.15
2877	0.15
2878	0.15
2879	0.15
2880	0.15
2881	0.15
2882	0.15
2883	0.15
2884	0.15
2885	0.15
2886	0.15
2887	0.15
2888	0.15
2889	0.15
2890	0.15
2891	0.15
2892	0.15
2893	0.15
2894	0.15
2895	0.15
2896	0.15
2897	0.15
2898	0.15
2899	0.15
2900	0.15
2901	0.15
2902	0.15
2903	0.15
2904	0.15
2905	0.15
2906	0.15
2907	0.15
2908	0.15
2909	0.15
2910	0.15
2911	0.15
2912	0.15
2913	0.15
2914	0.15
2915	0.15
2916	0.15
2917	0.15
2918	0.15
2919	0.15
2920	0.15
2921	0.3
2922	0.3
2923	0.3
2924	0.3
2925	0.3
2926	0.3
2927	0.3
2928	0.3
2929	0.3
2930	0.3
2931	0.3
2932	0.3
2933	0.3
2934	0.3
2935	0.3
2936	0.3
2937	0.3
2938	0.3
2939	0.3
2940	0.3
2941	0.3
2942	0.3
2943	0.3
2944	0.3
2945	0.3
2946	0.3
2947	0.3
2948	0.3
2949	0.3
2950	0.3
2951	0.3
2952	0.3
2953	0.3
2954	0.3
2955	0.3
2956	0.3
2957	0.3
2958	0.3
2959	0.3
2960	0.3
2961	0.3
2962	0.3
2963	0.3
2964	0.3
2965	0.3
2966	0.3
2967	0.3
2968	0.3
2969	0.3
2970	0.3
2971	0.3
2972	0.3
2973	0.3
2974	0.3
2975	0.3
2976	0.3
2977	0.3
2978	0.3
2979	0.3
2980	0.3
2981	0.3
2982	0.3
2983	0.3
2984	0.3
2985	0.3
2986	0.3
2987	0.3
2988	0.3
2989	0.3
2990	0.3
2991	0.3
2992	0.3
2993	0.3
2994	0.3
2995	0.3
2996	0.3
2997	0.3
2998	0.3
2999	0.3
3000	0.3
3001	0.3
3002	0.3
3003	0.3
3004	0.3
3005	0.3
3006	0.3
3007	0.3
3008	0.3
3009	0.3
3010	0.3
3011	0.3
3012	0.3
3013	0.3
3014	0.3
3015	0.3
3016	0.3
3017	0.3
3018	0.3
3019	0.3
3020	0.3
3021	0.3
3022	0.3
3023	0.3
3024	0.3
3025	0.3
3026	0.3
3027	0.3
3028	0.3
3029	0.3
3030	0.3
3031	0.3
3032	0.3
3033	0.3
3034	0.3
3035	0.3
3036	0.3
3037	0.3
3038	0.3
3039	0.3
3040	0.3
3041	0.3
3042	0.3
3043	0.3
3044	0.3
3045	0.3
3046	0.3
3047	0.3
3048	0.3
3049	0.3
3050	0.3
3051	0.3
3052	0.3
3053	0.3
3054	0.3
3055	0.3
3056	0.3
3057	0.3
3058	0.3
3059	0.3
3060	0.3
3061	0.3
3062	0.3
3063	0.3
3064	0.3
3065	0.3
3066	0.3
3067	0.3
3068	0.3
3069	0.3
3070	0.3
3071	0.3
3072	0.3
3073	0.3
3074	0.3
3075	0.3
3076	0.3
3077	0.3
3078	0.3
3079	0.3
3080	0.3
3081	0.3
3082	0.3
3083	0.3
3084	0.3
3085	0.3
3086	0.3
3087	0.3
3088	0.3
3089	0.3
3090	0.3
3091	0.3
3092	0.3
3093	0.3
3094	0.3
3095	0.3
3096	0.3
3097	0.3
3098	0.3
3099	0.3
3100	0.3
3101	0.3
3102	0.3
3103	0.3
3104	0.3
3105	0.3
3106	0.3
3107	0.3
3108	0.3
3109	0.3
3110	0.3
3111	0.3
3112	0.3
3113	0.3
3114	0.3
3115	0.3
3116	0.3
3117	0.3
3118	0.3
3119	0.3
3120	0.3
3121	0.3
3122	0.3
3123	0.3
3124	0.3
3125	0.3
3126	0.3
3127	0.3
3128	0.3
3129	0.3
3130	0.3
3131	0.3
3132	0.3
3133	0.3
3134	0.3
3135	0.3
3136	0.3
3137	0.3
3138	0.3
3139	0.3
3140	0.3
3141	0.3
3142	0.3
3143	0.3
3144	0.3
3145	0.3
3146	0.3
3147	0.3
3148	0.3
3149	0.3
3150	0.3
3151	0.3
3152	0.3
3153	0.3
3154	0.3
3155	0.3
3156	0.3
3157	0.3
3158	0.3
3159	0.3
3160	0.3
3161	0.3
3162	0.3
3163	0.3
3164	0.3
3165	0.3
3166	0.3
3167	0.3
3168	0.3
3169	0.3
3170	0.3
3171	0.3
3172	0.3
3173	0.3
3174	0.3
3175	0.3
3176	0.3
3177	0.3
3178	0.3
3179	0.3
3180	0.3
3181	0.3
3182	0.3
3183	0.3
3184	0.3
3185	0.3
3186	0.3
3187	0.3
3188	0.3
3189	0.3
3190	0.3
3191	0.3
3192	0.3
3193	0.3
3194	0.15
3195	0.15
3196	0.15
3197	0.15
3198	0.15
3199	0.15
3200	0.15
3201	0.15
3202	0.15
3203	0.15
3204	0.15
3205	0.15
3206	0.15
3207	0.15
3208	0.15
3209	0.15
3210	0.15
3211	0.15
3212	0.15
3213	0.15
3214	0.15
3215	0.15
3216	0.15
3217	0.15
3218	0.15
3219	0.15
3220	0.15
3221	0.15
3222	0.15
3223	0.15
3224	0.15
3225	0.15
3226	0.15
3227	0.15
3228	0.15
3229	0.15
3230	0.15
3231	0.15
3232	0.15
3233	0.15
3234	0.15
3235	0.15
3236	0.15
3237	0.15
3238	0.15
3239	0.15
3240	0.15
3241	0.15
3242	0.15
3243	0.15
3244	0.15
3245	0.15
3246	0.15
3247	0.15
3248	0.15
3249	0.15
3250	0.15
3251	0.15
3252	0.15
3253	0.15
3254	0.15
3255	0.15
3256	0.15
3257	0.15
3258	0.15
3259	0.15
3260	0.15
3261	0.15
3262	0.15
3263	0.15
3264	0.15
3265	0.15
3266	0.15
3267	0.15
3268	0.15
3269	0.15
3270	0.15
3271	0.15
3272	0.15
3273	0.15
3274	0.15
3275	0.15
3276	0.15
3277	0.15
3278	0.15
3279	0.15
3280	0.15
3281	0.15
3282	0.15
3283	0.15
3284	0.15
3285	0.15
3286	0.3
3287	0.3
3288	0.3
3289	0.3
3290	0.3
3291	0.3
3292	0.3
3293	0.3
3294	0.3
3295	0.3
3296	0.3
3297	0.3
3298	0.3
3299	0.3
3300	0.3
3301	0.3
3302	0.3
3303	0.3
3304	0.3
3305	0.3
3306	0.3
3307	0.3
3308	0.3
3309	0.3
3310	0.3
3311	0.3
3312	0.3
3313	0.3
3314	0.3
3315	0.3
3316	0.3
3317	0.3
3318	0.3
3319	0.3
3320	0.3
3321	0.3
3322	0.3
3323	0.3
3324	0.3
3325	0.3
3326	0.3
3327	0.3
3328	0.3
3329	0.3
3330	0.3
3331	0.3
3332	0.3
3333	0.3
3334	0.3
3335	0.3
3336	0.3
3337	0.3
3338	0.3
3339	0.3
3340	0.3
3341	0.3
3342	0.3
3343	0.3
3344	0.3
3345	0.3
3346	0.3
3347	0.3
3348	0.3
3349	0.3
3350	0.3
3351	0.3
3352	0.3
3353	0.3
3354	0.3
3355	0.3
3356	0.3
3357	0.3
3358	0.3
3359	0.3
3360	0.3
3361	0.3
3362	0.3
3363	0.3
3364	0.3
3365	0.3
3366	0.3
3367	0.3
3368	0.3
3369	0.3
3370	0.3
3371	0.3
3372	0.3
3373	0.3
3374	0.3
3375	0.3
3376	0.3
3377	0.3
3378	0.3
3379	0.3
3380	0.3
3381	0.3
3382	0.3
3383	0.3
3384	0.3
3385	0.3
3386	0.3
3387	0.3
3388	0.3
3389	0.3
3390	0.3
3391	0.3
3392	0.3
3393	0.3
3394	0.3
3395	0.3
3396	0.3
3397	0.3
3398	0.3
3399	0.3
3400	0.3
3401	0.3
3402	0.3
3403	0.3
3404	0.3
3405	0.3
3406	0.3
3407	0.3
3408	0.3
3409	0.3
3410	0.3
3411	0.3
3412	0.3
3413	0.3
3414	0.3
3415	0.3
3416	0.3
3417	0.3
3418	0.3
3419	0.3
3420	0.3
3421	0.3
3422	0.3
3423	0.3
3424	0.3
3425	0.3
3426	0.3
3427	0.3
3428	0.3
3429	0.3
3430	0.3
3431	0.3
3432	0.3
3433	0.3
3434	0.3
3435	0.3
3436	0.3
3437	0.3
3438	0.3
3439	0.3
3440	0.3
3441	0.3
3442	0.3
3443	0.3
3444	0.3
3445	0.3
3446	0.3
3447	0.3
3448	0.3
3449	0.3
3450	0.3
3451	0.3
3452	0.3
3453	0.3
3454	0.3
3455	0.3
3456	0.3
3457	0.3
3458	0.3
3459	0.3
3460	0.3
3461	0.3
3462	0.3
3463	0.3
3464	0.3
3465	0.3
3466	0.3
3467	0.3
3468	0.3
3469	0.3
3470	0.3
3471	0.3
3472	0.3
3473	0.3
3474	0.3
3475	0.3
3476	0.3
3477	0.3
3478	0.3
3479	0.3
3480	0.3
3481	0.3
3482	0.3
3483	0.3
3484	0.3
3485	0.3
3486	0.3
3487	0.3
3488	0.3
3489	0.3
3490	0.3
3491	0.3
3492	0.3
3493	0.3
3494	0.3
3495	0.3
3496	0.3
3497	0.3
3498	0.3
3499	0.3
3500	0.3
3501	0.3
3502	0.3
3503	0.3
3504	0.3
3505	0.3
3506	0.3
3507	0.3
3508	0.3
3509	0.3
3510	0.3
3511	0.3
3512	0.3
3513	0.3
3514	0.3
3515	0.3
3516	0.3
3517	0.3
3518	0.3
3519	0.3
3520	0.3
3521	0.3
3522	0.3
3523	0.3
3524	0.3
3525	0.3
3526	0.3
3527	0.3
3528	0.3
3529	0.3
3530	0.3
3531	0.3
3532	0.3
3533	0.3
3534	0.3
3535	0.3
3536	0.3
3537	0.3
3538	0.3
3539	0.3
3540	0.3
3541	0.3
3542	0.3
3543	0.3
3544	0.3
3545	0.3
3546	0.3
3547	0.3
3548	0.3
3549	0.3
3550	0.3
3551	0.3
3552	0.3
3553	0.3
3554	0.3
3555	0.3
3556	0.3
3557	0.3
3558	0.3
3559	0.15
3560	0.15
3561	0.15
3562	0.15
3563	0.15
3564	0.15
3565	0.15
3566	0.15
3567	0.15
3568	0.15
3569	0.15
3570	0.15
3571	0.15
3572	0.15
3573	0.15
3574	0.15
3575	0.15
3576	0.15
3577	0.15
3578	0.15
3579	0.15
3580	0.15
3581	0.15
3582	0.15
3583	0.15
3584	0.15
3585	0.15
3586	0.15
3587	0.15
3588	0.15
3589	0.15
3590	0.15
3591	0.15
3592	0.15
3593	0.15
3594	0.15
3595	0.15
3596	0.15
3597	0.15
3598	0.15
3599	0.15
3600	0.15
3601	0.15
3602	0.15
3603	0.15
3604	0.15
3605	0.15
3606	0.15
3607	0.15
3608	0.15
3609	0.15
3610	0.15
3611	0.15
3612	0.15
3613	0.15
3614	0.15
3615	0.15
3616	0.15
3617	0.15
3618	0.15
3619	0.15
3620	0.15
3621	0.15
3622	0.15
3623	0.15
3624	0.15
3625	0.15
3626	0.15
3627	0.15
3628	0.15
3629	0.15
3630	0.15
3631	0.15
3632	0.15
3633	0.15
3634	0.15
3635	0.15
3636	0.15
3637	0.15
3638	0.15
3639	0.15
3640	0.15
3641	0.15
3642	0.15
3643	0.15
3644	0.15
3645	0.15
3646	0.15
3647	0.15
3648	0.15
3649	0.15
3650	0.15