7300
1	-13.7
2	-11.8
3	-10.9
4	-8.3
5	-12
6	-14.4
7	-15.7
8	-16.2
9	-3.1
10	-3.6
11	-13.2
12	-25.3
13	-25.6
14	-30.3
15	-28.7
16	-29.2
17	-23.8
18	-19.7
19	-20.4
20	-15.1
21	-13.1
22	-22.7
23	-24.8
24	-27.8
25	-31.9
26	-31.3
27	-27.6
28	-25.4
29	-22.2
30	-22.6
31	-10.3
32	-11.6
33	-10.2
34	-7.9
35	-17.2
36	-27.7
37	-24
38	-27.6
39	-29.7
40	-26.6
41	-26.3
42	-25.4
43	-34.9
44	-37.6
45	-35.3
46	-31.6
47	-27.9
48	-12.4
49	-6.5
50	-1.3
51	-3.2
52	-9.9
53	-14.3
54	-15.8
55	-12.3
56	-3.8
57	-8.3
58	-2.8
59	-3.5
60	-7.8
61	-23.4
62	-10
63	-3.8
64	-16.6
65	-22.4
66	-15
67	-7.8
68	-22.6
69	-27.6
70	-27.6
71	-30.7
72	-33.9
73	-35.1
74	-31.8
75	-24.3
76	-14.9
77	-10
78	-15.8
79	-19.1
80	-19.7
81	-21.7
82	-22.4
83	-19.2
84	-19.9
85	-12.2
86	-21.3
87	-19.9
88	-20.3
89	-20
90	-19
91	-18.9
92	-21.3
93	-17.3
94	-17.9
95	-22.4
96	-23.4
97	-19.6
98	-18.4
99	-12.4
100	-14.4
101	-13.1
102	-12
103	-13.6
104	-13.2
105	-14.3
106	-17.1
107	-17.3
108	-15.9
109	-14.6
110	-4.6
111	3.5
112	-4.5
113	-2.1
114	0.6
115	-0.3
116	-2.3
117	-6.9
118	-11.2
119	-11.1
120	-8.8
121	-9.1
122	-8
123	1.4
124	1.6
125	-6.9
126	-7.6
127	-7.2
128	4
129	6.3
130	3.9
131	-1.2
132	1.1
133	4.4
134	0.6
135	-0.3
136	8.7
137	8.7
138	11.2
139	13.7
140	8.8
141	9
142	11.3
143	7.7
144	5.4
145	6.8
146	6.7
147	5.6
148	8.8
149	7.1
150	0.4
151	3.4
152	-0.9
153	-0.6
154	0
155	-0.8
156	-1.5
157	1.4
158	3.6
159	7.9
160	9.7
161	8.8
162	10.8
163	2.1
164	7
165	12.4
166	15.9
167	14.2
168	11.3
169	14.8
170	13.9
171	13.9
172	19.4
173	20.3
174	18.1
175	18.2
176	18.4
177	15.6
178	15.3
179	9.9
180	12
181	17.4
182	16.7
183	14
184	15.4
185	11.2
186	12.7
187	15.1
188	19.2
189	10.6
190	5.6
191	5.5
192	5.3
193	4.5
194	4.8
195	6.8
196	8.2
197	6.8
198	11.8
199	11.5
200	14.2
201	10.1
202	8.6
203	12.1
204	9.3
205	5.7
206	6.2
207	7.4
208	6.3
209	6.9
210	5.5
211	4.5
212	6.4
213	12.8
214	8.4
215	12.7
216	13.3
217	10.05
218	10.05
219	10.05
220	10.05
221	6.8
222	7.9
223	2.5
224	2.3
225	7.9
226	10.1
227	10.6
228	7.5
229	2.3
230	2.3
231	2
232	1.6
233	4.2
234	7.6
235	5.5
236	3.9
237	6.8
238	11.2
239	9.5
240	2.4
241	2.8
242	2.6
243	-0.2
244	0
245	3.6
246	3.75
247	3.9
248	3.1
249	3.4
250	5.1
251	2.1
252	0.9
253	-1.6
254	-1
255	0.6
256	0.7
257	1.4
258	0.2
259	0.2
260	-1.4
261	-1.6
262	-3.6
263	-3.6
264	-4.2
265	-3.9
266	-5.4
267	-5.5
268	-4.2
269	-1.7
270	-1.8
271	-4
272	-3.3
273	-5.4
274	-3.6
275	-4.2
276	-0.3
277	3.1
278	0.4
279	-2.8
280	-5.4
281	-9.9
282	-11.2
283	-11
284	-12.1
285	-7
286	-6.3
287	-5.9
288	-5.4
289	-6.1
290	-11.2
291	-11.7
292	-7.6
293	-5.8
294	-8.4
295	-8.3
296	-8.8
297	-9.7
298	-5
299	-2.9
300	-6.5
301	-7.2
302	-10.2
303	-11.9
304	-15.9
305	-18.2
306	-8.9
307	-3
308	-2.5
309	-3.6
310	-4.9
311	-11.2
312	-9.7
313	-8.4
314	-5.2
315	-8.2
316	-11.4
317	-16.7
318	-22.6
319	-25.3
320	-25.3
321	-27.2
322	-28.2
323	-25.1
324	-18.9
325	-20.9
326	-20.3
327	-21.7
328	-18.6
329	-6.5
330	-4.1
331	-8.1
332	-13.2
333	-14.1
334	-15.2
335	-19.4
336	-24.2
337	-29.1
338	-35.1
339	-34.2
340	-35.4
341	-35.8
342	-32.7
343	-28.4
344	-28.3
345	-31.1
346	-30.8
347	-32.9
348	-31.1
349	-28.1
350	-10.9
351	-9.4
352	-11.4
353	-16.8
354	-20.7
355	-20.8
356	-23.7
357	-30.5
358	-32.4
359	-30.2
360	-28.4
361	-18.9
362	-15.3
363	-24.7
364	-22.3
365	-19.6
366	-13.7
367	-11.8
368	-10.9
369	-8.3
370	-12
371	-14.4
372	-15.7
373	-16.2
374	-3.1
375	-3.6
376	-13.2
377	-25.3
378	-25.6
379	-30.3
380	-28.7
381	-29.2
382	-23.8
383	-19.7
384	-20.4
385	-15.1
386	-13.1
387	-22.7
388	-24.8
389	-27.8
390	-31.9
391	-31.3
392	-27.6
393	-25.4
394	-22.2
395	-22.6
396	-10.3
397	-11.6
398	-10.2
399	-7.9
400	-17.2
401	-27.7
402	-24
403	-27.6
404	-29.7
405	-26.6
406	-26.3
407	-25.4
408	-34.9
409	-37.6
410	-35.3
411	-31.6
412	-27.9
413	-12.4
414	-6.5
415	-1.3
416	-3.2
417	-9.9
418	-14.3
419	-15.8
420	-12.3
421	-3.8
422	-8.3
423	-2.8
424	-3.5
425	-7.8
426	-23.4
427	-10
428	-3.8
429	-16.6
430	-22.4
431	-15
432	-7.8
433	-22.6
434	-27.6
435	-27.6
436	-30.7
437	-33.9
438	-35.1
439	-31.8
440	-24.3
441	-14.9
442	-10
443	-15.8
444	-19.1
445	-19.7
446	-21.7
447	-22.4
448	-19.2
449	-19.9
450	-12.2
451	-21.3
452	-19.9
453	-20.3
454	-20
455	-19
456	-18.9
457	-21.3
458	-17.3
459	-17.9
460	-22.4
461	-23.4
462	-19.6
463	-18.4
464	-12.4
465	-14.4
466	-13.1
467	-12
468	-13.6
469	-13.2
470	-14.3
471	-17.1
472	-17.3
473	-15.9
474	-14.6
475	-4.6
476	3.5
477	-4.5
478	-2.1
479	0.6
480	-0.3
481	-2.3
482	-6.9
483	-11.2
484	-11.1
485	-8.8
486	-9.1
487	-8
488	1.4
489	1.6
490	-6.9
491	-7.6
492	-7.2
493	4
494	6.3
495	3.9
496	-1.2
497	1.1
498	4.4
499	0.6
500	-0.3
501	8.7
502	8.7
503	11.2
504	13.7
505	8.8
506	9
507	11.3
508	7.7
509	5.4
510	6.8
511	6.7
512	5.6
513	8.8
514	7.1
515	0.4
516	3.4
517	-0.9
518	-0.6
519	0
520	-0.8
521	-1.5
522	1.4
523	3.6
524	7.9
525	9.7
526	8.8
527	10.8
528	2.1
529	7
530	12.4
531	15.9
532	14.2
533	11.3
534	14.8
535	13.9
536	13.9
537	19.4
538	20.3
539	18.1
540	18.2
541	18.4
542	15.6
543	15.3
544	9.9
545	12
546	17.4
547	16.7
548	14
549	15.4
550	11.2
551	12.7
552	15.1
553	19.2
554	10.6
555	5.6
556	5.5
557	5.3
558	4.5
559	4.8
560	6.8
561	8.2
562	6.8
563	11.8
564	11.5
565	14.2
566	10.1
567	8.6
568	12.1
569	9.3
570	5.7
571	6.2
572	7.4
573	6.3
574	6.9
575	5.5
576	4.5
577	6.4
578	12.8
579	8.4
580	12.7
581	13.3
582	10.05
583	10.05
584	10.05
585	10.05
586	6.8
587	7.9
588	2.5
589	2.3
590	7.9
591	10.1
592	10.6
593	7.5
594	2.3
595	2.3
596	2
597	1.6
598	4.2
599	7.6
600	5.5
601	3.9
602	6.8
603	11.2
604	9.5
605	2.4
606	2.8
607	2.6
608	-0.2
609	0
610	3.6
611	3.75
612	3.9
613	3.1
614	3.4
615	5.1
616	2.1
617	0.9
618	-1.6
619	-1
620	0.6
621	0.7
622	1.4
623	0.2
624	0.2
625	-1.4
626	-1.6
627	-3.6
628	-3.6
629	-4.2
630	-3.9
631	-5.4
632	-5.5
633	-4.2
634	-1.7
635	-1.8
636	-4
637	-3.3
638	-5.4
639	-3.6
640	-4.2
641	-0.3
642	3.1
643	0.4
644	-2.8
645	-5.4
646	-9.9
647	-11.2
648	-11
649	-12.1
650	-7
651	-6.3
652	-5.9
653	-5.4
654	-6.1
655	-11.2
656	-11.7
657	-7.6
658	-5.8
659	-8.4
660	-8.3
661	-8.8
662	-9.7
663	-5
664	-2.9
665	-6.5
666	-7.2
667	-10.2
668	-11.9
669	-15.9
670	-18.2
671	-8.9
672	-3
673	-2.5
674	-3.6
675	-4.9
676	-11.2
677	-9.7
678	-8.4
679	-5.2
680	-8.2
681	-11.4
682	-16.7
683	-22.6
684	-25.3
685	-25.3
686	-27.2
687	-28.2
688	-25.1
689	-18.9
690	-20.9
691	-20.3
692	-21.7
693	-18.6
694	-6.5
695	-4.1
696	-8.1
697	-13.2
698	-14.1
699	-15.2
700	-19.4
701	-24.2
702	-29.1
703	-35.1
704	-34.2
705	-35.4
706	-35.8
707	-32.7
708	-28.4
709	-28.3
710	-31.1
711	-30.8
712	-32.9
713	-31.1
714	-28.1
715	-10.9
716	-9.4
717	-11.4
718	-16.8
719	-20.7
720	-20.8
721	-23.7
722	-30.5
723	-32.4
724	-30.2
725	-28.4
726	-18.9
727	-15.3
728	-24.7
729	-22.3
730	-19.6
731	-13.7
732	-11.8
733	-10.9
734	-8.3
735	-12
736	-14.4
737	-15.7
738	-16.2
739	-3.1
740	-3.6
741	-13.2
742	-25.3
743	-25.6
744	-30.3
745	-28.7
746	-29.2
747	-23.8
748	-19.7
749	-20.4
750	-15.1
751	-13.1
752	-22.7
753	-24.8
754	-27.8
755	-31.9
756	-31.3
757	-27.6
758	-25.4
759	-22.2
760	-22.6
761	-10.3
762	-11.6
763	-10.2
764	-7.9
765	-17.2
766	-27.7
767	-24
768	-27.6
769	-29.7
770	-26.6
771	-26.3
772	-25.4
773	-34.9
774	-37.6
775	-35.3
776	-31.6
777	-27.9
778	-12.4
779	-6.5
780	-1.3
781	-3.2
782	-9.9
783	-14.3
784	-15.8
785	-12.3
786	-3.8
787	-8.3
788	-2.8
789	-3.5
790	-7.8
791	-23.4
792	-10
793	-3.8
794	-16.6
795	-22.4
796	-15
797	-7.8
798	-22.6
799	-27.6
800	-27.6
801	-30.7
802	-33.9
803	-35.1
804	-31.8
805	-24.3
806	-14.9
807	-10
808	-15.8
809	-19.1
810	-19.7
811	-21.7
812	-22.4
813	-19.2
814	-19.9
815	-12.2
816	-21.3
817	-19.9
818	-20.3
819	-20
820	-19
821	-18.9
822	-21.3
823	-17.3
824	-17.9
825	-22.4
826	-23.4
827	-19.6
828	-18.4
829	-12.4
830	-14.4
831	-13.1
832	-12
833	-13.6
834	-13.2
835	-14.3
836	-17.1
837	-17.3
838	-15.9
839	-14.6
840	-4.6
841	3.5
842	-4.5
843	-2.1
844	0.6
845	-0.3
846	-2.3
847	-6.9
848	-11.2
849	-11.1
850	-8.8
851	-9.1
852	-8
853	1.4
854	1.6
855	-6.9
856	-7.6
857	-7.2
858	4
859	6.3
860	3.9
861	-1.2
862	1.1
863	4.4
864	0.6
865	-0.3
866	8.7
867	8.7
868	11.2
869	13.7
870	8.8
871	9
872	11.3
873	7.7
874	5.4
875	6.8
876	6.7
877	5.6
878	8.8
879	7.1
880	0.4
881	3.4
882	-0.9
883	-0.6
884	0
885	-0.8
886	-1.5
887	1.4
888	3.6
889	7.9
890	9.7
891	8.8
892	10.8
893	2.1
894	7
895	12.4
896	15.9
897	14.2
898	11.3
899	14.8
900	13.9
901	13.9
902	19.4
903	20.3
904	18.1
905	18.2
906	18.4
907	15.6
908	15.3
909	9.9
910	12
911	17.4
912	16.7
913	14
914	15.4
915	11.2
916	12.7
917	15.1
918	19.2
919	10.6
920	5.6
921	5.5
922	5.3
923	4.5
924	4.8
925	6.8
926	8.2
927	6.8
928	11.8
929	11.5
930	14.2
931	10.1
932	8.6
933	12.1
934	9.3
935	5.7
936	6.2
937	7.4
938	6.3
939	6.9
940	5.5
941	4.5
942	6.4
943	12.8
944	8.4
945	12.7
946	13.3
947	10.05
948	10.05
949	10.05
950	10.05
951	6.8
952	7.9
953	2.5
954	2.3
955	7.9
956	10.1
957	10.6
958	7.5
959	2.3
960	2.3
961	2
962	1.6
963	4.2
964	7.6
965	5.5
966	3.9
967	6.8
968	11.2
969	9.5
970	2.4
971	2.8
972	2.6
973	-0.2
974	0
975	3.6
976	3.75
977	3.9
978	3.1
979	3.4
980	5.1
981	2.1
982	0.9
983	-1.6
984	-1
985	0.6
986	0.7
987	1.4
988	0.2
989	0.2
990	-1.4
991	-1.6
992	-3.6
993	-3.6
994	-4.2
995	-3.9
996	-5.4
997	-5.5
998	-4.2
999	-1.7
1000	-1.8
1001	-4
1002	-3.3
1003	-5.4
1004	-3.6
1005	-4.2
1006	-0.3
1007	3.1
1008	0.4
1009	-2.8
1010	-5.4
1011	-9.9
1012	-11.2
1013	-11
1014	-12.1
1015	-7
1016	-6.3
1017	-5.9
1018	-5.4
1019	-6.1
1020	-11.2
1021	-11.7
1022	-7.6
1023	-5.8
1024	-8.4
1025	-8.3
1026	-8.8
1027	-9.7
1028	-5
1029	-2.9
1030	-6.5
1031	-7.2
1032	-10.2
1033	-11.9
1034	-15.9
1035	-18.2
1036	-8.9
1037	-3
1038	-2.5
1039	-3.6
1040	-4.9
1041	-11.2
1042	-9.7
1043	-8.4
1044	-5.2
1045	-8.2
1046	-11.4
1047	-16.7
1048	-22.6
1049	-25.3
1050	-25.3
1051	-27.2
1052	-28.2
1053	-25.1
1054	-18.9
1055	-20.9
1056	-20.3
1057	-21.7
1058	-18.6
1059	-6.5
1060	-4.1
1061	-8.1
1062	-13.2
1063	-14.1
1064	-15.2
1065	-19.4
1066	-24.2
1067	-29.1
1068	-35.1
1069	-34.2
1070	-35.4
1071	-35.8
1072	-32.7
1073	-28.4
1074	-28.3
1075	-31.1
1076	-30.8
1077	-32.9
1078	-31.1
1079	-28.1
1080	-10.9
1081	-9.4
1082	-11.4
1083	-16.8
1084	-20.7
1085	-20.8
1086	-23.7
1087	-30.5
1088	-32.4
1089	-30.2
1090	-28.4
1091	-18.9
1092	-15.3
1093	-24.7
1094	-22.3
1095	-19.6
1096	-13.7
1097	-11.8
1098	-10.9
1099	-8.3
1100	-12
1101	-14.4
1102	-15.7
1103	-16.2
1104	-3.1
1105	-3.6
1106	-13.2
1107	-25.3
1108	-25.6
1109	-30.3
1110	-28.7
1111	-29.2
1112	-23.8
1113	-19.7
1114	-20.4
1115	-15.1
1116	-13.1
1117	-22.7
1118	-24.8
1119	-27.8
1120	-31.9
1121	-31.3
1122	-27.6
1123	-25.4
1124	-22.2
1125	-22.6
1126	-10.3
1127	-11.6
1128	-10.2
1129	-7.9
1130	-17.2
1131	-27.7
1132	-24
1133	-27.6
1134	-29.7
1135	-26.6
1136	-26.3
1137	-25.4
1138	-34.9
1139	-37.6
1140	-35.3
1141	-31.6
1142	-27.9
1143	-12.4
1144	-6.5
1145	-1.3
1146	-3.2
1147	-9.9
1148	-14.3
1149	-15.8
1150	-12.3
1151	-3.8
1152	-8.3
1153	-2.8
1154	-3.5
1155	-7.8
1156	-23.4
1157	-10
1158	-3.8
1159	-16.6
1160	-22.4
1161	-15
1162	-7.8
1163	-22.6
1164	-27.6
1165	-27.6
1166	-30.7
1167	-33.9
1168	-35.1
1169	-31.8
1170	-24.3
1171	-14.9
1172	-10
1173	-15.8
1174	-19.1
1175	-19.7
1176	-21.7
1177	-22.4
1178	-19.2
1179	-19.9
1180	-12.2
1181	-21.3
1182	-19.9
1183	-20.3
1184	-20
1185	-19
1186	-18.9
1187	-21.3
1188	-17.3
1189	-17.9
1190	-22.4
1191	-23.4
1192	-19.6
1193	-18.4
1194	-12.4
1195	-14.4
1196	-13.1
1197	-12
1198	-13.6
1199	-13.2
1200	-14.3
1201	-17.1
1202	-17.3
1203	-15.9
1204	-14.6
1205	-4.6
1206	3.5
1207	-4.5
1208	-2.1
1209	0.6
1210	-0.3
1211	-2.3
1212	-6.9
1213	-11.2
1214	-11.1
1215	-8.8
1216	-9.1
1217	-8
1218	1.4
1219	1.6
1220	-6.9
1221	-7.6
1222	-7.2
1223	4
1224	6.3
1225	3.9
1226	-1.2
1227	1.1
1228	4.4
1229	0.6
1230	-0.3
1231	8.7
1232	8.7
1233	11.2
1234	13.7
1235	8.8
1236	9
1237	11.3
1238	7.7
1239	5.4
1240	6.8
1241	6.7
1242	5.6
1243	8.8
1244	7.1
1245	0.4
1246	3.4
1247	-0.9
1248	-0.6
1249	0
1250	-0.8
1251	-1.5
1252	1.4
1253	3.6
1254	7.9
1255	9.7
1256	8.8
1257	10.8
1258	2.1
1259	7
1260	12.4
1261	15.9
1262	14.2
1263	11.3
1264	14.8
1265	13.9
1266	13.9
1267	19.4
1268	20.3
1269	18.1
1270	18.2
1271	18.4
1272	15.6
1273	15.3
1274	9.9
1275	12
1276	17.4
1277	16.7
1278	14
1279	15.4
1280	11.2
1281	12.7
1282	15.1
1283	19.2
1284	10.6
1285	5.6
1286	5.5
1287	5.3
1288	4.5
1289	4.8
1290	6.8
1291	8.2
1292	6.8
1293	11.8
1294	11.5
1295	14.2
1296	10.1
1297	8.6
1298	12.1
1299	9.3
1300	5.7
1301	6.2
1302	7.4
1303	6.3
1304	6.9
1305	5.5
1306	4.5
1307	6.4
1308	12.8
1309	8.4
1310	12.7
1311	13.3
1312	10.05
1313	10.05
1314	10.05
1315	10.05
1316	6.8
1317	7.9
1318	2.5
1319	2.3
1320	7.9
1321	10.1
1322	10.6
1323	7.5
1324	2.3
1325	2.3
1326	2
1327	1.6
1328	4.2
1329	7.6
1330	5.5
1331	3.9
1332	6.8
1333	11.2
1334	9.5
1335	2.4
1336	2.8
1337	2.6
1338	-0.2
1339	0
1340	3.6
1341	3.75
1342	3.9
1343	3.1
1344	3.4
1345	5.1
1346	2.1
1347	0.9
1348	-1.6
1349	-1
1350	0.6
1351	0.7
1352	1.4
1353	0.2
1354	0.2
1355	-1.4
1356	-1.6
1357	-3.6
1358	-3.6
1359	-4.2
1360	-3.9
1361	-5.4
1362	-5.5
1363	-4.2
1364	-1.7
1365	-1.8
1366	-4
1367	-3.3
1368	-5.4
1369	-3.6
1370	-4.2
1371	-0.3
1372	3.1
1373	0.4
1374	-2.8
1375	-5.4
1376	-9.9
1377	-11.2
1378	-11
1379	-12.1
1380	-7
1381	-6.3
1382	-5.9
1383	-5.4
1384	-6.1
1385	-11.2
1386	-11.7
1387	-7.6
1388	-5.8
1389	-8.4
1390	-8.3
1391	-8.8
1392	-9.7
1393	-5
1394	-2.9
1395	-6.5
1396	-7.2
1397	-10.2
1398	-11.9
1399	-15.9
1400	-18.2
1401	-8.9
1402	-3
1403	-2.5
1404	-3.6
1405	-4.9
1406	-11.2
1407	-9.7
1408	-8.4
1409	-5.2
1410	-8.2
1411	-11.4
1412	-16.7
1413	-22.6
1414	-25.3
1415	-25.3
1416	-27.2
1417	-28.2
1418	-25.1
1419	-18.9
1420	-20.9
1421	-20.3
1422	-21.7
1423	-18.6
1424	-6.5
1425	-4.1
1426	-8.1
1427	-13.2
1428	-14.1
1429	-15.2
1430	-19.4
1431	-24.2
1432	-29.1
1433	-35.1
1434	-34.2
1435	-35.4
1436	-35.8
1437	-32.7
1438	-28.4
1439	-28.3
1440	-31.1
1441	-30.8
1442	-32.9
1443	-31.1
1444	-28.1
1445	-10.9
1446	-9.4
1447	-11.4
1448	-16.8
1449	-20.7
1450	-20.8
1451	-23.7
1452	-30.5
1453	-32.4
1454	-30.2
1455	-28.4
1456	-18.9
1457	-15.3
1458	-24.7
1459	-22.3
1460	-19.6
1461	-13.7
1462	-11.8
1463	-10.9
1464	-8.3
1465	-12
1466	-14.4
1467	-15.7
1468	-16.2
1469	-3.1
1470	-3.6
1471	-13.2
1472	-25.3
1473	-25.6
1474	-30.3
1475	-28.7
1476	-29.2
1477	-23.8
1478	-19.7
1479	-20.4
1480	-15.1
1481	-13.1
1482	-22.7
1483	-24.8
1484	-27.8
1485	-31.9
1486	-31.3
1487	-27.6
1488	-25.4
1489	-22.2
1490	-22.6
1491	-10.3
1492	-11.6
1493	-10.2
1494	-7.9
1495	-17.2
1496	-27.7
1497	-24
1498	-27.6
1499	-29.7
1500	-26.6
1501	-26.3
1502	-25.4
1503	-34.9
1504	-37.6
1505	-35.3
1506	-31.6
1507	-27.9
1508	-12.4
1509	-6.5
1510	-1.3
1511	-3.2
1512	-9.9
1513	-14.3
1514	-15.8
1515	-12.3
1516	-3.8
1517	-8.3
1518	-2.8
1519	-3.5
1520	-7.8
1521	-23.4
1522	-10
1523	-3.8
1524	-16.6
1525	-22.4
1526	-15
1527	-7.8
1528	-22.6
1529	-27.6
1530	-27.6
1531	-30.7
1532	-33.9
1533	-35.1
1534	-31.8
1535	-24.3
1536	-14.9
1537	-10
1538	-15.8
1539	-19.1
1540	-19.7
1541	-21.7
1542	-22.4
1543	-19.2
1544	-19.9
1545	-12.2
1546	-21.3
1547	-19.9
1548	-20.3
1549	-20
1550	-19
1551	-18.9
1552	-21.3
1553	-17.3
1554	-17.9
1555	-22.4
1556	-23.4
1557	-19.6
1558	-18.4
1559	-12.4
1560	-14.4
1561	-13.1
1562	-12
1563	-13.6
1564	-13.2
1565	-14.3
1566	-17.1
1567	-17.3
1568	-15.9
1569	-14.6
1570	-4.6
1571	3.5
1572	-4.5
1573	-2.1
1574	0.6
1575	-0.3
1576	-2.3
1577	-6.9
1578	-11.2
1579	-11.1
1580	-8.8
1581	-9.1
1582	-8
1583	1.4
1584	1.6
1585	-6.9
1586	-7.6
1587	-7.2
1588	4
1589	6.3
1590	3.9
1591	-1.2
1592	1.1
1593	4.4
1594	0.6
1595	-0.3
1596	8.7
1597	8.7
1598	11.2
1599	13.7
1600	8.8
1601	9
1602	11.3
1603	7.7
1604	5.4
1605	6.8
1606	6.7
1607	5.6
1608	8.8
1609	7.1
1610	0.4
1611	3.4
1612	-0.9
1613	-0.6
1614	0
1615	-0.8
1616	-1.5
1617	1.4
1618	3.6
1619	7.9
1620	9.7
1621	8.8
1622	10.8
1623	2.1
1624	7
1625	12.4
1626	15.9
1627	14.2
1628	11.3
1629	14.8
1630	13.9
1631	13.9
1632	19.4
1633	20.3
1634	18.1
1635	18.2
1636	18.4
1637	15.6
1638	15.3
1639	9.9
1640	12
1641	17.4
1642	16.7
1643	14
1644	15.4
1645	11.2
1646	12.7
1647	15.1
1648	19.2
1649	10.6
1650	5.6
1651	5.5
1652	5.3
1653	4.5
1654	4.8
1655	6.8
1656	8.2
1657	6.8
1658	11.8
1659	11.5
1660	14.2
1661	10.1
1662	8.6
1663	12.1
1664	9.3
1665	5.7
1666	6.2
1667	7.4
1668	6.3
1669	6.9
1670	5.5
1671	4.5
1672	6.4
1673	12.8
1674	8.4
1675	12.7
1676	13.3
1677	10.05
1678	10.05
1679	10.05
1680	10.05
1681	6.8
1682	7.9
1683	2.5
1684	2.3
1685	7.9
1686	10.1
1687	10.6
1688	7.5
1689	2.3
1690	2.3
1691	2
1692	1.6
1693	4.2
1694	7.6
1695	5.5
1696	3.9
1697	6.8
1698	11.2
1699	9.5
1700	2.4
1701	2.8
1702	2.6
1703	-0.2
1704	0
1705	3.6
1706	3.75
1707	3.9
1708	3.1
1709	3.4
1710	5.1
1711	2.1
1712	0.9
1713	-1.6
1714	-1
1715	0.6
1716	0.7
1717	1.4
1718	0.2
1719	0.2
1720	-1.4
1721	-1.6
1722	-3.6
1723	-3.6
1724	-4.2
1725	-3.9
1726	-5.4
1727	-5.5
1728	-4.2
1729	-1.7
1730	-1.8
1731	-4
1732	-3.3
1733	-5.4
1734	-3.6
1735	-4.2
1736	-0.3
1737	3.1
1738	0.4
1739	-2.8
1740	-5.4
1741	-9.9
1742	-11.2
1743	-11
1744	-12.1
1745	-7
1746	-6.3
1747	-5.9
1748	-5.4
1749	-6.1
1750	-11.2
1751	-11.7
1752	-7.6
1753	-5.8
1754	-8.4
1755	-8.3
1756	-8.8
1757	-9.7
1758	-5
1759	-2.9
1760	-6.5
1761	-7.2
1762	-10.2
1763	-11.9
1764	-15.9
1765	-18.2
1766	-8.9
1767	-3
1768	-2.5
1769	-3.6
1770	-4.9
1771	-11.2
1772	-9.7
1773	-8.4
1774	-5.2
1775	-8.2
1776	-11.4
1777	-16.7
1778	-22.6
1779	-25.3
1780	-25.3
1781	-27.2
1782	-28.2
1783	-25.1
1784	-18.9
1785	-20.9
1786	-20.3
1787	-21.7
1788	-18.6
1789	-6.5
1790	-4.1
1791	-8.1
1792	-13.2
1793	-14.1
1794	-15.2
1795	-19.4
1796	-24.2
1797	-29.1
1798	-35.1
1799	-34.2
1800	-35.4
1801	-35.8
1802	-32.7
1803	-28.4
1804	-28.3
1805	-31.1
1806	-30.8
1807	-32.9
1808	-31.1
1809	-28.1
1810	-10.9
1811	-9.4
1812	-11.4
1813	-16.8
1814	-20.7
1815	-20.8
1816	-23.7
1817	-30.5
1818	-32.4
1819	-30.2
1820	-28.4
1821	-18.9
1822	-15.3
1823	-24.7
1824	-22.3
1825	-19.6
1826	-13.7
1827	-11.8
1828	-10.9
1829	-8.3
1830	-12
1831	-14.4
1832	-15.7
1833	-16.2
1834	-3.1
1835	-3.6
1836	-13.2
1837	-25.3
1838	-25.6
1839	-30.3
1840	-28.7
1841	-29.2
1842	-23.8
1843	-19.7
1844	-20.4
1845	-15.1
1846	-13.1
1847	-22.7
1848	-24.8
1849	-27.8
1850	-31.9
1851	-31.3
1852	-27.6
1853	-25.4
1854	-22.2
1855	-22.6
1856	-10.3
1857	-11.6
1858	-10.2
1859	-7.9
1860	-17.2
1861	-27.7
1862	-24
1863	-27.6
1864	-29.7
1865	-26.6
1866	-26.3
1867	-25.4
1868	-34.9
1869	-37.6
1870	-35.3
1871	-31.6
1872	-27.9
1873	-12.4
1874	-6.5
1875	-1.3
1876	-3.2
1877	-9.9
1878	-14.3
1879	-15.8
1880	-12.3
1881	-3.8
1882	-8.3
1883	-2.8
1884	-3.5
1885	-7.8
1886	-23.4
1887	-10
1888	-3.8
1889	-16.6
1890	-22.4
1891	-15
1892	-7.8
1893	-22.6
1894	-27.6
1895	-27.6
1896	-30.7
1897	-33.9
1898	-35.1
1899	-31.8
1900	-24.3
1901	-14.9
1902	-10
1903	-15.8
1904	-19.1
1905	-19.7
1906	-21.7
1907	-22.4
1908	-19.2
1909	-19.9
1910	-12.2
1911	-21.3
1912	-19.9
1913	-20.3
1914	-20
1915	-19
1916	-18.9
1917	-21.3
1918	-17.3
1919	-17.9
1920	-22.4
1921	-23.4
1922	-19.6
1923	-18.4
1924	-12.4
1925	-14.4
1926	-13.1
1927	-12
1928	-13.6
1929	-13.2
1930	-14.3
1931	-17.1
1932	-17.3
1933	-15.9
1934	-14.6
1935	-4.6
1936	3.5
1937	-4.5
1938	-2.1
1939	0.6
1940	-0.3
1941	-2.3
1942	-6.9
1943	-11.2
1944	-11.1
1945	-8.8
1946	-9.1
1947	-8
1948	1.4
1949	1.6
1950	-6.9
1951	-7.6
1952	-7.2
1953	4
1954	6.3
1955	3.9
1956	-1.2
1957	1.1
1958	4.4
1959	0.6
1960	-0.3
1961	8.7
1962	8.7
1963	11.2
1964	13.7
1965	8.8
1966	9
1967	11.3
1968	7.7
1969	5.4
1970	6.8
1971	6.7
1972	5.6
1973	8.8
1974	7.1
1975	0.4
1976	3.4
1977	-0.9
1978	-0.6
1979	0
1980	-0.8
1981	-1.5
1982	1.4
1983	3.6
1984	7.9
1985	9.7
1986	8.8
1987	10.8
1988	2.1
1989	7
1990	12.4
1991	15.9
1992	14.2
1993	11.3
1994	14.8
1995	13.9
1996	13.9
1997	19.4
1998	20.3
1999	18.1
2000	18.2
2001	18.4
2002	15.6
2003	15.3
2004	9.9
2005	12
2006	17.4
2007	16.7
2008	14
2009	15.4
2010	11.2
2011	12.7
2012	15.1
2013	19.2
2014	10.6
2015	5.6
2016	5.5
2017	5.3
2018	4.5
2019	4.8
2020	6.8
2021	8.2
2022	6.8
2023	11.8
2024	11.5
2025	14.2
2026	10.1
2027	8.6
2028	12.1
2029	9.3
2030	5.7
2031	6.2
2032	7.4
2033	6.3
2034	6.9
2035	5.5
2036	4.5
2037	6.4
2038	12.8
2039	8.4
2040	12.7
2041	13.3
2042	10.05
2043	10.05
2044	10.05
2045	10.05
2046	6.8
2047	7.9
2048	2.5
2049	2.3
2050	7.9
2051	10.1
2052	10.6
2053	7.5
2054	2.3
2055	2.3
2056	2
2057	1.6
2058	4.2
2059	7.6
2060	5.5
2061	3.9
2062	6.8
2063	11.2
2064	9.5
2065	2.4
2066	2.8
2067	2.6
2068	-0.2
2069	0
2070	3.6
2071	3.75
2072	3.9
2073	3.1
2074	3.4
2075	5.1
2076	2.1
2077	0.9
2078	-1.6
2079	-1
2080	0.6
2081	0.7
2082	1.4
2083	0.2
2084	0.2
2085	-1.4
2086	-1.6
2087	-3.6
2088	-3.6
2089	-4.2
2090	-3.9
2091	-5.4
2092	-5.5
2093	-4.2
2094	-1.7
2095	-1.8
2096	-4
2097	-3.3
2098	-5.4
2099	-3.6
2100	-4.2
2101	-0.3
2102	3.1
2103	0.4
2104	-2.8
2105	-5.4
2106	-9.9
2107	-11.2
2108	-11
2109	-12.1
2110	-7
2111	-6.3
2112	-5.9
2113	-5.4
2114	-6.1
2115	-11.2
2116	-11.7
2117	-7.6
2118	-5.8
2119	-8.4
2120	-8.3
2121	-8.8
2122	-9.7
2123	-5
2124	-2.9
2125	-6.5
2126	-7.2
2127	-10.2
2128	-11.9
2129	-15.9
2130	-18.2
2131	-8.9
2132	-3
2133	-2.5
2134	-3.6
2135	-4.9
2136	-11.2
2137	-9.7
2138	-8.4
2139	-5.2
2140	-8.2
2141	-11.4
2142	-16.7
2143	-22.6
2144	-25.3
2145	-25.3
2146	-27.2
2147	-28.2
2148	-25.1
2149	-18.9
2150	-20.9
2151	-20.3
2152	-21.7
2153	-18.6
2154	-6.5
2155	-4.1
2156	-8.1
2157	-13.2
2158	-14.1
2159	-15.2
2160	-19.4
2161	-24.2
2162	-29.1
2163	-35.1
2164	-34.2
2165	-35.4
2166	-35.8
2167	-32.7
2168	-28.4
2169	-28.3
2170	-31.1
2171	-30.8
2172	-32.9
2173	-31.1
2174	-28.1
2175	-10.9
2176	-9.4
2177	-11.4
2178	-16.8
2179	-20.7
2180	-20.8
2181	-23.7
2182	-30.5
2183	-32.4
2184	-30.2
2185	-28.4
2186	-18.9
2187	-15.3
2188	-24.7
2189	-22.3
2190	-19.6
2191	-13.7
2192	-11.8
2193	-10.9
2194	-8.3
2195	-12
2196	-14.4
2197	-15.7
2198	-16.2
2199	-3.1
2200	-3.6
2201	-13.2
2202	-25.3
2203	-25.6
2204	-30.3
2205	-28.7
2206	-29.2
2207	-23.8
2208	-19.7
2209	-20.4
2210	-15.1
2211	-13.1
2212	-22.7
2213	-24.8
2214	-27.8
2215	-31.9
2216	-31.3
2217	-27.6
2218	-25.4
2219	-22.2
2220	-22.6
2221	-10.3
2222	-11.6
2223	-10.2
2224	-7.9
2225	-17.2
2226	-27.7
2227	-24
2228	-27.6
2229	-29.7
2230	-26.6
2231	-26.3
2232	-25.4
2233	-34.9
2234	-37.6
2235	-35.3
2236	-31.6
2237	-27.9
2238	-12.4
2239	-6.5
2240	-1.3
2241	-3.2
2242	-9.9
2243	-14.3
2244	-15.8
2245	-12.3
2246	-3.8
2247	-8.3
2248	-2.8
2249	-3.5
2250	-7.8
2251	-23.4
2252	-10
2253	-3.8
2254	-16.6
2255	-22.4
2256	-15
2257	-7.8
2258	-22.6
2259	-27.6
2260	-27.6
2261	-30.7
2262	-33.9
2263	-35.1
2264	-31.8
2265	-24.3
2266	-14.9
2267	-10
2268	-15.8
2269	-19.1
2270	-19.7
2271	-21.7
2272	-22.4
2273	-19.2
2274	-19.9
2275	-12.2
2276	-21.3
2277	-19.9
2278	-20.3
2279	-20
2280	-19
2281	-18.9
2282	-21.3
2283	-17.3
2284	-17.9
2285	-22.4
2286	-23.4
2287	-19.6
2288	-18.4
2289	-12.4
2290	-14.4
2291	-13.1
2292	-12
2293	-13.6
2294	-13.2
2295	-14.3
2296	-17.1
2297	-17.3
2298	-15.9
2299	-14.6
2300	-4.6
2301	3.5
2302	-4.5
2303	-2.1
2304	0.6
2305	-0.3
2306	-2.3
2307	-6.9
2308	-11.2
2309	-11.1
2310	-8.8
2311	-9.1
2312	-8
2313	1.4
2314	1.6
2315	-6.9
2316	-7.6
2317	-7.2
2318	4
2319	6.3
2320	3.9
2321	-1.2
2322	1.1
2323	4.4
2324	0.6
2325	-0.3
2326	8.7
2327	8.7
2328	11.2
2329	13.7
2330	8.8
2331	9
2332	11.3
2333	7.7
2334	5.4
2335	6.8
2336	6.7
2337	5.6
2338	8.8
2339	7.1
2340	0.4
2341	3.4
2342	-0.9
2343	-0.6
2344	0
2345	-0.8
2346	-1.5
2347	1.4
2348	3.6
2349	7.9
2350	9.7
2351	8.8
2352	10.8
2353	2.1
2354	7
2355	12.4
2356	15.9
2357	14.2
2358	11.3
2359	14.8
2360	13.9
2361	13.9
2362	19.4
2363	20.3
2364	18.1
2365	18.2
2366	18.4
2367	15.6
2368	15.3
2369	9.9
2370	12
2371	17.4
2372	16.7
2373	14
2374	15.4
2375	11.2
2376	12.7
2377	15.1
2378	19.2
2379	10.6
2380	5.6
2381	5.5
2382	5.3
2383	4.5
2384	4.8
2385	6.8
2386	8.2
2387	6.8
2388	11.8
2389	11.5
2390	14.2
2391	10.1
2392	8.6
2393	12.1
2394	9.3
2395	5.7
2396	6.2
2397	7.4
2398	6.3
2399	6.9
2400	5.5
2401	4.5
2402	6.4
2403	12.8
2404	8.4
2405	12.7
2406	13.3
2407	10.05
2408	10.05
2409	10.05
2410	10.05
2411	6.8
2412	7.9
2413	2.5
2414	2.3
2415	7.9
2416	10.1
2417	10.6
2418	7.5
2419	2.3
2420	2.3
2421	2
2422	1.6
2423	4.2
2424	7.6
2425	5.5
2426	3.9
2427	6.8
2428	11.2
2429	9.5
2430	2.4
2431	2.8
2432	2.6
2433	-0.2
2434	0
2435	3.6
2436	3.75
2437	3.9
2438	3.1
2439	3.4
2440	5.1
2441	2.1
2442	0.9
2443	-1.6
2444	-1
2445	0.6
2446	0.7
2447	1.4
2448	0.2
2449	0.2
2450	-1.4
2451	-1.6
2452	-3.6
2453	-3.6
2454	-4.2
2455	-3.9
2456	-5.4
2457	-5.5
2458	-4.2
2459	-1.7
2460	-1.8
2461	-4
2462	-3.3
2463	-5.4
2464	-3.6
2465	-4.2
2466	-0.3
2467	3.1
2468	0.4
2469	-2.8
2470	-5.4
2471	-9.9
2472	-11.2
2473	-11
2474	-12.1
2475	-7
2476	-6.3
2477	-5.9
2478	-5.4
2479	-6.1
2480	-11.2
2481	-11.7
2482	-7.6
2483	-5.8
2484	-8.4
2485	-8.3
2486	-8.8
2487	-9.7
2488	-5
2489	-2.9
2490	-6.5
2491	-7.2
2492	-10.2
2493	-11.9
2494	-15.9
2495	-18.2
2496	-8.9
2497	-3
2498	-2.5
2499	-3.6
2500	-4.9
2501	-11.2
2502	-9.7
2503	-8.4
2504	-5.2
2505	-8.2
2506	-11.4
2507	-16.7
2508	-22.6
2509	-25.3
2510	-25.3
2511	-27.2
2512	-28.2
2513	-25.1
2514	-18.9
2515	-20.9
2516	-20.3
2517	-21.7
2518	-18.6
2519	-6.5
2520	-4.1
2521	-8.1
2522	-13.2
2523	-14.1
2524	-15.2
2525	-19.4
2526	-24.2
2527	-29.1
2528	-35.1
2529	-34.2
2530	-35.4
2531	-35.8
2532	-32.7
2533	-28.4
2534	-28.3
2535	-31.1
2536	-30.8
2537	-32.9
2538	-31.1
2539	-28.1
2540	-10.9
2541	-9.4
2542	-11.4
2543	-16.8
2544	-20.7
2545	-20.8
2546	-23.7
2547	-30.5
2548	-32.4
2549	-30.2
2550	-28.4
2551	-18.9
2552	-15.3
2553	-24.7
2554	-22.3
2555	-19.6
2556	-13.7
2557	-11.8
2558	-10.9
2559	-8.3
2560	-12
2561	-14.4
2562	-15.7
2563	-16.2
2564	-3.1
2565	-3.6
2566	-13.2
2567	-25.3
2568	-25.6
2569	-30.3
2570	-28.7
2571	-29.2
2572	-23.8
2573	-19.7
2574	-20.4
2575	-15.1
2576	-13.1
2577	-22.7
2578	-24.8
2579	-27.8
2580	-31.9
2581	-31.3
2582	-27.6
2583	-25.4
2584	-22.2
2585	-22.6
2586	-10.3
2587	-11.6
2588	-10.2
2589	-7.9
2590	-17.2
2591	-27.7
2592	-24
2593	-27.6
2594	-29.7
2595	-26.6
2596	-26.3
2597	-25.4
2598	-34.9
2599	-37.6
2600	-35.3
2601	-31.6
2602	-27.9
2603	-12.4
2604	-6.5
2605	-1.3
2606	-3.2
2607	-9.9
2608	-14.3
2609	-15.8
2610	-12.3
2611	-3.8
2612	-8.3
2613	-2.8
2614	-3.5
2615	-7.8
2616	-23.4
2617	-10
2618	-3.8
2619	-16.6
2620	-22.4
2621	-15
2622	-7.8
2623	-22.6
2624	-27.6
2625	-27.6
2626	-30.7
2627	-33.9
2628	-35.1
2629	-31.8
2630	-24.3
2631	-14.9
2632	-10
2633	-15.8
2634	-19.1
2635	-19.7
2636	-21.7
2637	-22.4
2638	-19.2
2639	-19.9
2640	-12.2
2641	-21.3
2642	-19.9
2643	-20.3
2644	-20
2645	-19
2646	-18.9
2647	-21.3
2648	-17.3
2649	-17.9
2650	-22.4
2651	-23.4
2652	-19.6
2653	-18.4
2654	-12.4
2655	-14.4
2656	-13.1
2657	-12
2658	-13.6
2659	-13.2
2660	-14.3
2661	-17.1
2662	-17.3
2663	-15.9
2664	-14.6
2665	-4.6
2666	3.5
2667	-4.5
2668	-2.1
2669	0.6
2670	-0.3
2671	-2.3
2672	-6.9
2673	-11.2
2674	-11.1
2675	-8.8
2676	-9.1
2677	-8
2678	1.4
2679	1.6
2680	-6.9
2681	-7.6
2682	-7.2
2683	4
2684	6.3
2685	3.9
2686	-1.2
2687	1.1
2688	4.4
2689	0.6
2690	-0.3
2691	8.7
2692	8.7
2693	11.2
2694	13.7
2695	8.8
2696	9
2697	11.3
2698	7.7
2699	5.4
2700	6.8
2701	6.7
2702	5.6
2703	8.8
2704	7.1
2705	0.4
2706	3.4
2707	-0.9
2708	-0.6
2709	0
2710	-0.8
2711	-1.5
2712	1.4
2713	3.6
2714	7.9
2715	9.7
2716	8.8
2717	10.8
2718	2.1
2719	7
2720	12.4
2721	15.9
2722	14.2
2723	11.3
2724	14.8
2725	13.9
2726	13.9
2727	19.4
2728	20.3
2729	18.1
2730	18.2
2731	18.4
2732	15.6
2733	15.3
2734	9.9
2735	12
2736	17.4
2737	16.7
2738	14
2739	15.4
2740	11.2
2741	12.7
2742	15.1
2743	19.2
2744	10.6
2745	5.6
2746	5.5
2747	5.3
2748	4.5
2749	4.8
2750	6.8
2751	8.2
2752	6.8
2753	11.8
2754	11.5
2755	14.2
2756	10.1
2757	8.6
2758	12.1
2759	9.3
2760	5.7
2761	6.2
2762	7.4
2763	6.3
2764	6.9
2765	5.5
2766	4.5
2767	6.4
2768	12.8
2769	8.4
2770	12.7
2771	13.3
2772	10.05
2773	10.05
2774	10.05
2775	10.05
2776	6.8
2777	7.9
2778	2.5
2779	2.3
2780	7.9
2781	10.1
2782	10.6
2783	7.5
2784	2.3
2785	2.3
2786	2
2787	1.6
2788	4.2
2789	7.6
2790	5.5
2791	3.9
2792	6.8
2793	11.2
2794	9.5
2795	2.4
2796	2.8
2797	2.6
2798	-0.2
2799	0
2800	3.6
2801	3.75
2802	3.9
2803	3.1
2804	3.4
2805	5.1
2806	2.1
2807	0.9
2808	-1.6
2809	-1
2810	0.6
2811	0.7
2812	1.4
2813	0.2
2814	0.2
2815	-1.4
2816	-1.6
2817	-3.6
2818	-3.6
2819	-4.2
2820	-3.9
2821	-5.4
2822	-5.5
2823	-4.2
2824	-1.7
2825	-1.8
2826	-4
2827	-3.3
2828	-5.4
2829	-3.6
2830	-4.2
2831	-0.3
2832	3.1
2833	0.4
2834	-2.8
2835	-5.4
2836	-9.9
2837	-11.2
2838	-11
2839	-12.1
2840	-7
2841	-6.3
2842	-5.9
2843	-5.4
2844	-6.1
2845	-11.2
2846	-11.7
2847	-7.6
2848	-5.8
2849	-8.4
2850	-8.3
2851	-8.8
2852	-9.7
2853	-5
2854	-2.9
2855	-6.5
2856	-7.2
2857	-10.2
2858	-11.9
2859	-15.9
2860	-18.2
2861	-8.9
2862	-3
2863	-2.5
2864	-3.6
2865	-4.9
2866	-11.2
2867	-9.7
2868	-8.4
2869	-5.2
2870	-8.2
2871	-11.4
2872	-16.7
2873	-22.6
2874	-25.3
2875	-25.3
2876	-27.2
2877	-28.2
2878	-25.1
2879	-18.9
2880	-20.9
2881	-20.3
2882	-21.7
2883	-18.6
2884	-6.5
2885	-4.1
2886	-8.1
2887	-13.2
2888	-14.1
2889	-15.2
2890	-19.4
2891	-24.2
2892	-29.1
2893	-35.1
2894	-34.2
2895	-35.4
2896	-35.8
2897	-32.7
2898	-28.4
2899	-28.3
2900	-31.1
2901	-30.8
2902	-32.9
2903	-31.1
2904	-28.1
2905	-10.9
2906	-9.4
2907	-11.4
2908	-16.8
2909	-20.7
2910	-20.8
2911	-23.7
2912	-30.5
2913	-32.4
2914	-30.2
2915	-28.4
2916	-18.9
2917	-15.3
2918	-24.7
2919	-22.3
2920	-19.6
2921	-13.7
2922	-11.8
2923	-10.9
2924	-8.3
2925	-12
2926	-14.4
2927	-15.7
2928	-16.2
2929	-3.1
2930	-3.6
2931	-13.2
2932	-25.3
2933	-25.6
2934	-30.3
2935	-28.7
2936	-29.2
2937	-23.8
2938	-19.7
2939	-20.4
2940	-15.1
2941	-13.1
2942	-22.7
2943	-24.8
2944	-27.8
2945	-31.9
2946	-31.3
2947	-27.6
2948	-25.4
2949	-22.2
2950	-22.6
2951	-10.3
2952	-11.6
2953	-10.2
2954	-7.9
2955	-17.2
2956	-27.7
2957	-24
2958	-27.6
2959	-29.7
2960	-26.6
2961	-26.3
2962	-25.4
2963	-34.9
2964	-37.6
2965	-35.3
2966	-31.6
2967	-27.9
2968	-12.4
2969	-6.5
2970	-1.3
2971	-3.2
2972	-9.9
2973	-14.3
2974	-15.8
2975	-12.3
2976	-3.8
2977	-8.3
2978	-2.8
2979	-3.5
2980	-7.8
2981	-23.4
2982	-10
2983	-3.8
2984	-16.6
2985	-22.4
2986	-15
2987	-7.8
2988	-22.6
2989	-27.6
2990	-27.6
2991	-30.7
2992	-33.9
2993	-35.1
2994	-31.8
2995	-24.3
2996	-14.9
2997	-10
2998	-15.8
2999	-19.1
3000	-19.7
3001	-21.7
3002	-22.4
3003	-19.2
3004	-19.9
3005	-12.2
3006	-21.3
3007	-19.9
3008	-20.3
3009	-20
3010	-19
3011	-18.9
3012	-21.3
3013	-17.3
3014	-17.9
3015	-22.4
3016	-23.4
3017	-19.6
3018	-18.4
3019	-12.4
3020	-14.4
3021	-13.1
3022	-12
3023	-13.6
3024	-13.2
3025	-14.3
3026	-17.1
3027	-17.3
3028	-15.9
3029	-14.6
3030	-4.6
3031	3.5
3032	-4.5
3033	-2.1
3034	0.6
3035	-0.3
3036	-2.3
3037	-6.9
3038	-11.2
3039	-11.1
3040	-8.8
3041	-9.1
3042	-8
3043	1.4
3044	1.6
3045	-6.9
3046	-7.6
3047	-7.2
3048	4
3049	6.3
3050	3.9
3051	-1.2
3052	1.1
3053	4.4
3054	0.6
3055	-0.3
3056	8.7
3057	8.7
3058	11.2
3059	13.7
3060	8.8
3061	9
3062	11.3
3063	7.7
3064	5.4
3065	6.8
3066	6.7
3067	5.6
3068	8.8
3069	7.1
3070	0.4
3071	3.4
3072	-0.9
3073	-0.6
3074	0
3075	-0.8
3076	-1.5
3077	1.4
3078	3.6
3079	7.9
3080	9.7
3081	8.8
3082	10.8
3083	2.1
3084	7
3085	12.4
3086	15.9
3087	14.2
3088	11.3
3089	14.8
3090	13.9
3091	13.9
3092	19.4
3093	20.3
3094	18.1
3095	18.2
3096	18.4
3097	15.6
3098	15.3
3099	9.9
3100	12
3101	17.4
3102	16.7
3103	14
3104	15.4
3105	11.2
3106	12.7
3107	15.1
3108	19.2
3109	10.6
3110	5.6
3111	5.5
3112	5.3
3113	4.5
3114	4.8
3115	6.8
3116	8.2
3117	6.8
3118	11.8
3119	11.5
3120	14.2
3121	10.1
3122	8.6
3123	12.1
3124	9.3
3125	5.7
3126	6.2
3127	7.4
3128	6.3
3129	6.9
3130	5.5
3131	4.5
3132	6.4
3133	12.8
3134	8.4
3135	12.7
3136	13.3
3137	10.05
3138	10.05
3139	10.05
3140	10.05
3141	6.8
3142	7.9
3143	2.5
3144	2.3
3145	7.9
3146	10.1
3147	10.6
3148	7.5
3149	2.3
3150	2.3
3151	2
3152	1.6
3153	4.2
3154	7.6
3155	5.5
3156	3.9
3157	6.8
3158	11.2
3159	9.5
3160	2.4
3161	2.8
3162	2.6
3163	-0.2
3164	0
3165	3.6
3166	3.75
3167	3.9
3168	3.1
3169	3.4
3170	5.1
3171	2.1
3172	0.9
3173	-1.6
3174	-1
3175	0.6
3176	0.7
3177	1.4
3178	0.2
3179	0.2
3180	-1.4
3181	-1.6
3182	-3.6
3183	-3.6
3184	-4.2
3185	-3.9
3186	-5.4
3187	-5.5
3188	-4.2
3189	-1.7
3190	-1.8
3191	-4
3192	-3.3
3193	-5.4
3194	-3.6
3195	-4.2
3196	-0.3
3197	3.1
3198	0.4
3199	-2.8
3200	-5.4
3201	-9.9
3202	-11.2
3203	-11
3204	-12.1
3205	-7
3206	-6.3
3207	-5.9
3208	-5.4
3209	-6.1
3210	-11.2
3211	-11.7
3212	-7.6
3213	-5.8
3214	-8.4
3215	-8.3
3216	-8.8
3217	-9.7
3218	-5
3219	-2.9
3220	-6.5
3221	-7.2
3222	-10.2
3223	-11.9
3224	-15.9
3225	-18.2
3226	-8.9
3227	-3
3228	-2.5
3229	-3.6
3230	-4.9
3231	-11.2
3232	-9.7
3233	-8.4
3234	-5.2
3235	-8.2
3236	-11.4
3237	-16.7
3238	-22.6
3239	-25.3
3240	-25.3
3241	-27.2
3242	-28.2
3243	-25.1
3244	-18.9
3245	-20.9
3246	-20.3
3247	-21.7
3248	-18.6
3249	-6.5
3250	-4.1
3251	-8.1
3252	-13.2
3253	-14.1
3254	-15.2
3255	-19.4
3256	-24.2
3257	-29.1
3258	-35.1
3259	-34.2
3260	-35.4
3261	-35.8
3262	-32.7
3263	-28.4
3264	-28.3
3265	-31.1
3266	-30.8
3267	-32.9
3268	-31.1
3269	-28.1
3270	-10.9
3271	-9.4
3272	-11.4
3273	-16.8
3274	-20.7
3275	-20.8
3276	-23.7
3277	-30.5
3278	-32.4
3279	-30.2
3280	-28.4
3281	-18.9
3282	-15.3
3283	-24.7
3284	-22.3
3285	-19.6
3286	-13.7
3287	-11.8
3288	-10.9
3289	-8.3
3290	-12
3291	-14.4
3292	-15.7
3293	-16.2
3294	-3.1
3295	-3.6
3296	-13.2
3297	-25.3
3298	-25.6
3299	-30.3
3300	-28.7
3301	-29.2
3302	-23.8
3303	-19.7
3304	-20.4
3305	-15.1
3306	-13.1
3307	-22.7
3308	-24.8
3309	-27.8
3310	-31.9
3311	-31.3
3312	-27.6
3313	-25.4
3314	-22.2
3315	-22.6
3316	-10.3
3317	-11.6
3318	-10.2
3319	-7.9
3320	-17.2
3321	-27.7
3322	-24
3323	-27.6
3324	-29.7
3325	-26.6
3326	-26.3
3327	-25.4
3328	-34.9
3329	-37.6
3330	-35.3
3331	-31.6
3332	-27.9
3333	-12.4
3334	-6.5
3335	-1.3
3336	-3.2
3337	-9.9
3338	-14.3
3339	-15.8
3340	-12.3
3341	-3.8
3342	-8.3
3343	-2.8
3344	-3.5
3345	-7.8
3346	-23.4
3347	-10
3348	-3.8
3349	-16.6
3350	-22.4
3351	-15
3352	-7.8
3353	-22.6
3354	-27.6
3355	-27.6
3356	-30.7
3357	-33.9
3358	-35.1
3359	-31.8
3360	-24.3
3361	-14.9
3362	-10
3363	-15.8
3364	-19.1
3365	-19.7
3366	-21.7
3367	-22.4
3368	-19.2
3369	-19.9
3370	-12.2
3371	-21.3
3372	-19.9
3373	-20.3
3374	-20
3375	-19
3376	-18.9
3377	-21.3
3378	-17.3
3379	-17.9
3380	-22.4
3381	-23.4
3382	-19.6
3383	-18.4
3384	-12.4
3385	-14.4
3386	-13.1
3387	-12
3388	-13.6
3389	-13.2
3390	-14.3
3391	-17.1
3392	-17.3
3393	-15.9
3394	-14.6
3395	-4.6
3396	3.5
3397	-4.5
3398	-2.1
3399	0.6
3400	-0.3
3401	-2.3
3402	-6.9
3403	-11.2
3404	-11.1
3405	-8.8
3406	-9.1
3407	-8
3408	1.4
3409	1.6
3410	-6.9
3411	-7.6
3412	-7.2
3413	4
3414	6.3
3415	3.9
3416	-1.2
3417	1.1
3418	4.4
3419	0.6
3420	-0.3
3421	8.7
3422	8.7
3423	11.2
3424	13.7
3425	8.8
3426	9
3427	11.3
3428	7.7
3429	5.4
3430	6.8
3431	6.7
3432	5.6
3433	8.8
3434	7.1
3435	0.4
3436	3.4
3437	-0.9
3438	-0.6
3439	0
3440	-0.8
3441	-1.5
3442	1.4
3443	3.6
3444	7.9
3445	9.7
3446	8.8
3447	10.8
3448	2.1
3449	7
3450	12.4
3451	15.9
3452	14.2
3453	11.3
3454	14.8
3455	13.9
3456	13.9
3457	19.4
3458	20.3
3459	18.1
3460	18.2
3461	18.4
3462	15.6
3463	15.3
3464	9.9
3465	12
3466	17.4
3467	16.7
3468	14
3469	15.4
3470	11.2
3471	12.7
3472	15.1
3473	19.2
3474	10.6
3475	5.6
3476	5.5
3477	5.3
3478	4.5
3479	4.8
3480	6.8
3481	8.2
3482	6.8
3483	11.8
3484	11.5
3485	14.2
3486	10.1
3487	8.6
3488	12.1
3489	9.3
3490	5.7
3491	6.2
3492	7.4
3493	6.3
3494	6.9
3495	5.5
3496	4.5
3497	6.4
3498	12.8
3499	8.4
3500	12.7
3501	13.3
3502	10.05
3503	10.05
3504	10.05
3505	10.05
3506	6.8
3507	7.9
3508	2.5
3509	2.3
3510	7.9
3511	10.1
3512	10.6
3513	7.5
3514	2.3
3515	2.3
3516	2
3517	1.6
3518	4.2
3519	7.6
3520	5.5
3521	3.9
3522	6.8
3523	11.2
3524	9.5
3525	2.4
3526	2.8
3527	2.6
3528	-0.2
3529	0
3530	3.6
3531	3.75
3532	3.9
3533	3.1
3534	3.4
3535	5.1
3536	2.1
3537	0.9
3538	-1.6
3539	-1
3540	0.6
3541	0.7
3542	1.4
3543	0.2
3544	0.2
3545	-1.4
3546	-1.6
3547	-3.6
3548	-3.6
3549	-4.2
3550	-3.9
3551	-5.4
3552	-5.5
3553	-4.2
3554	-1.7
3555	-1.8
3556	-4
3557	-3.3
3558	-5.4
3559	-3.6
3560	-4.2
3561	-0.3
3562	3.1
3563	0.4
3564	-2.8
3565	-5.4
3566	-9.9
3567	-11.2
3568	-11
3569	-12.1
3570	-7
3571	-6.3
3572	-5.9
3573	-5.4
3574	-6.1
3575	-11.2
3576	-11.7
3577	-7.6
3578	-5.8
3579	-8.4
3580	-8.3
3581	-8.8
3582	-9.7
3583	-5
3584	-2.9
3585	-6.5
3586	-7.2
3587	-10.2
3588	-11.9
3589	-15.9
3590	-18.2
3591	-8.9
3592	-3
3593	-2.5
3594	-3.6
3595	-4.9
3596	-11.2
3597	-9.7
3598	-8.4
3599	-5.2
3600	-8.2
3601	-11.4
3602	-16.7
3603	-22.6
3604	-25.3
3605	-25.3
3606	-27.2
3607	-28.2
3608	-25.1
3609	-18.9
3610	-20.9
3611	-20.3
3612	-21.7
3613	-18.6
3614	-6.5
3615	-4.1
3616	-8.1
3617	-13.2
3618	-14.1
3619	-15.2
3620	-19.4
3621	-24.2
3622	-29.1
3623	-35.1
3624	-34.2
3625	-35.4
3626	-35.8
3627	-32.7
3628	-28.4
3629	-28.3
3630	-31.1
3631	-30.8
3632	-32.9
3633	-31.1
3634	-28.1
3635	-10.9
3636	-9.4
3637	-11.4
3638	-16.8
3639	-20.7
3640	-20.8
3641	-23.7
3642	-30.5
3643	-32.4
3644	-30.2
3645	-28.4
3646	-18.9
3647	-15.3
3648	-24.7
3649	-22.3
3650	-19.6
3651	-13.7
3652	-11.8
3653	-10.9
3654	-8.3
3655	-12
3656	-14.4
3657	-15.7
3658	-16.2
3659	-3.1
3660	-3.6
3661	-13.2
3662	-25.3
3663	-25.6
3664	-30.3
3665	-28.7
3666	-29.2
3667	-23.8
3668	-19.7
3669	-20.4
3670	-15.1
3671	-13.1
3672	-22.7
3673	-24.8
3674	-27.8
3675	-31.9
3676	-31.3
3677	-27.6
3678	-25.4
3679	-22.2
3680	-22.6
3681	-10.3
3682	-11.6
3683	-10.2
3684	-7.9
3685	-17.2
3686	-27.7
3687	-24
3688	-27.6
3689	-29.7
3690	-26.6
3691	-26.3
3692	-25.4
3693	-34.9
3694	-37.6
3695	-35.3
3696	-31.6
3697	-27.9
3698	-12.4
3699	-6.5
3700	-1.3
3701	-3.2
3702	-9.9
3703	-14.3
3704	-15.8
3705	-12.3
3706	-3.8
3707	-8.3
3708	-2.8
3709	-3.5
3710	-7.8
3711	-23.4
3712	-10
3713	-3.8
3714	-16.6
3715	-22.4
3716	-15
3717	-7.8
3718	-22.6
3719	-27.6
3720	-27.6
3721	-30.7
3722	-33.9
3723	-35.1
3724	-31.8
3725	-24.3
3726	-14.9
3727	-10
3728	-15.8
3729	-19.1
3730	-19.7
3731	-21.7
3732	-22.4
3733	-19.2
3734	-19.9
3735	-12.2
3736	-21.3
3737	-19.9
3738	-20.3
3739	-20
3740	-19
3741	-18.9
3742	-21.3
3743	-17.3
3744	-17.9
3745	-22.4
3746	-23.4
3747	-19.6
3748	-18.4
3749	-12.4
3750	-14.4
3751	-13.1
3752	-12
3753	-13.6
3754	-13.2
3755	-14.3
3756	-17.1
3757	-17.3
3758	-15.9
3759	-14.6
3760	-4.6
3761	3.5
3762	-4.5
3763	-2.1
3764	0.6
3765	-0.3
3766	-2.3
3767	-6.9
3768	-11.2
3769	-11.1
3770	-8.8
3771	-9.1
3772	-8
3773	1.4
3774	1.6
3775	-6.9
3776	-7.6
3777	-7.2
3778	4
3779	6.3
3780	3.9
3781	-1.2
3782	1.1
3783	4.4
3784	0.6
3785	-0.3
3786	8.7
3787	8.7
3788	11.2
3789	13.7
3790	8.8
3791	9
3792	11.3
3793	7.7
3794	5.4
3795	6.8
3796	6.7
3797	5.6
3798	8.8
3799	7.1
3800	0.4
3801	3.4
3802	-0.9
3803	-0.6
3804	0
3805	-0.8
3806	-1.5
3807	1.4
3808	3.6
3809	7.9
3810	9.7
3811	8.8
3812	10.8
3813	2.1
3814	7
3815	12.4
3816	15.9
3817	14.2
3818	11.3
3819	14.8
3820	13.9
3821	13.9
3822	19.4
3823	20.3
3824	18.1
3825	18.2
3826	18.4
3827	15.6
3828	15.3
3829	9.9
3830	12
3831	17.4
3832	16.7
3833	14
3834	15.4
3835	11.2
3836	12.7
3837	15.1
3838	19.2
3839	10.6
3840	5.6
3841	5.5
3842	5.3
3843	4.5
3844	4.8
3845	6.8
3846	8.2
3847	6.8
3848	11.8
3849	11.5
3850	14.2
3851	10.1
3852	8.6
3853	12.1
3854	9.3
3855	5.7
3856	6.2
3857	7.4
3858	6.3
3859	6.9
3860	5.5
3861	4.5
3862	6.4
3863	12.8
3864	8.4
3865	12.7
3866	13.3
3867	10.05
3868	10.05
3869	10.05
3870	10.05
3871	6.8
3872	7.9
3873	2.5
3874	2.3
3875	7.9
3876	10.1
3877	10.6
3878	7.5
3879	2.3
3880	2.3
3881	2
3882	1.6
3883	4.2
3884	7.6
3885	5.5
3886	3.9
3887	6.8
3888	11.2
3889	9.5
3890	2.4
3891	2.8
3892	2.6
3893	-0.2
3894	0
3895	3.6
3896	3.75
3897	3.9
3898	3.1
3899	3.4
3900	5.1
3901	2.1
3902	0.9
3903	-1.6
3904	-1
3905	0.6
3906	0.7
3907	1.4
3908	0.2
3909	0.2
3910	-1.4
3911	-1.6
3912	-3.6
3913	-3.6
3914	-4.2
3915	-3.9
3916	-5.4
3917	-5.5
3918	-4.2
3919	-1.7
3920	-1.8
3921	-4
3922	-3.3
3923	-5.4
3924	-3.6
3925	-4.2
3926	-0.3
3927	3.1
3928	0.4
3929	-2.8
3930	-5.4
3931	-9.9
3932	-11.2
3933	-11
3934	-12.1
3935	-7
3936	-6.3
3937	-5.9
3938	-5.4
3939	-6.1
3940	-11.2
3941	-11.7
3942	-7.6
3943	-5.8
3944	-8.4
3945	-8.3
3946	-8.8
3947	-9.7
3948	-5
3949	-2.9
3950	-6.5
3951	-7.2
3952	-10.2
3953	-11.9
3954	-15.9
3955	-18.2
3956	-8.9
3957	-3
3958	-2.5
3959	-3.6
3960	-4.9
3961	-11.2
3962	-9.7
3963	-8.4
3964	-5.2
3965	-8.2
3966	-11.4
3967	-16.7
3968	-22.6
3969	-25.3
3970	-25.3
3971	-27.2
3972	-28.2
3973	-25.1
3974	-18.9
3975	-20.9
3976	-20.3
3977	-21.7
3978	-18.6
3979	-6.5
3980	-4.1
3981	-8.1
3982	-13.2
3983	-14.1
3984	-15.2
3985	-19.4
3986	-24.2
3987	-29.1
3988	-35.1
3989	-34.2
3990	-35.4
3991	-35.8
3992	-32.7
3993	-28.4
3994	-28.3
3995	-31.1
3996	-30.8
3997	-32.9
3998	-31.1
3999	-28.1
4000	-10.9
4001	-9.4
4002	-11.4
4003	-16.8
4004	-20.7
4005	-20.8
4006	-23.7
4007	-30.5
4008	-32.4
4009	-30.2
4010	-28.4
4011	-18.9
4012	-15.3
4013	-24.7
4014	-22.3
4015	-19.6
4016	-13.7
4017	-11.8
4018	-10.9
4019	-8.3
4020	-12
4021	-14.4
4022	-15.7
4023	-16.2
4024	-3.1
4025	-3.6
4026	-13.2
4027	-25.3
4028	-25.6
4029	-30.3
4030	-28.7
4031	-29.2
4032	-23.8
4033	-19.7
4034	-20.4
4035	-15.1
4036	-13.1
4037	-22.7
4038	-24.8
4039	-27.8
4040	-31.9
4041	-31.3
4042	-27.6
4043	-25.4
4044	-22.2
4045	-22.6
4046	-10.3
4047	-11.6
4048	-10.2
4049	-7.9
4050	-17.2
4051	-27.7
4052	-24
4053	-27.6
4054	-29.7
4055	-26.6
4056	-26.3
4057	-25.4
4058	-34.9
4059	-37.6
4060	-35.3
4061	-31.6
4062	-27.9
4063	-12.4
4064	-6.5
4065	-1.3
4066	-3.2
4067	-9.9
4068	-14.3
4069	-15.8
4070	-12.3
4071	-3.8
4072	-8.3
4073	-2.8
4074	-3.5
4075	-7.8
4076	-23.4
4077	-10
4078	-3.8
4079	-16.6
4080	-22.4
4081	-15
4082	-7.8
4083	-22.6
4084	-27.6
4085	-27.6
4086	-30.7
4087	-33.9
4088	-35.1
4089	-31.8
4090	-24.3
4091	-14.9
4092	-10
4093	-15.8
4094	-19.1
4095	-19.7
4096	-21.7
4097	-22.4
4098	-19.2
4099	-19.9
4100	-12.2
4101	-21.3
4102	-19.9
4103	-20.3
4104	-20
4105	-19
4106	-18.9
4107	-21.3
4108	-17.3
4109	-17.9
4110	-22.4
4111	-23.4
4112	-19.6
4113	-18.4
4114	-12.4
4115	-14.4
4116	-13.1
4117	-12
4118	-13.6
4119	-13.2
4120	-14.3
4121	-17.1
4122	-17.3
4123	-15.9
4124	-14.6
4125	-4.6
4126	3.5
4127	-4.5
4128	-2.1
4129	0.6
4130	-0.3
4131	-2.3
4132	-6.9
4133	-11.2
4134	-11.1
4135	-8.8
4136	-9.1
4137	-8
4138	1.4
4139	1.6
4140	-6.9
4141	-7.6
4142	-7.2
4143	4
4144	6.3
4145	3.9
4146	-1.2
4147	1.1
4148	4.4
4149	0.6
4150	-0.3
4151	8.7
4152	8.7
4153	11.2
4154	13.7
4155	8.8
4156	9
4157	11.3
4158	7.7
4159	5.4
4160	6.8
4161	6.7
4162	5.6
4163	8.8
4164	7.1
4165	0.4
4166	3.4
4167	-0.9
4168	-0.6
4169	0
4170	-0.8
4171	-1.5
4172	1.4
4173	3.6
4174	7.9
4175	9.7
4176	8.8
4177	10.8
4178	2.1
4179	7
4180	12.4
4181	15.9
4182	14.2
4183	11.3
4184	14.8
4185	13.9
4186	13.9
4187	19.4
4188	20.3
4189	18.1
4190	18.2
4191	18.4
4192	15.6
4193	15.3
4194	9.9
4195	12
4196	17.4
4197	16.7
4198	14
4199	15.4
4200	11.2
4201	12.7
4202	15.1
4203	19.2
4204	10.6
4205	5.6
4206	5.5
4207	5.3
4208	4.5
4209	4.8
4210	6.8
4211	8.2
4212	6.8
4213	11.8
4214	11.5
4215	14.2
4216	10.1
4217	8.6
4218	12.1
4219	9.3
4220	5.7
4221	6.2
4222	7.4
4223	6.3
4224	6.9
4225	5.5
4226	4.5
4227	6.4
4228	12.8
4229	8.4
4230	12.7
4231	13.3
4232	10.05
4233	10.05
4234	10.05
4235	10.05
4236	6.8
4237	7.9
4238	2.5
4239	2.3
4240	7.9
4241	10.1
4242	10.6
4243	7.5
4244	2.3
4245	2.3
4246	2
4247	1.6
4248	4.2
4249	7.6
4250	5.5
4251	3.9
4252	6.8
4253	11.2
4254	9.5
4255	2.4
4256	2.8
4257	2.6
4258	-0.2
4259	0
4260	3.6
4261	3.75
4262	3.9
4263	3.1
4264	3.4
4265	5.1
4266	2.1
4267	0.9
4268	-1.6
4269	-1
4270	0.6
4271	0.7
4272	1.4
4273	0.2
4274	0.2
4275	-1.4
4276	-1.6
4277	-3.6
4278	-3.6
4279	-4.2
4280	-3.9
4281	-5.4
4282	-5.5
4283	-4.2
4284	-1.7
4285	-1.8
4286	-4
4287	-3.3
4288	-5.4
4289	-3.6
4290	-4.2
4291	-0.3
4292	3.1
4293	0.4
4294	-2.8
4295	-5.4
4296	-9.9
4297	-11.2
4298	-11
4299	-12.1
4300	-7
4301	-6.3
4302	-5.9
4303	-5.4
4304	-6.1
4305	-11.2
4306	-11.7
4307	-7.6
4308	-5.8
4309	-8.4
4310	-8.3
4311	-8.8
4312	-9.7
4313	-5
4314	-2.9
4315	-6.5
4316	-7.2
4317	-10.2
4318	-11.9
4319	-15.9
4320	-18.2
4321	-8.9
4322	-3
4323	-2.5
4324	-3.6
4325	-4.9
4326	-11.2
4327	-9.7
4328	-8.4
4329	-5.2
4330	-8.2
4331	-11.4
4332	-16.7
4333	-22.6
4334	-25.3
4335	-25.3
4336	-27.2
4337	-28.2
4338	-25.1
4339	-18.9
4340	-20.9
4341	-20.3
4342	-21.7
4343	-18.6
4344	-6.5
4345	-4.1
4346	-8.1
4347	-13.2
4348	-14.1
4349	-15.2
4350	-19.4
4351	-24.2
4352	-29.1
4353	-35.1
4354	-34.2
4355	-35.4
4356	-35.8
4357	-32.7
4358	-28.4
4359	-28.3
4360	-31.1
4361	-30.8
4362	-32.9
4363	-31.1
4364	-28.1
4365	-10.9
4366	-9.4
4367	-11.4
4368	-16.8
4369	-20.7
4370	-20.8
4371	-23.7
4372	-30.5
4373	-32.4
4374	-30.2
4375	-28.4
4376	-18.9
4377	-15.3
4378	-24.7
4379	-22.3
4380	-19.6
4381	-13.7
4382	-11.8
4383	-10.9
4384	-8.3
4385	-12
4386	-14.4
4387	-15.7
4388	-16.2
4389	-3.1
4390	-3.6
4391	-13.2
4392	-25.3
4393	-25.6
4394	-30.3
4395	-28.7
4396	-29.2
4397	-23.8
4398	-19.7
4399	-20.4
4400	-15.1
4401	-13.1
4402	-22.7
4403	-24.8
4404	-27.8
4405	-31.9
4406	-31.3
4407	-27.6
4408	-25.4
4409	-22.2
4410	-22.6
4411	-10.3
4412	-11.6
4413	-10.2
4414	-7.9
4415	-17.2
4416	-27.7
4417	-24
4418	-27.6
4419	-29.7
4420	-26.6
4421	-26.3
4422	-25.4
4423	-34.9
4424	-37.6
4425	-35.3
4426	-31.6
4427	-27.9
4428	-12.4
4429	-6.5
4430	-1.3
4431	-3.2
4432	-9.9
4433	-14.3
4434	-15.8
4435	-12.3
4436	-3.8
4437	-8.3
4438	-2.8
4439	-3.5
4440	-7.8
4441	-23.4
4442	-10
4443	-3.8
4444	-16.6
4445	-22.4
4446	-15
4447	-7.8
4448	-22.6
4449	-27.6
4450	-27.6
4451	-30.7
4452	-33.9
4453	-35.1
4454	-31.8
4455	-24.3
4456	-14.9
4457	-10
4458	-15.8
4459	-19.1
4460	-19.7
4461	-21.7
4462	-22.4
4463	-19.2
4464	-19.9
4465	-12.2
4466	-21.3
4467	-19.9
4468	-20.3
4469	-20
4470	-19
4471	-18.9
4472	-21.3
4473	-17.3
4474	-17.9
4475	-22.4
4476	-23.4
4477	-19.6
4478	-18.4
4479	-12.4
4480	-14.4
4481	-13.1
4482	-12
4483	-13.6
4484	-13.2
4485	-14.3
4486	-17.1
4487	-17.3
4488	-15.9
4489	-14.6
4490	-4.6
4491	3.5
4492	-4.5
4493	-2.1
4494	0.6
4495	-0.3
4496	-2.3
4497	-6.9
4498	-11.2
4499	-11.1
4500	-8.8
4501	-9.1
4502	-8
4503	1.4
4504	1.6
4505	-6.9
4506	-7.6
4507	-7.2
4508	4
4509	6.3
4510	3.9
4511	-1.2
4512	1.1
4513	4.4
4514	0.6
4515	-0.3
4516	8.7
4517	8.7
4518	11.2
4519	13.7
4520	8.8
4521	9
4522	11.3
4523	7.7
4524	5.4
4525	6.8
4526	6.7
4527	5.6
4528	8.8
4529	7.1
4530	0.4
4531	3.4
4532	-0.9
4533	-0.6
4534	0
4535	-0.8
4536	-1.5
4537	1.4
4538	3.6
4539	7.9
4540	9.7
4541	8.8
4542	10.8
4543	2.1
4544	7
4545	12.4
4546	15.9
4547	14.2
4548	11.3
4549	14.8
4550	13.9
4551	13.9
4552	19.4
4553	20.3
4554	18.1
4555	18.2
4556	18.4
4557	15.6
4558	15.3
4559	9.9
4560	12
4561	17.4
4562	16.7
4563	14
4564	15.4
4565	11.2
4566	12.7
4567	15.1
4568	19.2
4569	10.6
4570	5.6
4571	5.5
4572	5.3
4573	4.5
4574	4.8
4575	6.8
4576	8.2
4577	6.8
4578	11.8
4579	11.5
4580	14.2
4581	10.1
4582	8.6
4583	12.1
4584	9.3
4585	5.7
4586	6.2
4587	7.4
4588	6.3
4589	6.9
4590	5.5
4591	4.5
4592	6.4
4593	12.8
4594	8.4
4595	12.7
4596	13.3
4597	10.05
4598	10.05
4599	10.05
4600	10.05
4601	6.8
4602	7.9
4603	2.5
4604	2.3
4605	7.9
4606	10.1
4607	10.6
4608	7.5
4609	2.3
4610	2.3
4611	2
4612	1.6
4613	4.2
4614	7.6
4615	5.5
4616	3.9
4617	6.8
4618	11.2
4619	9.5
4620	2.4
4621	2.8
4622	2.6
4623	-0.2
4624	0
4625	3.6
4626	3.75
4627	3.9
4628	3.1
4629	3.4
4630	5.1
4631	2.1
4632	0.9
4633	-1.6
4634	-1
4635	0.6
4636	0.7
4637	1.4
4638	0.2
4639	0.2
4640	-1.4
4641	-1.6
4642	-3.6
4643	-3.6
4644	-4.2
4645	-3.9
4646	-5.4
4647	-5.5
4648	-4.2
4649	-1.7
4650	-1.8
4651	-4
4652	-3.3
4653	-5.4
4654	-3.6
4655	-4.2
4656	-0.3
4657	3.1
4658	0.4
4659	-2.8
4660	-5.4
4661	-9.9
4662	-11.2
4663	-11
4664	-12.1
4665	-7
4666	-6.3
4667	-5.9
4668	-5.4
4669	-6.1
4670	-11.2
4671	-11.7
4672	-7.6
4673	-5.8
4674	-8.4
4675	-8.3
4676	-8.8
4677	-9.7
4678	-5
4679	-2.9
4680	-6.5
4681	-7.2
4682	-10.2
4683	-11.9
4684	-15.9
4685	-18.2
4686	-8.9
4687	-3
4688	-2.5
4689	-3.6
4690	-4.9
4691	-11.2
4692	-9.7
4693	-8.4
4694	-5.2
4695	-8.2
4696	-11.4
4697	-16.7
4698	-22.6
4699	-25.3
4700	-25.3
4701	-27.2
4702	-28.2
4703	-25.1
4704	-18.9
4705	-20.9
4706	-20.3
4707	-21.7
4708	-18.6
4709	-6.5
4710	-4.1
4711	-8.1
4712	-13.2
4713	-14.1
4714	-15.2
4715	-19.4
4716	-24.2
4717	-29.1
4718	-35.1
4719	-34.2
4720	-35.4
4721	-35.8
4722	-32.7
4723	-28.4
4724	-28.3
4725	-31.1
4726	-30.8
4727	-32.9
4728	-31.1
4729	-28.1
4730	-10.9
4731	-9.4
4732	-11.4
4733	-16.8
4734	-20.7
4735	-20.8
4736	-23.7
4737	-30.5
4738	-32.4
4739	-30.2
4740	-28.4
4741	-18.9
4742	-15.3
4743	-24.7
4744	-22.3
4745	-19.6
4746	-13.7
4747	-11.8
4748	-10.9
4749	-8.3
4750	-12
4751	-14.4
4752	-15.7
4753	-16.2
4754	-3.1
4755	-3.6
4756	-13.2
4757	-25.3
4758	-25.6
4759	-30.3
4760	-28.7
4761	-29.2
4762	-23.8
4763	-19.7
4764	-20.4
4765	-15.1
4766	-13.1
4767	-22.7
4768	-24.8
4769	-27.8
4770	-31.9
4771	-31.3
4772	-27.6
4773	-25.4
4774	-22.2
4775	-22.6
4776	-10.3
4777	-11.6
4778	-10.2
4779	-7.9
4780	-17.2
4781	-27.7
4782	-24
4783	-27.6
4784	-29.7
4785	-26.6
4786	-26.3
4787	-25.4
4788	-34.9
4789	-37.6
4790	-35.3
4791	-31.6
4792	-27.9
4793	-12.4
4794	-6.5
4795	-1.3
4796	-3.2
4797	-9.9
4798	-14.3
4799	-15.8
4800	-12.3
4801	-3.8
4802	-8.3
4803	-2.8
4804	-3.5
4805	-7.8
4806	-23.4
4807	-10
4808	-3.8
4809	-16.6
4810	-22.4
4811	-15
4812	-7.8
4813	-22.6
4814	-27.6
4815	-27.6
4816	-30.7
4817	-33.9
4818	-35.1
4819	-31.8
4820	-24.3
4821	-14.9
4822	-10
4823	-15.8
4824	-19.1
4825	-19.7
4826	-21.7
4827	-22.4
4828	-19.2
4829	-19.9
4830	-12.2
4831	-21.3
4832	-19.9
4833	-20.3
4834	-20
4835	-19
4836	-18.9
4837	-21.3
4838	-17.3
4839	-17.9
4840	-22.4
4841	-23.4
4842	-19.6
4843	-18.4
4844	-12.4
4845	-14.4
4846	-13.1
4847	-12
4848	-13.6
4849	-13.2
4850	-14.3
4851	-17.1
4852	-17.3
4853	-15.9
4854	-14.6
4855	-4.6
4856	3.5
4857	-4.5
4858	-2.1
4859	0.6
4860	-0.3
4861	-2.3
4862	-6.9
4863	-11.2
4864	-11.1
4865	-8.8
4866	-9.1
4867	-8
4868	1.4
4869	1.6
4870	-6.9
4871	-7.6
4872	-7.2
4873	4
4874	6.3
4875	3.9
4876	-1.2
4877	1.1
4878	4.4
4879	0.6
4880	-0.3
4881	8.7
4882	8.7
4883	11.2
4884	13.7
4885	8.8
4886	9
4887	11.3
4888	7.7
4889	5.4
4890	6.8
4891	6.7
4892	5.6
4893	8.8
4894	7.1
4895	0.4
4896	3.4
4897	-0.9
4898	-0.6
4899	0
4900	-0.8
4901	-1.5
4902	1.4
4903	3.6
4904	7.9
4905	9.7
4906	8.8
4907	10.8
4908	2.1
4909	7
4910	12.4
4911	15.9
4912	14.2
4913	11.3
4914	14.8
4915	13.9
4916	13.9
4917	19.4
4918	20.3
4919	18.1
4920	18.2
4921	18.4
4922	15.6
4923	15.3
4924	9.9
4925	12
4926	17.4
4927	16.7
4928	14
4929	15.4
4930	11.2
4931	12.7
4932	15.1
4933	19.2
4934	10.6
4935	5.6
4936	5.5
4937	5.3
4938	4.5
4939	4.8
4940	6.8
4941	8.2
4942	6.8
4943	11.8
4944	11.5
4945	14.2
4946	10.1
4947	8.6
4948	12.1
4949	9.3
4950	5.7
4951	6.2
4952	7.4
4953	6.3
4954	6.9
4955	5.5
4956	4.5
4957	6.4
4958	12.8
4959	8.4
4960	12.7
4961	13.3
4962	10.05
4963	10.05
4964	10.05
4965	10.05
4966	6.8
4967	7.9
4968	2.5
4969	2.3
4970	7.9
4971	10.1
4972	10.6
4973	7.5
4974	2.3
4975	2.3
4976	2
4977	1.6
4978	4.2
4979	7.6
4980	5.5
4981	3.9
4982	6.8
4983	11.2
4984	9.5
4985	2.4
4986	2.8
4987	2.6
4988	-0.2
4989	0
4990	3.6
4991	3.75
4992	3.9
4993	3.1
4994	3.4
4995	5.1
4996	2.1
4997	0.9
4998	-1.6
4999	-1
5000	0.6
5001	0.7
5002	1.4
5003	0.2
5004	0.2
5005	-1.4
5006	-1.6
5007	-3.6
5008	-3.6
5009	-4.2
5010	-3.9
5011	-5.4
5012	-5.5
5013	-4.2
5014	-1.7
5015	-1.8
5016	-4
5017	-3.3
5018	-5.4
5019	-3.6
5020	-4.2
5021	-0.3
5022	3.1
5023	0.4
5024	-2.8
5025	-5.4
5026	-9.9
5027	-11.2
5028	-11
5029	-12.1
5030	-7
5031	-6.3
5032	-5.9
5033	-5.4
5034	-6.1
5035	-11.2
5036	-11.7
5037	-7.6
5038	-5.8
5039	-8.4
5040	-8.3
5041	-8.8
5042	-9.7
5043	-5
5044	-2.9
5045	-6.5
5046	-7.2
5047	-10.2
5048	-11.9
5049	-15.9
5050	-18.2
5051	-8.9
5052	-3
5053	-2.5
5054	-3.6
5055	-4.9
5056	-11.2
5057	-9.7
5058	-8.4
5059	-5.2
5060	-8.2
5061	-11.4
5062	-16.7
5063	-22.6
5064	-25.3
5065	-25.3
5066	-27.2
5067	-28.2
5068	-25.1
5069	-18.9
5070	-20.9
5071	-20.3
5072	-21.7
5073	-18.6
5074	-6.5
5075	-4.1
5076	-8.1
5077	-13.2
5078	-14.1
5079	-15.2
5080	-19.4
5081	-24.2
5082	-29.1
5083	-35.1
5084	-34.2
5085	-35.4
5086	-35.8
5087	-32.7
5088	-28.4
5089	-28.3
5090	-31.1
5091	-30.8
5092	-32.9
5093	-31.1
5094	-28.1
5095	-10.9
5096	-9.4
5097	-11.4
5098	-16.8
5099	-20.7
5100	-20.8
5101	-23.7
5102	-30.5
5103	-32.4
5104	-30.2
5105	-28.4
5106	-18.9
5107	-15.3
5108	-24.7
5109	-22.3
5110	-19.6
5111	-13.7
5112	-11.8
5113	-10.9
5114	-8.3
5115	-12
5116	-14.4
5117	-15.7
5118	-16.2
5119	-3.1
5120	-3.6
5121	-13.2
5122	-25.3
5123	-25.6
5124	-30.3
5125	-28.7
5126	-29.2
5127	-23.8
5128	-19.7
5129	-20.4
5130	-15.1
5131	-13.1
5132	-22.7
5133	-24.8
5134	-27.8
5135	-31.9
5136	-31.3
5137	-27.6
5138	-25.4
5139	-22.2
5140	-22.6
5141	-10.3
5142	-11.6
5143	-10.2
5144	-7.9
5145	-17.2
5146	-27.7
5147	-24
5148	-27.6
5149	-29.7
5150	-26.6
5151	-26.3
5152	-25.4
5153	-34.9
5154	-37.6
5155	-35.3
5156	-31.6
5157	-27.9
5158	-12.4
5159	-6.5
5160	-1.3
5161	-3.2
5162	-9.9
5163	-14.3
5164	-15.8
5165	-12.3
5166	-3.8
5167	-8.3
5168	-2.8
5169	-3.5
5170	-7.8
5171	-23.4
5172	-10
5173	-3.8
5174	-16.6
5175	-22.4
5176	-15
5177	-7.8
5178	-22.6
5179	-27.6
5180	-27.6
5181	-30.7
5182	-33.9
5183	-35.1
5184	-31.8
5185	-24.3
5186	-14.9
5187	-10
5188	-15.8
5189	-19.1
5190	-19.7
5191	-21.7
5192	-22.4
5193	-19.2
5194	-19.9
5195	-12.2
5196	-21.3
5197	-19.9
5198	-20.3
5199	-20
5200	-19
5201	-18.9
5202	-21.3
5203	-17.3
5204	-17.9
5205	-22.4
5206	-23.4
5207	-19.6
5208	-18.4
5209	-12.4
5210	-14.4
5211	-13.1
5212	-12
5213	-13.6
5214	-13.2
5215	-14.3
5216	-17.1
5217	-17.3
5218	-15.9
5219	-14.6
5220	-4.6
5221	3.5
5222	-4.5
5223	-2.1
5224	0.6
5225	-0.3
5226	-2.3
5227	-6.9
5228	-11.2
5229	-11.1
5230	-8.8
5231	-9.1
5232	-8
5233	1.4
5234	1.6
5235	-6.9
5236	-7.6
5237	-7.2
5238	4
5239	6.3
5240	3.9
5241	-1.2
5242	1.1
5243	4.4
5244	0.6
5245	-0.3
5246	8.7
5247	8.7
5248	11.2
5249	13.7
5250	8.8
5251	9
5252	11.3
5253	7.7
5254	5.4
5255	6.8
5256	6.7
5257	5.6
5258	8.8
5259	7.1
5260	0.4
5261	3.4
5262	-0.9
5263	-0.6
5264	0
5265	-0.8
5266	-1.5
5267	1.4
5268	3.6
5269	7.9
5270	9.7
5271	8.8
5272	10.8
5273	2.1
5274	7
5275	12.4
5276	15.9
5277	14.2
5278	11.3
5279	14.8
5280	13.9
5281	13.9
5282	19.4
5283	20.3
5284	18.1
5285	18.2
5286	18.4
5287	15.6
5288	15.3
5289	9.9
5290	12
5291	17.4
5292	16.7
5293	14
5294	15.4
5295	11.2
5296	12.7
5297	15.1
5298	19.2
5299	10.6
5300	5.6
5301	5.5
5302	5.3
5303	4.5
5304	4.8
5305	6.8
5306	8.2
5307	6.8
5308	11.8
5309	11.5
5310	14.2
5311	10.1
5312	8.6
5313	12.1
5314	9.3
5315	5.7
5316	6.2
5317	7.4
5318	6.3
5319	6.9
5320	5.5
5321	4.5
5322	6.4
5323	12.8
5324	8.4
5325	12.7
5326	13.3
5327	10.05
5328	10.05
5329	10.05
5330	10.05
5331	6.8
5332	7.9
5333	2.5
5334	2.3
5335	7.9
5336	10.1
5337	10.6
5338	7.5
5339	2.3
5340	2.3
5341	2
5342	1.6
5343	4.2
5344	7.6
5345	5.5
5346	3.9
5347	6.8
5348	11.2
5349	9.5
5350	2.4
5351	2.8
5352	2.6
5353	-0.2
5354	0
5355	3.6
5356	3.75
5357	3.9
5358	3.1
5359	3.4
5360	5.1
5361	2.1
5362	0.9
5363	-1.6
5364	-1
5365	0.6
5366	0.7
5367	1.4
5368	0.2
5369	0.2
5370	-1.4
5371	-1.6
5372	-3.6
5373	-3.6
5374	-4.2
5375	-3.9
5376	-5.4
5377	-5.5
5378	-4.2
5379	-1.7
5380	-1.8
5381	-4
5382	-3.3
5383	-5.4
5384	-3.6
5385	-4.2
5386	-0.3
5387	3.1
5388	0.4
5389	-2.8
5390	-5.4
5391	-9.9
5392	-11.2
5393	-11
5394	-12.1
5395	-7
5396	-6.3
5397	-5.9
5398	-5.4
5399	-6.1
5400	-11.2
5401	-11.7
5402	-7.6
5403	-5.8
5404	-8.4
5405	-8.3
5406	-8.8
5407	-9.7
5408	-5
5409	-2.9
5410	-6.5
5411	-7.2
5412	-10.2
5413	-11.9
5414	-15.9
5415	-18.2
5416	-8.9
5417	-3
5418	-2.5
5419	-3.6
5420	-4.9
5421	-11.2
5422	-9.7
5423	-8.4
5424	-5.2
5425	-8.2
5426	-11.4
5427	-16.7
5428	-22.6
5429	-25.3
5430	-25.3
5431	-27.2
5432	-28.2
5433	-25.1
5434	-18.9
5435	-20.9
5436	-20.3
5437	-21.7
5438	-18.6
5439	-6.5
5440	-4.1
5441	-8.1
5442	-13.2
5443	-14.1
5444	-15.2
5445	-19.4
5446	-24.2
5447	-29.1
5448	-35.1
5449	-34.2
5450	-35.4
5451	-35.8
5452	-32.7
5453	-28.4
5454	-28.3
5455	-31.1
5456	-30.8
5457	-32.9
5458	-31.1
5459	-28.1
5460	-10.9
5461	-9.4
5462	-11.4
5463	-16.8
5464	-20.7
5465	-20.8
5466	-23.7
5467	-30.5
5468	-32.4
5469	-30.2
5470	-28.4
5471	-18.9
5472	-15.3
5473	-24.7
5474	-22.3
5475	-19.6
5476	-13.7
5477	-11.8
5478	-10.9
5479	-8.3
5480	-12
5481	-14.4
5482	-15.7
5483	-16.2
5484	-3.1
5485	-3.6
5486	-13.2
5487	-25.3
5488	-25.6
5489	-30.3
5490	-28.7
5491	-29.2
5492	-23.8
5493	-19.7
5494	-20.4
5495	-15.1
5496	-13.1
5497	-22.7
5498	-24.8
5499	-27.8
5500	-31.9
5501	-31.3
5502	-27.6
5503	-25.4
5504	-22.2
5505	-22.6
5506	-10.3
5507	-11.6
5508	-10.2
5509	-7.9
5510	-17.2
5511	-27.7
5512	-24
5513	-27.6
5514	-29.7
5515	-26.6
5516	-26.3
5517	-25.4
5518	-34.9
5519	-37.6
5520	-35.3
5521	-31.6
5522	-27.9
5523	-12.4
5524	-6.5
5525	-1.3
5526	-3.2
5527	-9.9
5528	-14.3
5529	-15.8
5530	-12.3
5531	-3.8
5532	-8.3
5533	-2.8
5534	-3.5
5535	-7.8
5536	-23.4
5537	-10
5538	-3.8
5539	-16.6
5540	-22.4
5541	-15
5542	-7.8
5543	-22.6
5544	-27.6
5545	-27.6
5546	-30.7
5547	-33.9
5548	-35.1
5549	-31.8
5550	-24.3
5551	-14.9
5552	-10
5553	-15.8
5554	-19.1
5555	-19.7
5556	-21.7
5557	-22.4
5558	-19.2
5559	-19.9
5560	-12.2
5561	-21.3
5562	-19.9
5563	-20.3
5564	-20
5565	-19
5566	-18.9
5567	-21.3
5568	-17.3
5569	-17.9
5570	-22.4
5571	-23.4
5572	-19.6
5573	-18.4
5574	-12.4
5575	-14.4
5576	-13.1
5577	-12
5578	-13.6
5579	-13.2
5580	-14.3
5581	-17.1
5582	-17.3
5583	-15.9
5584	-14.6
5585	-4.6
5586	3.5
5587	-4.5
5588	-2.1
5589	0.6
5590	-0.3
5591	-2.3
5592	-6.9
5593	-11.2
5594	-11.1
5595	-8.8
5596	-9.1
5597	-8
5598	1.4
5599	1.6
5600	-6.9
5601	-7.6
5602	-7.2
5603	4
5604	6.3
5605	3.9
5606	-1.2
5607	1.1
5608	4.4
5609	0.6
5610	-0.3
5611	8.7
5612	8.7
5613	11.2
5614	13.7
5615	8.8
5616	9
5617	11.3
5618	7.7
5619	5.4
5620	6.8
5621	6.7
5622	5.6
5623	8.8
5624	7.1
5625	0.4
5626	3.4
5627	-0.9
5628	-0.6
5629	0
5630	-0.8
5631	-1.5
5632	1.4
5633	3.6
5634	7.9
5635	9.7
5636	8.8
5637	10.8
5638	2.1
5639	7
5640	12.4
5641	15.9
5642	14.2
5643	11.3
5644	14.8
5645	13.9
5646	13.9
5647	19.4
5648	20.3
5649	18.1
5650	18.2
5651	18.4
5652	15.6
5653	15.3
5654	9.9
5655	12
5656	17.4
5657	16.7
5658	14
5659	15.4
5660	11.2
5661	12.7
5662	15.1
5663	19.2
5664	10.6
5665	5.6
5666	5.5
5667	5.3
5668	4.5
5669	4.8
5670	6.8
5671	8.2
5672	6.8
5673	11.8
5674	11.5
5675	14.2
5676	10.1
5677	8.6
5678	12.1
5679	9.3
5680	5.7
5681	6.2
5682	7.4
5683	6.3
5684	6.9
5685	5.5
5686	4.5
5687	6.4
5688	12.8
5689	8.4
5690	12.7
5691	13.3
5692	10.05
5693	10.05
5694	10.05
5695	10.05
5696	6.8
5697	7.9
5698	2.5
5699	2.3
5700	7.9
5701	10.1
5702	10.6
5703	7.5
5704	2.3
5705	2.3
5706	2
5707	1.6
5708	4.2
5709	7.6
5710	5.5
5711	3.9
5712	6.8
5713	11.2
5714	9.5
5715	2.4
5716	2.8
5717	2.6
5718	-0.2
5719	0
5720	3.6
5721	3.75
5722	3.9
5723	3.1
5724	3.4
5725	5.1
5726	2.1
5727	0.9
5728	-1.6
5729	-1
5730	0.6
5731	0.7
5732	1.4
5733	0.2
5734	0.2
5735	-1.4
5736	-1.6
5737	-3.6
5738	-3.6
5739	-4.2
5740	-3.9
5741	-5.4
5742	-5.5
5743	-4.2
5744	-1.7
5745	-1.8
5746	-4
5747	-3.3
5748	-5.4
5749	-3.6
5750	-4.2
5751	-0.3
5752	3.1
5753	0.4
5754	-2.8
5755	-5.4
5756	-9.9
5757	-11.2
5758	-11
5759	-12.1
5760	-7
5761	-6.3
5762	-5.9
5763	-5.4
5764	-6.1
5765	-11.2
5766	-11.7
5767	-7.6
5768	-5.8
5769	-8.4
5770	-8.3
5771	-8.8
5772	-9.7
5773	-5
5774	-2.9
5775	-6.5
5776	-7.2
5777	-10.2
5778	-11.9
5779	-15.9
5780	-18.2
5781	-8.9
5782	-3
5783	-2.5
5784	-3.6
5785	-4.9
5786	-11.2
5787	-9.7
5788	-8.4
5789	-5.2
5790	-8.2
5791	-11.4
5792	-16.7
5793	-22.6
5794	-25.3
5795	-25.3
5796	-27.2
5797	-28.2
5798	-25.1
5799	-18.9
5800	-20.9
5801	-20.3
5802	-21.7
5803	-18.6
5804	-6.5
5805	-4.1
5806	-8.1
5807	-13.2
5808	-14.1
5809	-15.2
5810	-19.4
5811	-24.2
5812	-29.1
5813	-35.1
5814	-34.2
5815	-35.4
5816	-35.8
5817	-32.7
5818	-28.4
5819	-28.3
5820	-31.1
5821	-30.8
5822	-32.9
5823	-31.1
5824	-28.1
5825	-10.9
5826	-9.4
5827	-11.4
5828	-16.8
5829	-20.7
5830	-20.8
5831	-23.7
5832	-30.5
5833	-32.4
5834	-30.2
5835	-28.4
5836	-18.9
5837	-15.3
5838	-24.7
5839	-22.3
5840	-19.6
5841	-13.7
5842	-11.8
5843	-10.9
5844	-8.3
5845	-12
5846	-14.4
5847	-15.7
5848	-16.2
5849	-3.1
5850	-3.6
5851	-13.2
5852	-25.3
5853	-25.6
5854	-30.3
5855	-28.7
5856	-29.2
5857	-23.8
5858	-19.7
5859	-20.4
5860	-15.1
5861	-13.1
5862	-22.7
5863	-24.8
5864	-27.8
5865	-31.9
5866	-31.3
5867	-27.6
5868	-25.4
5869	-22.2
5870	-22.6
5871	-10.3
5872	-11.6
5873	-10.2
5874	-7.9
5875	-17.2
5876	-27.7
5877	-24
5878	-27.6
5879	-29.7
5880	-26.6
5881	-26.3
5882	-25.4
5883	-34.9
5884	-37.6
5885	-35.3
5886	-31.6
5887	-27.9
5888	-12.4
5889	-6.5
5890	-1.3
5891	-3.2
5892	-9.9
5893	-14.3
5894	-15.8
5895	-12.3
5896	-3.8
5897	-8.3
5898	-2.8
5899	-3.5
5900	-7.8
5901	-23.4
5902	-10
5903	-3.8
5904	-16.6
5905	-22.4
5906	-15
5907	-7.8
5908	-22.6
5909	-27.6
5910	-27.6
5911	-30.7
5912	-33.9
5913	-35.1
5914	-31.8
5915	-24.3
5916	-14.9
5917	-10
5918	-15.8
5919	-19.1
5920	-19.7
5921	-21.7
5922	-22.4
5923	-19.2
5924	-19.9
5925	-12.2
5926	-21.3
5927	-19.9
5928	-20.3
5929	-20
5930	-19
5931	-18.9
5932	-21.3
5933	-17.3
5934	-17.9
5935	-22.4
5936	-23.4
5937	-19.6
5938	-18.4
5939	-12.4
5940	-14.4
5941	-13.1
5942	-12
5943	-13.6
5944	-13.2
5945	-14.3
5946	-17.1
5947	-17.3
5948	-15.9
5949	-14.6
5950	-4.6
5951	3.5
5952	-4.5
5953	-2.1
5954	0.6
5955	-0.3
5956	-2.3
5957	-6.9
5958	-11.2
5959	-11.1
5960	-8.8
5961	-9.1
5962	-8
5963	1.4
5964	1.6
5965	-6.9
5966	-7.6
5967	-7.2
5968	4
5969	6.3
5970	3.9
5971	-1.2
5972	1.1
5973	4.4
5974	0.6
5975	-0.3
5976	8.7
5977	8.7
5978	11.2
5979	13.7
5980	8.8
5981	9
5982	11.3
5983	7.7
5984	5.4
5985	6.8
5986	6.7
5987	5.6
5988	8.8
5989	7.1
5990	0.4
5991	3.4
5992	-0.9
5993	-0.6
5994	0
5995	-0.8
5996	-1.5
5997	1.4
5998	3.6
5999	7.9
6000	9.7
6001	8.8
6002	10.8
6003	2.1
6004	7
6005	12.4
6006	15.9
6007	14.2
6008	11.3
6009	14.8
6010	13.9
6011	13.9
6012	19.4
6013	20.3
6014	18.1
6015	18.2
6016	18.4
6017	15.6
6018	15.3
6019	9.9
6020	12
6021	17.4
6022	16.7
6023	14
6024	15.4
6025	11.2
6026	12.7
6027	15.1
6028	19.2
6029	10.6
6030	5.6
6031	5.5
6032	5.3
6033	4.5
6034	4.8
6035	6.8
6036	8.2
6037	6.8
6038	11.8
6039	11.5
6040	14.2
6041	10.1
6042	8.6
6043	12.1
6044	9.3
6045	5.7
6046	6.2
6047	7.4
6048	6.3
6049	6.9
6050	5.5
6051	4.5
6052	6.4
6053	12.8
6054	8.4
6055	12.7
6056	13.3
6057	10.05
6058	10.05
6059	10.05
6060	10.05
6061	6.8
6062	7.9
6063	2.5
6064	2.3
6065	7.9
6066	10.1
6067	10.6
6068	7.5
6069	2.3
6070	2.3
6071	2
6072	1.6
6073	4.2
6074	7.6
6075	5.5
6076	3.9
6077	6.8
6078	11.2
6079	9.5
6080	2.4
6081	2.8
6082	2.6
6083	-0.2
6084	0
6085	3.6
6086	3.75
6087	3.9
6088	3.1
6089	3.4
6090	5.1
6091	2.1
6092	0.9
6093	-1.6
6094	-1
6095	0.6
6096	0.7
6097	1.4
6098	0.2
6099	0.2
6100	-1.4
6101	-1.6
6102	-3.6
6103	-3.6
6104	-4.2
6105	-3.9
6106	-5.4
6107	-5.5
6108	-4.2
6109	-1.7
6110	-1.8
6111	-4
6112	-3.3
6113	-5.4
6114	-3.6
6115	-4.2
6116	-0.3
6117	3.1
6118	0.4
6119	-2.8
6120	-5.4
6121	-9.9
6122	-11.2
6123	-11
6124	-12.1
6125	-7
6126	-6.3
6127	-5.9
6128	-5.4
6129	-6.1
6130	-11.2
6131	-11.7
6132	-7.6
6133	-5.8
6134	-8.4
6135	-8.3
6136	-8.8
6137	-9.7
6138	-5
6139	-2.9
6140	-6.5
6141	-7.2
6142	-10.2
6143	-11.9
6144	-15.9
6145	-18.2
6146	-8.9
6147	-3
6148	-2.5
6149	-3.6
6150	-4.9
6151	-11.2
6152	-9.7
6153	-8.4
6154	-5.2
6155	-8.2
6156	-11.4
6157	-16.7
6158	-22.6
6159	-25.3
6160	-25.3
6161	-27.2
6162	-28.2
6163	-25.1
6164	-18.9
6165	-20.9
6166	-20.3
6167	-21.7
6168	-18.6
6169	-6.5
6170	-4.1
6171	-8.1
6172	-13.2
6173	-14.1
6174	-15.2
6175	-19.4
6176	-24.2
6177	-29.1
6178	-35.1
6179	-34.2
6180	-35.4
6181	-35.8
6182	-32.7
6183	-28.4
6184	-28.3
6185	-31.1
6186	-30.8
6187	-32.9
6188	-31.1
6189	-28.1
6190	-10.9
6191	-9.4
6192	-11.4
6193	-16.8
6194	-20.7
6195	-20.8
6196	-23.7
6197	-30.5
6198	-32.4
6199	-30.2
6200	-28.4
6201	-18.9
6202	-15.3
6203	-24.7
6204	-22.3
6205	-19.6
6206	-13.7
6207	-11.8
6208	-10.9
6209	-8.3
6210	-12
6211	-14.4
6212	-15.7
6213	-16.2
6214	-3.1
6215	-3.6
6216	-13.2
6217	-25.3
6218	-25.6
6219	-30.3
6220	-28.7
6221	-29.2
6222	-23.8
6223	-19.7
6224	-20.4
6225	-15.1
6226	-13.1
6227	-22.7
6228	-24.8
6229	-27.8
6230	-31.9
6231	-31.3
6232	-27.6
6233	-25.4
6234	-22.2
6235	-22.6
6236	-10.3
6237	-11.6
6238	-10.2
6239	-7.9
6240	-17.2
6241	-27.7
6242	-24
6243	-27.6
6244	-29.7
6245	-26.6
6246	-26.3
6247	-25.4
6248	-34.9
6249	-37.6
6250	-35.3
6251	-31.6
6252	-27.9
6253	-12.4
6254	-6.5
6255	-1.3
6256	-3.2
6257	-9.9
6258	-14.3
6259	-15.8
6260	-12.3
6261	-3.8
6262	-8.3
6263	-2.8
6264	-3.5
6265	-7.8
6266	-23.4
6267	-10
6268	-3.8
6269	-16.6
6270	-22.4
6271	-15
6272	-7.8
6273	-22.6
6274	-27.6
6275	-27.6
6276	-30.7
6277	-33.9
6278	-35.1
6279	-31.8
6280	-24.3
6281	-14.9
6282	-10
6283	-15.8
6284	-19.1
6285	-19.7
6286	-21.7
6287	-22.4
6288	-19.2
6289	-19.9
6290	-12.2
6291	-21.3
6292	-19.9
6293	-20.3
6294	-20
6295	-19
6296	-18.9
6297	-21.3
6298	-17.3
6299	-17.9
6300	-22.4
6301	-23.4
6302	-19.6
6303	-18.4
6304	-12.4
6305	-14.4
6306	-13.1
6307	-12
6308	-13.6
6309	-13.2
6310	-14.3
6311	-17.1
6312	-17.3
6313	-15.9
6314	-14.6
6315	-4.6
6316	3.5
6317	-4.5
6318	-2.1
6319	0.6
6320	-0.3
6321	-2.3
6322	-6.9
6323	-11.2
6324	-11.1
6325	-8.8
6326	-9.1
6327	-8
6328	1.4
6329	1.6
6330	-6.9
6331	-7.6
6332	-7.2
6333	4
6334	6.3
6335	3.9
6336	-1.2
6337	1.1
6338	4.4
6339	0.6
6340	-0.3
6341	8.7
6342	8.7
6343	11.2
6344	13.7
6345	8.8
6346	9
6347	11.3
6348	7.7
6349	5.4
6350	6.8
6351	6.7
6352	5.6
6353	8.8
6354	7.1
6355	0.4
6356	3.4
6357	-0.9
6358	-0.6
6359	0
6360	-0.8
6361	-1.5
6362	1.4
6363	3.6
6364	7.9
6365	9.7
6366	8.8
6367	10.8
6368	2.1
6369	7
6370	12.4
6371	15.9
6372	14.2
6373	11.3
6374	14.8
6375	13.9
6376	13.9
6377	19.4
6378	20.3
6379	18.1
6380	18.2
6381	18.4
6382	15.6
6383	15.3
6384	9.9
6385	12
6386	17.4
6387	16.7
6388	14
6389	15.4
6390	11.2
6391	12.7
6392	15.1
6393	19.2
6394	10.6
6395	5.6
6396	5.5
6397	5.3
6398	4.5
6399	4.8
6400	6.8
6401	8.2
6402	6.8
6403	11.8
6404	11.5
6405	14.2
6406	10.1
6407	8.6
6408	12.1
6409	9.3
6410	5.7
6411	6.2
6412	7.4
6413	6.3
6414	6.9
6415	5.5
6416	4.5
6417	6.4
6418	12.8
6419	8.4
6420	12.7
6421	13.3
6422	10.05
6423	10.05
6424	10.05
6425	10.05
6426	6.8
6427	7.9
6428	2.5
6429	2.3
6430	7.9
6431	10.1
6432	10.6
6433	7.5
6434	2.3
6435	2.3
6436	2
6437	1.6
6438	4.2
6439	7.6
6440	5.5
6441	3.9
6442	6.8
6443	11.2
6444	9.5
6445	2.4
6446	2.8
6447	2.6
6448	-0.2
6449	0
6450	3.6
6451	3.75
6452	3.9
6453	3.1
6454	3.4
6455	5.1
6456	2.1
6457	0.9
6458	-1.6
6459	-1
6460	0.6
6461	0.7
6462	1.4
6463	0.2
6464	0.2
6465	-1.4
6466	-1.6
6467	-3.6
6468	-3.6
6469	-4.2
6470	-3.9
6471	-5.4
6472	-5.5
6473	-4.2
6474	-1.7
6475	-1.8
6476	-4
6477	-3.3
6478	-5.4
6479	-3.6
6480	-4.2
6481	-0.3
6482	3.1
6483	0.4
6484	-2.8
6485	-5.4
6486	-9.9
6487	-11.2
6488	-11
6489	-12.1
6490	-7
6491	-6.3
6492	-5.9
6493	-5.4
6494	-6.1
6495	-11.2
6496	-11.7
6497	-7.6
6498	-5.8
6499	-8.4
6500	-8.3
6501	-8.8
6502	-9.7
6503	-5
6504	-2.9
6505	-6.5
6506	-7.2
6507	-10.2
6508	-11.9
6509	-15.9
6510	-18.2
6511	-8.9
6512	-3
6513	-2.5
6514	-3.6
6515	-4.9
6516	-11.2
6517	-9.7
6518	-8.4
6519	-5.2
6520	-8.2
6521	-11.4
6522	-16.7
6523	-22.6
6524	-25.3
6525	-25.3
6526	-27.2
6527	-28.2
6528	-25.1
6529	-18.9
6530	-20.9
6531	-20.3
6532	-21.7
6533	-18.6
6534	-6.5
6535	-4.1
6536	-8.1
6537	-13.2
6538	-14.1
6539	-15.2
6540	-19.4
6541	-24.2
6542	-29.1
6543	-35.1
6544	-34.2
6545	-35.4
6546	-35.8
6547	-32.7
6548	-28.4
6549	-28.3
6550	-31.1
6551	-30.8
6552	-32.9
6553	-31.1
6554	-28.1
6555	-10.9
6556	-9.4
6557	-11.4
6558	-16.8
6559	-20.7
6560	-20.8
6561	-23.7
6562	-30.5
6563	-32.4
6564	-30.2
6565	-28.4
6566	-18.9
6567	-15.3
6568	-24.7
6569	-22.3
6570	-19.6
6571	-13.7
6572	-11.8
6573	-10.9
6574	-8.3
6575	-12
6576	-14.4
6577	-15.7
6578	-16.2
6579	-3.1
6580	-3.6
6581	-13.2
6582	-25.3
6583	-25.6
6584	-30.3
6585	-28.7
6586	-29.2
6587	-23.8
6588	-19.7
6589	-20.4
6590	-15.1
6591	-13.1
6592	-22.7
6593	-24.8
6594	-27.8
6595	-31.9
6596	-31.3
6597	-27.6
6598	-25.4
6599	-22.2
6600	-22.6
6601	-10.3
6602	-11.6
6603	-10.2
6604	-7.9
6605	-17.2
6606	-27.7
6607	-24
6608	-27.6
6609	-29.7
6610	-26.6
6611	-26.3
6612	-25.4
6613	-34.9
6614	-37.6
6615	-35.3
6616	-31.6
6617	-27.9
6618	-12.4
6619	-6.5
6620	-1.3
6621	-3.2
6622	-9.9
6623	-14.3
6624	-15.8
6625	-12.3
6626	-3.8
6627	-8.3
6628	-2.8
6629	-3.5
6630	-7.8
6631	-23.4
6632	-10
6633	-3.8
6634	-16.6
6635	-22.4
6636	-15
6637	-7.8
6638	-22.6
6639	-27.6
6640	-27.6
6641	-30.7
6642	-33.9
6643	-35.1
6644	-31.8
6645	-24.3
6646	-14.9
6647	-10
6648	-15.8
6649	-19.1
6650	-19.7
6651	-21.7
6652	-22.4
6653	-19.2
6654	-19.9
6655	-12.2
6656	-21.3
6657	-19.9
6658	-20.3
6659	-20
6660	-19
6661	-18.9
6662	-21.3
6663	-17.3
6664	-17.9
6665	-22.4
6666	-23.4
6667	-19.6
6668	-18.4
6669	-12.4
6670	-14.4
6671	-13.1
6672	-12
6673	-13.6
6674	-13.2
6675	-14.3
6676	-17.1
6677	-17.3
6678	-15.9
6679	-14.6
6680	-4.6
6681	3.5
6682	-4.5
6683	-2.1
6684	0.6
6685	-0.3
6686	-2.3
6687	-6.9
6688	-11.2
6689	-11.1
6690	-8.8
6691	-9.1
6692	-8
6693	1.4
6694	1.6
6695	-6.9
6696	-7.6
6697	-7.2
6698	4
6699	6.3
6700	3.9
6701	-1.2
6702	1.1
6703	4.4
6704	0.6
6705	-0.3
6706	8.7
6707	8.7
6708	11.2
6709	13.7
6710	8.8
6711	9
6712	11.3
6713	7.7
6714	5.4
6715	6.8
6716	6.7
6717	5.6
6718	8.8
6719	7.1
6720	0.4
6721	3.4
6722	-0.9
6723	-0.6
6724	0
6725	-0.8
6726	-1.5
6727	1.4
6728	3.6
6729	7.9
6730	9.7
6731	8.8
6732	10.8
6733	2.1
6734	7
6735	12.4
6736	15.9
6737	14.2
6738	11.3
6739	14.8
6740	13.9
6741	13.9
6742	19.4
6743	20.3
6744	18.1
6745	18.2
6746	18.4
6747	15.6
6748	15.3
6749	9.9
6750	12
6751	17.4
6752	16.7
6753	14
6754	15.4
6755	11.2
6756	12.7
6757	15.1
6758	19.2
6759	10.6
6760	5.6
6761	5.5
6762	5.3
6763	4.5
6764	4.8
6765	6.8
6766	8.2
6767	6.8
6768	11.8
6769	11.5
6770	14.2
6771	10.1
6772	8.6
6773	12.1
6774	9.3
6775	5.7
6776	6.2
6777	7.4
6778	6.3
6779	6.9
6780	5.5
6781	4.5
6782	6.4
6783	12.8
6784	8.4
6785	12.7
6786	13.3
6787	10.05
6788	10.05
6789	10.05
6790	10.05
6791	6.8
6792	7.9
6793	2.5
6794	2.3
6795	7.9
6796	10.1
6797	10.6
6798	7.5
6799	2.3
6800	2.3
6801	2
6802	1.6
6803	4.2
6804	7.6
6805	5.5
6806	3.9
6807	6.8
6808	11.2
6809	9.5
6810	2.4
6811	2.8
6812	2.6
6813	-0.2
6814	0
6815	3.6
6816	3.75
6817	3.9
6818	3.1
6819	3.4
6820	5.1
6821	2.1
6822	0.9
6823	-1.6
6824	-1
6825	0.6
6826	0.7
6827	1.4
6828	0.2
6829	0.2
6830	-1.4
6831	-1.6
6832	-3.6
6833	-3.6
6834	-4.2
6835	-3.9
6836	-5.4
6837	-5.5
6838	-4.2
6839	-1.7
6840	-1.8
6841	-4
6842	-3.3
6843	-5.4
6844	-3.6
6845	-4.2
6846	-0.3
6847	3.1
6848	0.4
6849	-2.8
6850	-5.4
6851	-9.9
6852	-11.2
6853	-11
6854	-12.1
6855	-7
6856	-6.3
6857	-5.9
6858	-5.4
6859	-6.1
6860	-11.2
6861	-11.7
6862	-7.6
6863	-5.8
6864	-8.4
6865	-8.3
6866	-8.8
6867	-9.7
6868	-5
6869	-2.9
6870	-6.5
6871	-7.2
6872	-10.2
6873	-11.9
6874	-15.9
6875	-18.2
6876	-8.9
6877	-3
6878	-2.5
6879	-3.6
6880	-4.9
6881	-11.2
6882	-9.7
6883	-8.4
6884	-5.2
6885	-8.2
6886	-11.4
6887	-16.7
6888	-22.6
6889	-25.3
6890	-25.3
6891	-27.2
6892	-28.2
6893	-25.1
6894	-18.9
6895	-20.9
6896	-20.3
6897	-21.7
6898	-18.6
6899	-6.5
6900	-4.1
6901	-8.1
6902	-13.2
6903	-14.1
6904	-15.2
6905	-19.4
6906	-24.2
6907	-29.1
6908	-35.1
6909	-34.2
6910	-35.4
6911	-35.8
6912	-32.7
6913	-28.4
6914	-28.3
6915	-31.1
6916	-30.8
6917	-32.9
6918	-31.1
6919	-28.1
6920	-10.9
6921	-9.4
6922	-11.4
6923	-16.8
6924	-20.7
6925	-20.8
6926	-23.7
6927	-30.5
6928	-32.4
6929	-30.2
6930	-28.4
6931	-18.9
6932	-15.3
6933	-24.7
6934	-22.3
6935	-19.6
6936	-13.7
6937	-11.8
6938	-10.9
6939	-8.3
6940	-12
6941	-14.4
6942	-15.7
6943	-16.2
6944	-3.1
6945	-3.6
6946	-13.2
6947	-25.3
6948	-25.6
6949	-30.3
6950	-28.7
6951	-29.2
6952	-23.8
6953	-19.7
6954	-20.4
6955	-15.1
6956	-13.1
6957	-22.7
6958	-24.8
6959	-27.8
6960	-31.9
6961	-31.3
6962	-27.6
6963	-25.4
6964	-22.2
6965	-22.6
6966	-10.3
6967	-11.6
6968	-10.2
6969	-7.9
6970	-17.2
6971	-27.7
6972	-24
6973	-27.6
6974	-29.7
6975	-26.6
6976	-26.3
6977	-25.4
6978	-34.9
6979	-37.6
6980	-35.3
6981	-31.6
6982	-27.9
6983	-12.4
6984	-6.5
6985	-1.3
6986	-3.2
6987	-9.9
6988	-14.3
6989	-15.8
6990	-12.3
6991	-3.8
6992	-8.3
6993	-2.8
6994	-3.5
6995	-7.8
6996	-23.4
6997	-10
6998	-3.8
6999	-16.6
7000	-22.4
7001	-15
7002	-7.8
7003	-22.6
7004	-27.6
7005	-27.6
7006	-30.7
7007	-33.9
7008	-35.1
7009	-31.8
7010	-24.3
7011	-14.9
7012	-10
7013	-15.8
7014	-19.1
7015	-19.7
7016	-21.7
7017	-22.4
7018	-19.2
7019	-19.9
7020	-12.2
7021	-21.3
7022	-19.9
7023	-20.3
7024	-20
7025	-19
7026	-18.9
7027	-21.3
7028	-17.3
7029	-17.9
7030	-22.4
7031	-23.4
7032	-19.6
7033	-18.4
7034	-12.4
7035	-14.4
7036	-13.1
7037	-12
7038	-13.6
7039	-13.2
7040	-14.3
7041	-17.1
7042	-17.3
7043	-15.9
7044	-14.6
7045	-4.6
7046	3.5
7047	-4.5
7048	-2.1
7049	0.6
7050	-0.3
7051	-2.3
7052	-6.9
7053	-11.2
7054	-11.1
7055	-8.8
7056	-9.1
7057	-8
7058	1.4
7059	1.6
7060	-6.9
7061	-7.6
7062	-7.2
7063	4
7064	6.3
7065	3.9
7066	-1.2
7067	1.1
7068	4.4
7069	0.6
7070	-0.3
7071	8.7
7072	8.7
7073	11.2
7074	13.7
7075	8.8
7076	9
7077	11.3
7078	7.7
7079	5.4
7080	6.8
7081	6.7
7082	5.6
7083	8.8
7084	7.1
7085	0.4
7086	3.4
7087	-0.9
7088	-0.6
7089	0
7090	-0.8
7091	-1.5
7092	1.4
7093	3.6
7094	7.9
7095	9.7
7096	8.8
7097	10.8
7098	2.1
7099	7
7100	12.4
7101	15.9
7102	14.2
7103	11.3
7104	14.8
7105	13.9
7106	13.9
7107	19.4
7108	20.3
7109	18.1
7110	18.2
7111	18.4
7112	15.6
7113	15.3
7114	9.9
7115	12
7116	17.4
7117	16.7
7118	14
7119	15.4
7120	11.2
7121	12.7
7122	15.1
7123	19.2
7124	10.6
7125	5.6
7126	5.5
7127	5.3
7128	4.5
7129	4.8
7130	6.8
7131	8.2
7132	6.8
7133	11.8
7134	11.5
7135	14.2
7136	10.1
7137	8.6
7138	12.1
7139	9.3
7140	5.7
7141	6.2
7142	7.4
7143	6.3
7144	6.9
7145	5.5
7146	4.5
7147	6.4
7148	12.8
7149	8.4
7150	12.7
7151	13.3
7152	10.05
7153	10.05
7154	10.05
7155	10.05
7156	6.8
7157	7.9
7158	2.5
7159	2.3
7160	7.9
7161	10.1
7162	10.6
7163	7.5
7164	2.3
7165	2.3
7166	2
7167	1.6
7168	4.2
7169	7.6
7170	5.5
7171	3.9
7172	6.8
7173	11.2
7174	9.5
7175	2.4
7176	2.8
7177	2.6
7178	-0.2
7179	0
7180	3.6
7181	3.75
7182	3.9
7183	3.1
7184	3.4
7185	5.1
7186	2.1
7187	0.9
7188	-1.6
7189	-1
7190	0.6
7191	0.7
7192	1.4
7193	0.2
7194	0.2
7195	-1.4
7196	-1.6
7197	-3.6
7198	-3.6
7199	-4.2
7200	-3.9
7201	-5.4
7202	-5.5
7203	-4.2
7204	-1.7
7205	-1.8
7206	-4
7207	-3.3
7208	-5.4
7209	-3.6
7210	-4.2
7211	-0.3
7212	3.1
7213	0.4
7214	-2.8
7215	-5.4
7216	-9.9
7217	-11.2
7218	-11
7219	-12.1
7220	-7
7221	-6.3
7222	-5.9
7223	-5.4
7224	-6.1
7225	-11.2
7226	-11.7
7227	-7.6
7228	-5.8
7229	-8.4
7230	-8.3
7231	-8.8
7232	-9.7
7233	-5
7234	-2.9
7235	-6.5
7236	-7.2
7237	-10.2
7238	-11.9
7239	-15.9
7240	-18.2
7241	-8.9
7242	-3
7243	-2.5
7244	-3.6
7245	-4.9
7246	-11.2
7247	-9.7
7248	-8.4
7249	-5.2
7250	-8.2
7251	-11.4
7252	-16.7
7253	-22.6
7254	-25.3
7255	-25.3
7256	-27.2
7257	-28.2
7258	-25.1
7259	-18.9
7260	-20.9
7261	-20.3
7262	-21.7
7263	-18.6
7264	-6.5
7265	-4.1
7266	-8.1
7267	-13.2
7268	-14.1
7269	-15.2
7270	-19.4
7271	-24.2
7272	-29.1
7273	-35.1
7274	-34.2
7275	-35.4
7276	-35.8
7277	-32.7
7278	-28.4
7279	-28.3
7280	-31.1
7281	-30.8
7282	-32.9
7283	-31.1
7284	-28.1
7285	-10.9
7286	-9.4
7287	-11.4
7288	-16.8
7289	-20.7
7290	-20.8
7291	-23.7
7292	-30.5
7293	-32.4
7294	-30.2
7295	-28.4
7296	-18.9
7297	-15.3
7298	-24.7
7299	-22.3
7300	-19.6