          1        6.500   -8.143    0.302   -2.669   -3.592   -3.902   -3.804   -3.672   -3.528   -3.393    0.000    -7777.000    -7777.000
          1       18.500   -8.118    0.310   -4.785   -6.194   -6.454   -6.370   -6.250   -6.124   -6.008    0.000    -7777.000    -7777.000
          1       30.500   -7.898    0.326   -4.796   -6.232   -6.507   -6.453   -6.370   -6.282   -6.198    0.000    -7777.000    -7777.000
          1       42.500   -7.719    0.303   -4.789   -6.304   -6.597   -6.549   -6.474   -6.396   -6.322    0.000    -7777.000    -7777.000
          1       54.500   -7.814    0.242   -4.253   -5.710   -6.093   -6.098   -6.073   -6.041   -6.001    0.000    -7777.000    -7777.000
          1       66.500   -7.890    0.291   -5.111   -6.625   -6.918   -6.868   -6.798   -6.723   -6.652    0.000    -7777.000    -7777.000
          1       78.500   -7.347    0.240   -4.042   -5.566   -5.958   -6.014   -6.030   -6.026   -6.008    0.000    -7777.000    -7777.000
          1       90.500   -7.569    0.314   -4.715   -6.266   -6.570   -6.535   -6.475   -6.411   -6.352    0.000    -7777.000    -7777.000
          1      102.500   -7.575    0.252   -4.138   -5.590   -5.976   -5.996   -5.991   -5.978   -5.958    0.000    -7777.000    -7777.000
          1      114.500   -7.786    0.308   -4.941   -6.510   -6.816   -6.781   -6.725   -6.664   -6.607    0.000    -7777.000    -7777.000
          1      126.500   -7.467    0.311   -4.881   -6.438   -6.748   -6.723   -6.683   -6.640   -6.597    0.000    -7777.000    -7777.000
          1      138.500   -7.704    0.323   -4.939   -6.456   -6.745   -6.719   -6.677   -6.630   -6.586    0.000    -7777.000    -7777.000
          1      150.500   -7.172    0.255   -3.864   -5.385   -5.784   -5.852   -5.885   -5.899   -5.898    0.000    -7777.000    -7777.000
          1      162.500   -7.238    0.261   -3.862   -5.367   -5.759   -5.780   -5.786   -5.783   -5.770    0.000    -7777.000    -7777.000
          1      174.500   -7.538    0.320   -4.796   -6.354   -6.659   -6.633   -6.590   -6.543   -6.496    0.000    -7777.000    -7777.000
          1      186.500   -7.488    0.327   -4.811   -6.332   -6.638   -6.622   -6.592   -6.556   -6.521    0.000    -7777.000    -7777.000
          1      198.500   -7.230    0.256   -3.814   -5.391   -5.796   -5.865   -5.898   -5.913   -5.914    0.000    -7777.000    -7777.000
          1      210.500   -7.179    0.256   -3.732   -5.256   -5.664   -5.718   -5.748   -5.759   -5.756    0.000    -7777.000    -7777.000
          1      222.500   -7.234    0.266   -3.763   -5.247   -5.650   -5.683   -5.699   -5.699   -5.686    0.000    -7777.000    -7777.000
          1      234.500   -7.073    0.244   -3.805   -5.365   -5.769   -5.835   -5.861   -5.866   -5.859    0.000    -7777.000    -7777.000
          1      246.500   -7.081    0.246   -3.727   -5.251   -5.653   -5.714   -5.738   -5.743   -5.734    0.000    -7777.000    -7777.000
          1      258.500   -6.676    0.255   -3.407   -4.990   -5.416   -5.486   -5.516   -5.529   -5.530    0.000    -7777.000    -7777.000
          1      270.500   -6.392    0.264   -2.982   -4.689   -5.138   -5.224   -5.248   -5.256   -5.254    0.000    -7777.000    -7777.000
          1      282.500   -6.708    0.259   -3.174   -4.805   -5.227   -5.297   -5.308   -5.302   -5.288    0.000    -7777.000    -7777.000
          1      294.500   -6.575    0.258   -3.214   -4.840   -5.272   -5.349   -5.370   -5.373   -5.367    0.000    -7777.000    -7777.000
          1      306.500   -6.493    0.249   -3.139   -4.750   -5.169   -5.236   -5.251   -5.250   -5.240    0.000    -7777.000    -7777.000
          1      318.500   -6.496    0.253   -3.130   -4.737   -5.155   -5.228   -5.247   -5.250   -5.243    0.000    -7777.000    -7777.000
          1      330.500   -6.339    0.265   -2.930   -4.597   -5.040   -5.122   -5.143   -5.147   -5.142    0.000    -7777.000    -7777.000
          1      342.500   -6.025    0.260   -2.686   -4.441   -4.872   -4.958   -4.981   -4.986   -4.983    0.000    -7777.000    -7777.000
          1      354.500   -6.203    0.269   -2.716   -4.415   -4.849   -4.930   -4.949   -4.953   -4.948    0.000    -7777.000    -7777.000
          1      366.500   -6.111    0.271   -2.598   -4.311   -4.744   -4.827   -4.844   -4.843   -4.835    0.000    -7777.000    -7777.000
          1      378.500   -6.313    0.267   -2.812   -4.438   -4.873   -4.942   -4.957   -4.959   -4.953    0.000    -7777.000    -7777.000
          1      390.500   -5.960    0.270   -2.524   -4.282   -4.716   -4.797   -4.813   -4.806   -4.793    0.000    -7777.000    -7777.000
          1      402.500   -6.019    0.257   -2.675   -4.458   -4.904   -4.986   -5.005   -4.997   -4.982    0.000    -7777.000    -7777.000
          1      414.500   -6.191    0.256   -2.814   -4.510   -4.953   -5.035   -5.055   -5.058   -5.053    0.000    -7777.000    -7777.000
          1      426.500   -6.498    0.270   -2.936   -4.533   -4.957   -5.023   -5.030   -5.021   -5.005    0.000    -7777.000    -7777.000
          1      438.500   -5.896    0.256   -2.585   -4.415   -4.862   -4.958   -4.992   -5.000   -5.000    0.000    -7777.000    -7777.000
          1      450.500   -5.887    0.268   -2.497   -4.210   -4.645   -4.733   -4.759   -4.765   -4.763    0.000    -7777.000    -7777.000
          1      462.500   -6.018    0.265   -2.489   -4.203   -4.636   -4.724   -4.747   -4.747   -4.740    0.000    -7777.000    -7777.000
          1      474.500   -5.744    0.256   -2.374   -4.156   -4.607   -4.693   -4.723   -4.726   -4.724    0.000    -7777.000    -7777.000
          1      486.500   -5.742    0.267   -2.242   -4.015   -4.468   -4.555   -4.585   -4.589   -4.587    0.000    -7777.000    -7777.000
          1      498.500   -5.338    0.272   -1.848   -3.719   -4.198   -4.311   -4.360   -4.371   -4.377    0.000    -7777.000    -7777.000
          1      510.500   -5.349    0.264   -1.940   -3.734   -4.188   -4.279   -4.306   -4.303   -4.298    0.000    -7777.000    -7777.000
          1      522.500   -5.538    0.262   -1.976   -3.800   -4.273   -4.371   -4.401   -4.404   -4.402    0.000    -7777.000    -7777.000
          1      534.500   -5.401    0.271   -1.944   -3.704   -4.161   -4.247   -4.276   -4.275   -4.271    0.000    -7777.000    -7777.000
          1      546.500   -5.504    0.269   -1.958   -3.775   -4.231   -4.328   -4.361   -4.354   -4.344    0.000    -7777.000    -7777.000
          1      558.500   -5.777    0.264   -2.180   -3.982   -4.437   -4.524   -4.547   -4.541   -4.532    0.000    -7777.000    -7777.000
          1      570.500   -5.380    0.269   -1.942   -3.759   -4.222   -4.323   -4.359   -4.364   -4.364    0.000    -7777.000    -7777.000
          1      582.500   -5.459    0.269   -1.910   -3.685   -4.143   -4.237   -4.266   -4.269   -4.268    0.000    -7777.000    -7777.000
          1      594.500   -5.169    0.269   -1.686   -3.505   -3.984   -4.090   -4.129   -4.135   -4.138    0.000    -7777.000    -7777.000
          1      606.500   -5.239    0.274   -1.658   -3.496   -3.961   -4.064   -4.104   -4.107   -4.108    0.000    -7777.000    -7777.000
          1      618.500   -5.180    0.287   -1.589   -3.405   -3.878   -3.980   -4.019   -4.022   -4.025    0.000    -7777.000    -7777.000
          1      630.500   -5.136    0.266   -1.611   -3.443   -3.914   -4.017   -4.054   -4.050   -4.046    0.000    -7777.000    -7777.000
          1      642.500   -5.158    0.264   -1.665   -3.476   -3.949   -4.054   -4.097   -4.103   -4.107    0.000    -7777.000    -7777.000
          1      654.500   -5.034    0.268   -1.480   -3.302   -3.791   -3.891   -3.929   -3.929   -3.933    0.000    -7777.000    -7777.000
          1      666.500   -5.120    0.260   -1.618   -3.485   -3.965   -4.071   -4.106   -4.100   -4.094    0.000    -7777.000    -7777.000
          1      678.500   -4.669    0.267   -1.367   -3.231   -3.714   -3.831   -3.883   -3.903   -3.922    0.000    -7777.000    -7777.000
          1      690.500   -4.524    0.278   -0.950   -2.787   -3.286   -3.410   -3.499   -3.550   -3.585    0.000    -7777.000    -7777.000
          1      702.500   -4.995    0.301   -1.077   -2.856   -3.334   -3.432   -3.470   -3.472   -3.479    0.000    -7777.000    -7777.000
          1      714.500   -5.088    0.279   -1.361   -3.146   -3.622   -3.724   -3.754   -3.742   -3.733    0.000    -7777.000    -7777.000
          1      726.500   -4.806    0.255   -1.380   -3.282   -3.791   -3.906   -3.954   -3.952   -3.953    0.000    -7777.000    -7777.000
          1      738.500   -4.819    0.270   -1.425   -3.234   -3.713   -3.822   -3.870   -3.877   -3.882    0.000    -7777.000    -7777.000
          1      750.500   -4.849    0.272   -1.231   -3.079   -3.571   -3.682   -3.732   -3.741   -3.753    0.000    -7777.000    -7777.000
          1      762.500   -4.786    0.278   -1.176   -3.010   -3.500   -3.611   -3.662   -3.673   -3.687    0.000    -7777.000    -7777.000
          1      774.500   -4.739    0.283   -1.070   -2.919   -3.419   -3.532   -3.583   -3.592   -3.606    0.000    -7777.000    -7777.000
          1      786.500   -4.844    0.264   -1.281   -3.128   -3.624   -3.735   -3.782   -3.786   -3.794    0.000    -7777.000    -7777.000
          1      798.500   -4.416    0.263   -0.978   -2.842   -3.355   -3.470   -3.544   -3.589   -3.614    0.000    -7777.000    -7777.000
          1      810.500   -4.489    0.268   -0.959   -2.823   -3.358   -3.471   -3.527   -3.553   -3.573    0.000    -7777.000    -7777.000
          1      822.500   -4.526    0.267   -1.018   -2.853   -3.350   -3.462   -3.513   -3.531   -3.550    0.000    -7777.000    -7777.000
          1      834.500   -4.266    0.270   -0.742   -2.638   -3.238   -3.356   -3.445   -3.489   -3.512    0.000      840.000       12.000
          1      846.500   -4.598    0.273   -0.916   -2.761   -3.272   -3.383   -3.429   -3.437   -3.447    0.000    -7777.000    -7777.000
          1      858.500   -4.291    0.268   -0.898   -2.790   -3.309   -3.412   -3.491   -3.528   -3.549    0.000    -7777.000    -7777.000
          1      870.500   -4.385    0.265   -0.862   -2.679   -3.207   -3.315   -3.393   -3.430   -3.452    0.000    -7777.000    -7777.000
          1      882.500   -3.949    0.294   -0.388   -2.263   -2.890   -3.012   -3.096   -3.135   -3.157    0.000    -7777.000    -7777.000
          1      894.500   -4.160    0.282   -0.586   -2.437   -2.987   -3.093   -3.157   -3.188   -3.203    0.000    -7777.000    -7777.000
          1      906.500   -4.001    0.269   -0.549   -2.373   -2.984   -3.092   -3.178   -3.213   -3.233    0.000      912.000       12.000
          1      918.500   -3.981    0.278   -0.428   -2.226   -2.833   -2.947   -3.033   -3.068   -3.086    0.000      924.000       12.000
          1      930.500   -4.188    0.289   -0.429   -2.233   -2.840   -2.948   -3.021   -3.051   -3.065    0.000    -7777.000    -7777.000
          1      942.500   -4.285    0.288   -0.548   -2.385   -2.927   -3.029   -3.090   -3.117   -3.129    0.000    -7777.000    -7777.000
          1      954.500   -3.937    0.274   -0.490   -2.301   -2.896   -3.007   -3.090   -3.124   -3.139    0.000      960.000       12.000
          1      966.500   -4.126    0.270   -0.606   -2.398   -2.997   -3.099   -3.156   -3.182   -3.191    0.000    -7777.000    -7777.000
          1      978.500   -3.984    0.265   -0.530   -2.403   -3.007   -3.121   -3.210   -3.243   -3.260    0.000      984.000       12.000
          1      990.500   -3.934    0.276   -0.365   -2.179   -2.789   -2.903   -2.986   -3.020   -3.036    0.000      996.000       12.000
          1     1002.500   -4.106    0.281   -0.442   -2.239   -2.850   -2.955   -3.028   -3.056   -3.067    0.000     1008.000       12.000
