   1.0000000000000000     
   9.9999999993451105E-002
   9.9577969863535482E-002
   9.9173439675128816E-002
   9.8786409369740175E-002
   9.8416878888878831E-002
   9.8064848174054309E-002
   9.7730317166776520E-002
   9.7413285808555877E-002
   9.7113754040903347E-002
   9.6831721805330534E-002
   9.6567189043349821E-002
   9.6320155696474397E-002
   9.6090621706218474E-002
   9.5878587014097211E-002
   9.5684051561626932E-002
   9.5507015290325181E-002
   9.5347478141710809E-002
   9.5205440057304122E-002
   9.5080900978626898E-002
   9.4973860847202538E-002
   9.4884319604556108E-002
   9.4812277192214481E-002
   9.4757733551706427E-002
   9.4720688624562663E-002
  -1.8599065360428462     
  -2.6493185777795913     
  -2.7640741680464562     
  -2.5508505584627352     
  -2.2142517673018931     
  -2.0717787802661949     
  -1.9278680463277822     
  -1.7841915452780079     
  -1.7126909891930531     
  -1.6414359322597829     
  -1.5704147288573314     
  -1.5349790594618455     
  -1.5137390088936753     
  -1.5066622677105488     
  -1.5022450486835290     
  -1.4978143863883604     
  -1.4934314460224241     
  -1.4805241844761188     
  -1.4597657660078662     
  -1.4196063393858460     
  -1.3765055725566759     
  -1.3259062418627752     
  -1.2639269197844112     
 -0.85318426351835286     
 -0.55493619779275571     
 -0.31576758751694634     
 -0.19600444434475803     
  -5.1508462206759489E-002
  -1.2317344342217432E-002
  -1.2719515628171332E-002
  -1.3616308335686280E-002
  -2.0556012702977616E-002
  -3.4981881258099860E-002
  -5.0059946380840201E-002
  -6.5458701895748317E-002
  -8.1026853049074282E-002
  -9.6682948237246116E-002
 -0.11237833788596663     
 -0.12808187260777323     
 -0.14377261669276409     
 -0.15943600145079445     
 -0.17506163001503353     
 -0.19064194643989194     
 -0.20617138908691734     
 -0.22164583076486311     
 -0.23706219653600427     
 -0.24475548848346471     
 -0.26769979938415733     
 -0.28293051343175268     
 -0.29809702260628024     
 -0.31319869886408425     
 -0.32823512484427253     
 -0.34320604811314087     
 -0.35067152439305471     
 -0.37294310765091893     
 -0.38771720682075816     
 -0.40242583974379798     
 -0.41706917631560758     
 -0.43164742430244496     
 -0.44616082054172485     
 -0.46060962386930931     
 -0.47499410942280884     
 -0.48931456404672974     
 -0.50357128258381567     
 -0.51776456488193634     
 -0.53189471338075200     
 -0.54596203116958519     
 -0.55996682042928425     
 -0.57390938118771428     
 -0.58779001033189249     
 -0.62219471775104018     
 -0.65622116327137914     
 -0.68987326397445969     
 -0.72315476238704157     
 -0.75606921254392523     
 -0.78861997661033922     
 -0.82081022797894376     
 -0.85264295822454617     
 -0.88412098623457103     
 -0.91524696843525655     
 -0.94602340942436136     
 -0.97645267257650192     
  -1.0065369903546695     
  -1.0362784741713753     
  -1.0656791237148411     
  -1.0947408357024391     
  -1.1234654120536525     
  -1.1518545674936969     
  -1.1799099366103913     
  -1.2076330803933399     
  -1.2620677013340291     
  -1.3151928017448633     
  -1.3670185080744468     
  -1.4175542920621977     
  -1.4668090806155465     
  -1.5147913510492588     
  -1.5615092137896220     
  -1.6069704843528532     
  -1.6511827461382831     
  -1.6941534053409648     
  -1.7358897390860837     
  -1.7763989377162983     
  -1.8156881420191957     
  -1.8537644760614111     
  -1.8906350761950323     
  -1.9263071167173853     
  -1.9607878325944934     
  -1.9940845395990334     
  -2.0262046521635955     
  -2.0571556992078701     
  -2.0869453381627503     
  -2.1155813673841015     
  -2.1430717371233183     
  -2.1694245591999177     
  -2.1946481155027691     
  -2.2187508654306098     
  -2.2417414523687822     
  -2.2636287092873788     
  -2.3041204347046174     
  -2.3567988466868197     
  -2.4124071048326337     
  -2.4435658186808462     
  -2.4761219727802439     
  -2.4859436003782682     
  -2.4811012647327675     
  -2.4684420682435797     
  -2.4494493696376582     
  -2.4244962431354877     
  -2.3939770391067579     
  -2.3583036902544499     
  -2.3179020209322725     
  -2.2732080906017593     
  -2.2246646006799202     
  -2.1727173919086376     
  -2.1178120569791417     
  -2.0603906905566642     
  -1.9392759056982818     
  -1.8132087874824148     
  -1.6853269463486118     
  -1.5584604236309469     
  -1.4350746584848804     
  -1.3172281295140873     
  -1.2065451083899401     
  -1.1042039920354445     
 -0.92701647678906884     
 -0.62596574704194641     
 -0.51486945125000061     
 -0.48371040601114207     
 -0.48215842383338775     
 -0.48201276855796371     
 -0.48200091440679893     
 -0.48200011649348801     
