          1        6.500   -8.143    0.302   -0.537   -1.768   -1.762   -1.735   -1.691   -1.643   -1.601    0.000    -7777.000    -7777.000
          1       18.500   -8.118    0.310   -0.475   -1.813   -1.801   -1.769   -1.729   -1.690   -1.657    0.000    -7777.000    -7777.000
          1       30.500   -7.898    0.326   -0.446   -1.772   -1.767   -1.751   -1.729   -1.704   -1.681    0.000    -7777.000    -7777.000
          1       42.500   -7.719    0.303   -0.284   -1.723   -1.721   -1.715   -1.704   -1.690   -1.675    0.000    -7777.000    -7777.000
          1       54.500   -7.814    0.242    0.095   -1.551   -1.564   -1.592   -1.616   -1.631   -1.637    0.000    -7777.000    -7777.000
          1       66.500   -7.890    0.291   -0.489   -1.665   -1.656   -1.636   -1.617   -1.605   -1.599    0.000    -7777.000    -7777.000
          1       78.500   -7.347    0.240    0.264   -1.560   -1.570   -1.592   -1.609   -1.617   -1.617    0.000    -7777.000    -7777.000
          1       90.500   -7.569    0.314   -0.259   -1.450   -1.455   -1.469   -1.488   -1.510   -1.528    0.000    -7777.000    -7777.000
          1      102.500   -7.575    0.252    0.190   -1.402   -1.414   -1.443   -1.471   -1.494   -1.510    0.000    -7777.000    -7777.000
          1      114.500   -7.786    0.308   -0.264   -1.456   -1.454   -1.451   -1.453   -1.461   -1.471    0.000    -7777.000    -7777.000
          1      126.500   -7.467    0.311   -0.290   -1.551   -1.546   -1.535   -1.523   -1.514   -1.509    0.000    -7777.000    -7777.000
          1      138.500   -7.704    0.323   -0.398   -1.558   -1.556   -1.550   -1.543   -1.537   -1.532    0.000    -7777.000    -7777.000
          1      150.500   -7.172    0.255    0.354   -1.411   -1.427   -1.461   -1.491   -1.511   -1.522    0.000    -7777.000    -7777.000
          1      162.500   -7.238    0.261    0.337   -1.185   -1.204   -1.256   -1.317   -1.371   -1.412    0.051    -7777.000    -7777.000
          1      174.500   -7.538    0.320   -0.235   -1.320   -1.318   -1.315   -1.321   -1.336   -1.356    0.000    -7777.000    -7777.000
          1      186.500   -7.488    0.327   -0.266   -1.404   -1.402   -1.398   -1.395   -1.395   -1.399    0.000    -7777.000    -7777.000
          1      198.500   -7.230    0.256    0.466   -1.241   -1.257   -1.300   -1.343   -1.376   -1.397    0.051    -7777.000    -7777.000
          1      210.500   -7.179    0.256    0.429   -1.070   -1.094   -1.148   -1.207   -1.260   -1.302    0.052    -7777.000    -7777.000
          1      222.500   -7.234    0.266    0.408   -0.963   -0.989   -1.048   -1.113   -1.174   -1.222    0.052    -7777.000    -7777.000
          1      234.500   -7.073    0.244    0.444   -0.998   -1.015   -1.052   -1.093   -1.137   -1.176    0.052    -7777.000    -7777.000
          1      246.500   -7.081    0.246    0.450   -0.941   -0.962   -1.008   -1.058   -1.106   -1.146    0.052    -7777.000    -7777.000
          1      258.500   -6.676    0.255    0.575   -0.877   -0.900   -0.953   -1.010   -1.062   -1.107    0.052    -7777.000    -7777.000
          1      270.500   -6.392    0.264    0.825   -0.734   -0.767   -0.844   -0.923   -0.993   -1.048    0.052    -7777.000    -7777.000
          1      282.500   -6.708    0.259    0.736   -0.630   -0.669   -0.742   -0.823   -0.901   -0.966    0.052    -7777.000    -7777.000
          1      294.500   -6.575    0.258    0.708   -0.620   -0.651   -0.709   -0.778   -0.848   -0.910    0.052    -7777.000    -7777.000
          1      306.500   -6.493    0.249    0.692   -0.561   -0.597   -0.664   -0.736   -0.808   -0.869    0.052    -7777.000    -7777.000
          1      318.500   -6.496    0.253    0.691   -0.529   -0.563   -0.626   -0.696   -0.766   -0.828    0.052    -7777.000    -7777.000
          1      330.500   -6.339    0.265    0.822   -0.489   -0.528   -0.594   -0.663   -0.732   -0.793    0.052    -7777.000    -7777.000
          1      342.500   -6.025    0.260    0.913   -0.422   -0.460   -0.530   -0.609   -0.686   -0.752    0.052    -7777.000    -7777.000
          1      354.500   -6.203    0.269    0.882   -0.355   -0.389   -0.462   -0.547   -0.631   -0.703    0.052    -7777.000    -7777.000
          1      366.500   -6.111    0.271    0.944   -0.308   -0.341   -0.412   -0.499   -0.584   -0.657    0.052    -7777.000    -7777.000
          1      378.500   -6.313    0.267    0.818   -0.280   -0.312   -0.380   -0.463   -0.546   -0.618    0.052    -7777.000    -7777.000
          1      390.500   -5.960    0.270    1.036   -0.256   -0.290   -0.356   -0.437   -0.517   -0.588    0.052    -7777.000    -7777.000
          1      402.500   -6.019    0.257    0.981   -0.265   -0.292   -0.349   -0.421   -0.496   -0.563    0.052    -7777.000    -7777.000
          1      414.500   -6.191    0.256    0.877   -0.279   -0.303   -0.353   -0.417   -0.485   -0.547    0.052    -7777.000    -7777.000
          1      426.500   -6.498    0.270    0.777   -0.257   -0.283   -0.337   -0.405   -0.474   -0.534    0.052    -7777.000    -7777.000
          1      438.500   -5.896    0.256    1.041   -0.274   -0.296   -0.342   -0.402   -0.464   -0.522    0.052    -7777.000    -7777.000
          1      450.500   -5.887    0.268    0.946   -0.240   -0.266   -0.319   -0.385   -0.452   -0.510    0.052    -7777.000    -7777.000
          1      462.500   -6.018    0.265    0.976   -0.222   -0.249   -0.303   -0.369   -0.435   -0.494    0.052    -7777.000    -7777.000
          1      474.500   -5.744    0.256    1.046   -0.216   -0.244   -0.294   -0.357   -0.422   -0.480    0.052    -7777.000    -7777.000
          1      486.500   -5.742    0.267    1.073   -0.175   -0.211   -0.269   -0.338   -0.407   -0.466    0.052    -7777.000    -7777.000
          1      498.500   -5.338    0.272    1.333   -0.138   -0.182   -0.244   -0.316   -0.387   -0.448    0.053    -7777.000    -7777.000
          1      510.500   -5.349    0.264    1.215   -0.087   -0.135   -0.207   -0.288   -0.364   -0.428    0.054    -7777.000    -7777.000
          1      522.500   -5.538    0.262    1.239   -0.069   -0.116   -0.185   -0.264   -0.340   -0.405    0.056    -7777.000    -7777.000
          1      534.500   -5.401    0.271    1.177   -0.046   -0.096   -0.166   -0.245   -0.321   -0.386    0.072    -7777.000    -7777.000
          1      546.500   -5.504    0.269    1.229   -0.038   -0.087   -0.153   -0.229   -0.304   -0.368    0.081    -7777.000    -7777.000
          1      558.500   -5.777    0.264    1.166   -0.035   -0.080   -0.143   -0.217   -0.290   -0.353    0.081    -7777.000    -7777.000
          1      570.500   -5.380    0.269    1.237   -0.029   -0.075   -0.136   -0.207   -0.278   -0.340    0.082    -7777.000    -7777.000
          1      582.500   -5.459    0.269    1.219   -0.022   -0.070   -0.129   -0.199   -0.268   -0.329    0.082    -7777.000    -7777.000
          1      594.500   -5.169    0.269    1.355   -0.016   -0.065   -0.123   -0.191   -0.259   -0.319    0.082    -7777.000    -7777.000
          1      606.500   -5.239    0.274    1.347   -0.011   -0.061   -0.118   -0.184   -0.251   -0.310    0.082    -7777.000    -7777.000
          1      618.500   -5.180    0.287    1.344    0.007   -0.057   -0.113   -0.178   -0.244   -0.301    0.082    -7777.000    -7777.000
          1      630.500   -5.136    0.266    1.367    0.016   -0.053   -0.108   -0.172   -0.237   -0.294    0.083    -7777.000    -7777.000
          1      642.500   -5.158    0.264    1.313    0.031   -0.048   -0.103   -0.167   -0.230   -0.287    0.086    -7777.000    -7777.000
          1      654.500   -5.034    0.268    1.438    0.093   -0.045   -0.099   -0.161   -0.224   -0.280    0.102    -7777.000    -7777.000
          1      666.500   -5.120    0.260    1.427    0.138   -0.041   -0.094   -0.156   -0.218   -0.273    0.102    -7777.000    -7777.000
          1      678.500   -4.669    0.267    1.452    0.093   -0.037   -0.090   -0.151   -0.213   -0.267    0.102      681.000        9.000
          1      690.500   -4.524    0.278    1.668    0.243   -0.031   -0.086   -0.147   -0.208   -0.261    0.114      692.000        8.000
          1      702.500   -4.995    0.301    1.589    0.308   -0.019   -0.079   -0.142   -0.202   -0.255    0.121      704.000        8.000
          1      714.500   -5.088    0.279    1.430    0.306   -0.011   -0.072   -0.135   -0.196   -0.250    0.121      716.000        8.000
          1      726.500   -4.806    0.255    1.548    0.181   -0.008   -0.066   -0.129   -0.190   -0.243    0.121      729.000        9.000
          1      738.500   -4.819    0.270    1.376    0.159   -0.010   -0.063   -0.124   -0.184   -0.237    0.121      741.000        9.000
          1      750.500   -4.849    0.272    1.618    0.321   -0.009   -0.061   -0.120   -0.179   -0.232    0.122      752.000        8.000
          1      762.500   -4.786    0.278    1.608    0.274   -0.003   -0.058   -0.117   -0.175   -0.227    0.132      764.000        8.000
          1      774.500   -4.739    0.283    1.630    0.369   -0.000   -0.055   -0.114   -0.171   -0.222    0.132      776.000        8.000
          1      786.500   -4.844    0.264    1.541    0.286    0.002   -0.052   -0.110   -0.168   -0.218    0.132      788.000        8.000
          1      798.500   -4.416    0.263    1.756    0.307    0.004   -0.050   -0.107   -0.164   -0.214    0.132      800.000        8.000
          1      810.500   -4.489    0.268    1.702    0.386    0.011   -0.048   -0.104   -0.160   -0.210    0.133      812.000        8.000
          1      822.500   -4.526    0.267    1.612    0.347    0.007   -0.044   -0.101   -0.157   -0.206    0.133      824.000        8.000
          1      834.500   -4.266    0.270    1.861    0.424    0.030   -0.042   -0.098   -0.154   -0.202    0.162      836.000        8.000
          1      846.500   -4.598    0.273    1.682    0.405    0.041   -0.039   -0.095   -0.150   -0.199    0.162      848.000        8.000
          1      858.500   -4.291    0.268    1.721    0.404    0.049   -0.036   -0.092   -0.147   -0.195    0.164      860.000        8.000
          1      870.500   -4.385    0.265    1.660    0.399    0.052   -0.032   -0.089   -0.144   -0.192    0.182      872.000        8.000
          1      882.500   -3.949    0.294    1.926    0.520    0.093   -0.029   -0.086   -0.141   -0.188    0.182      884.000        8.000
          1      894.500   -4.160    0.282    1.684    0.461    0.082   -0.025   -0.083   -0.137   -0.185    0.189      896.000        8.000
          1      906.500   -4.001    0.269    1.773    0.489    0.102   -0.021   -0.079   -0.134   -0.181    0.202      908.000        8.000
          1      918.500   -3.981    0.278    1.869    0.505    0.118   -0.018   -0.076   -0.131   -0.178    0.222      920.000        8.000
          1      930.500   -4.188    0.289    1.864    0.526    0.137   -0.012   -0.073   -0.127   -0.175    0.222      932.000        8.000
          1      942.500   -4.285    0.288    1.690    0.480    0.123   -0.009   -0.069   -0.124   -0.171    0.222      944.000        8.000
          1      954.500   -3.937    0.274    1.792    0.497    0.136   -0.005   -0.066   -0.121   -0.168    0.242      956.000        8.000
          1      966.500   -4.126    0.270    1.772    0.461    0.132    0.001   -0.063   -0.117   -0.164    0.242      968.000        8.000
          1      978.500   -3.984    0.265    1.834    0.496    0.137    0.005   -0.060   -0.114   -0.161    0.242      980.000        8.000
          1      990.500   -3.934    0.276    1.942    0.572    0.185    0.021   -0.057   -0.111   -0.158    0.262      992.000        8.000
          1     1002.500   -4.106    0.281    1.863    0.565    0.194    0.033   -0.054   -0.108   -0.155    0.262     1004.000        8.000