          1        6.500   -8.143    0.302   -0.579   -1.892   -1.886   -1.859   -1.820   -1.777   -1.741    0.000    -7777.000    -7777.000
          1       18.500   -8.143    0.302   -0.602   -1.892   -1.883   -1.859   -1.830   -1.801   -1.775    0.000    -7777.000    -7777.000
          1       30.500   -8.143    0.302   -0.621   -1.933   -1.924   -1.900   -1.870   -1.840   -1.813    0.000    -7777.000    -7777.000
          1       42.500   -8.143    0.302   -0.631   -1.954   -1.946   -1.924   -1.897   -1.868   -1.843    0.000    -7777.000    -7777.000
          1       54.500   -8.143    0.302   -0.643   -1.969   -1.962   -1.941   -1.915   -1.889   -1.865    0.000    -7777.000    -7777.000
          1       66.500   -8.143    0.302   -0.742   -1.978   -1.971   -1.952   -1.929   -1.904   -1.881    0.000    -7777.000    -7777.000
          1       78.500   -8.143    0.302   -0.750   -1.984   -1.978   -1.960   -1.939   -1.915   -1.894    0.000    -7777.000    -7777.000
          1       90.500   -8.143    0.302   -0.757   -1.996   -1.990   -1.972   -1.951   -1.928   -1.907    0.000    -7777.000    -7777.000
          1      102.500   -8.143    0.302   -0.753   -2.004   -1.998   -1.982   -1.961   -1.939   -1.919    0.000    -7777.000    -7777.000
          1      114.500   -8.143    0.302   -0.748   -1.998   -1.993   -1.979   -1.961   -1.942   -1.924    0.000    -7777.000    -7777.000
          1      126.500   -8.118    0.310   -0.680   -2.001   -1.996   -1.982   -1.965   -1.946   -1.929    0.000    -7777.000    -7777.000
          1      138.500   -7.898    0.326   -0.617   -1.923   -1.924   -1.924   -1.922   -1.916   -1.909    0.000    -7777.000    -7777.000
          1      150.500   -7.719    0.303   -0.474   -1.842   -1.846   -1.855   -1.863   -1.868   -1.869    0.000    -7777.000    -7777.000
          1      162.500   -7.814    0.242    0.063   -1.643   -1.661   -1.703   -1.746   -1.779   -1.801    0.000    -7777.000    -7777.000
          1      174.500   -7.890    0.291   -0.480   -1.748   -1.744   -1.736   -1.734   -1.737   -1.744    0.000    -7777.000    -7777.000
          1      186.500   -7.347    0.240    0.251   -1.626   -1.641   -1.675   -1.707   -1.731   -1.746    0.000    -7777.000    -7777.000
          1      198.500   -7.569    0.314   -0.258   -1.513   -1.521   -1.545   -1.577   -1.611   -1.642    0.000    -7777.000    -7777.000
          1      210.500   -7.575    0.252    0.178   -1.461   -1.477   -1.515   -1.555   -1.590   -1.616    0.000    -7777.000    -7777.000
          1      222.500   -7.786    0.308   -0.277   -1.516   -1.517   -1.522   -1.534   -1.552   -1.572    0.000    -7777.000    -7777.000
          1      234.500   -7.467    0.311   -0.350   -1.606   -1.604   -1.602   -1.601   -1.602   -1.606    0.000    -7777.000    -7777.000
          1      246.500   -7.704    0.323   -0.412   -1.604   -1.605   -1.608   -1.612   -1.616   -1.621    0.000    -7777.000    -7777.000
          1      258.500   -7.172    0.255    0.365   -1.455   -1.473   -1.515   -1.554   -1.584   -1.604    0.000    -7777.000    -7777.000
          1      270.500   -7.238    0.261    0.353   -1.225   -1.247   -1.306   -1.376   -1.439   -1.488    0.051    -7777.000    -7777.000
          1      282.500   -7.538    0.320   -0.149   -1.356   -1.356   -1.360   -1.375   -1.400   -1.428    0.000    -7777.000    -7777.000
          1      294.500   -7.488    0.327   -0.219   -1.443   -1.443   -1.444   -1.449   -1.457   -1.468    0.000    -7777.000    -7777.000
          1      306.500   -7.230    0.256    0.482   -1.283   -1.301   -1.349   -1.399   -1.438   -1.465    0.051    -7777.000    -7777.000
          1      318.500   -7.179    0.256    0.443   -1.105   -1.130   -1.188   -1.254   -1.316   -1.365    0.051    -7777.000    -7777.000
          1      330.500   -7.234    0.266    0.417   -1.005   -1.031   -1.093   -1.162   -1.228   -1.282    0.052    -7777.000    -7777.000
          1      342.500   -7.073    0.244    0.456   -1.039   -1.058   -1.098   -1.145   -1.194   -1.238    0.052    -7777.000    -7777.000
          1      354.500   -7.081    0.246    0.459   -0.984   -1.006   -1.054   -1.108   -1.161   -1.207    0.052    -7777.000    -7777.000
          1      366.500   -6.676    0.255    0.564   -0.926   -0.950   -1.005   -1.064   -1.121   -1.169    0.052    -7777.000    -7777.000
          1      378.500   -6.392    0.264    0.819   -0.775   -0.810   -0.891   -0.977   -1.051   -1.111    0.052    -7777.000    -7777.000
          1      390.500   -6.708    0.259    0.732   -0.664   -0.703   -0.781   -0.869   -0.953   -1.024    0.052    -7777.000    -7777.000
          1      402.500   -6.575    0.258    0.705   -0.659   -0.684   -0.744   -0.819   -0.895   -0.962    0.052    -7777.000    -7777.000
          1      414.500   -6.493    0.249    0.690   -0.593   -0.630   -0.700   -0.777   -0.853   -0.920    0.052    -7777.000    -7777.000
          1      426.500   -6.496    0.253    0.688   -0.557   -0.593   -0.660   -0.735   -0.811   -0.877    0.052    -7777.000    -7777.000
          1      438.500   -6.339    0.265    0.821   -0.514   -0.553   -0.624   -0.698   -0.773   -0.839    0.052    -7777.000    -7777.000
          1      450.500   -6.025    0.260    0.910   -0.449   -0.489   -0.564   -0.646   -0.727   -0.797    0.052    -7777.000    -7777.000
          1      462.500   -6.203    0.269    0.879   -0.384   -0.422   -0.497   -0.585   -0.672   -0.747    0.052    -7777.000    -7777.000
          1      474.500   -6.111    0.271    0.942   -0.335   -0.370   -0.445   -0.535   -0.624   -0.700    0.052    -7777.000    -7777.000
          1      486.500   -6.313    0.267    0.817   -0.300   -0.334   -0.406   -0.494   -0.582   -0.659    0.052    -7777.000    -7777.000
          1      498.500   -5.960    0.270    1.035   -0.272   -0.307   -0.377   -0.463   -0.550   -0.625    0.052    -7777.000    -7777.000
          1      510.500   -6.019    0.257    0.980   -0.282   -0.309   -0.370   -0.447   -0.526   -0.598    0.052    -7777.000    -7777.000
          1      522.500   -6.191    0.256    0.876   -0.293   -0.319   -0.373   -0.442   -0.514   -0.581    0.052    -7777.000    -7777.000
          1      534.500   -6.498    0.270    0.777   -0.268   -0.296   -0.355   -0.427   -0.501   -0.566    0.052    -7777.000    -7777.000
          1      546.500   -5.896    0.256    1.040   -0.287   -0.310   -0.360   -0.424   -0.492   -0.553    0.052    -7777.000    -7777.000
          1      558.500   -5.887    0.268    0.943   -0.248   -0.275   -0.333   -0.405   -0.476   -0.540    0.052    -7777.000    -7777.000
          1      570.500   -6.018    0.265    0.975   -0.234   -0.261   -0.317   -0.388   -0.459   -0.522    0.052    -7777.000    -7777.000
          1      582.500   -5.744    0.256    1.049   -0.224   -0.253   -0.307   -0.375   -0.445   -0.507    0.052    -7777.000    -7777.000
          1      594.500   -5.742    0.267    1.071   -0.192   -0.226   -0.286   -0.357   -0.429   -0.492    0.052    -7777.000    -7777.000
          1      606.500   -5.338    0.272    1.331   -0.150   -0.195   -0.260   -0.335   -0.409   -0.474    0.053    -7777.000    -7777.000
          1      618.500   -5.349    0.264    1.214   -0.092   -0.142   -0.218   -0.304   -0.385   -0.452    0.053    -7777.000    -7777.000
          1      630.500   -5.538    0.262    1.238   -0.075   -0.123   -0.194   -0.278   -0.359   -0.428    0.055    -7777.000    -7777.000
          1      642.500   -5.401    0.271    1.174   -0.066   -0.111   -0.179   -0.260   -0.339   -0.407    0.055    -7777.000    -7777.000
          1      654.500   -5.504    0.269    1.227   -0.055   -0.101   -0.168   -0.246   -0.323   -0.390    0.067    -7777.000    -7777.000
          1      666.500   -5.777    0.264    1.164   -0.049   -0.094   -0.158   -0.234   -0.309   -0.375    0.066    -7777.000    -7777.000
          1      678.500   -5.380    0.269    1.236   -0.037   -0.085   -0.149   -0.223   -0.298   -0.363    0.081    -7777.000    -7777.000
          1      690.500   -5.459    0.269    1.219   -0.028   -0.076   -0.140   -0.213   -0.286   -0.351    0.082    -7777.000    -7777.000
          1      702.500   -5.169    0.269    1.355   -0.023   -0.071   -0.132   -0.204   -0.276   -0.340    0.082    -7777.000    -7777.000
          1      714.500   -5.239    0.274    1.348   -0.014   -0.066   -0.126   -0.197   -0.267   -0.330    0.082    -7777.000    -7777.000
          1      726.500   -5.180    0.287    1.342   -0.011   -0.062   -0.120   -0.189   -0.259   -0.320    0.082    -7777.000    -7777.000
          1      738.500   -5.136    0.266    1.369    0.012   -0.057   -0.115   -0.183   -0.251   -0.312    0.083    -7777.000    -7777.000
          1      750.500   -5.158    0.264    1.313    0.026   -0.052   -0.110   -0.177   -0.244   -0.304    0.084    -7777.000    -7777.000
          1      762.500   -5.034    0.268    1.428    0.058   -0.047   -0.104   -0.171   -0.238   -0.297    0.100    -7777.000    -7777.000
          1      774.500   -5.120    0.260    1.424    0.092   -0.044   -0.100   -0.165   -0.231   -0.290    0.102    -7777.000    -7777.000
          1      786.500   -4.669    0.267    1.452    0.096   -0.040   -0.096   -0.160   -0.225   -0.283    0.102      788.000        8.000
          1      798.500   -4.524    0.278    1.670    0.257   -0.034   -0.092   -0.156   -0.220   -0.277    0.110      800.000        8.000
          1      810.500   -4.995    0.301    1.590    0.328   -0.019   -0.084   -0.150   -0.214   -0.271    0.121      812.000        8.000
          1      822.500   -5.088    0.279    1.430    0.302   -0.011   -0.075   -0.142   -0.207   -0.264    0.121      824.000        8.000
          1      834.500   -4.806    0.255    1.547    0.181   -0.010   -0.069   -0.136   -0.201   -0.257    0.121      837.000        9.000
          1      846.500   -4.819    0.270    1.374    0.158   -0.011   -0.066   -0.131   -0.195   -0.251    0.121      849.000        9.000
          1      858.500   -4.849    0.272    1.611    0.243   -0.010   -0.064   -0.127   -0.189   -0.245    0.121      860.000        8.000
          1      870.500   -4.786    0.278    1.606    0.240   -0.007   -0.062   -0.124   -0.185   -0.240    0.121      872.000        8.000
          1      882.500   -4.739    0.283    1.631    0.348   -0.006   -0.060   -0.120   -0.181   -0.235    0.132      884.000        8.000
          1      894.500   -4.844    0.264    1.541    0.243   -0.001   -0.057   -0.117   -0.177   -0.231    0.132      896.000        8.000
          1      906.500   -4.416    0.263    1.756    0.340    0.000   -0.054   -0.114   -0.174   -0.227    0.132      908.000        8.000
          1      918.500   -4.489    0.268    1.697    0.362    0.003   -0.052   -0.111   -0.170   -0.223    0.132      920.000        8.000
          1      930.500   -4.526    0.267    1.612    0.350    0.010   -0.050   -0.108   -0.167   -0.219    0.133      932.000        8.000
          1      942.500   -4.266    0.270    1.859    0.418    0.023   -0.047   -0.106   -0.164   -0.215    0.161      944.000        8.000
          1      954.500   -4.598    0.273    1.743    0.404    0.032   -0.043   -0.103   -0.160   -0.211    0.162      956.000        8.000
          1      966.500   -4.291    0.268    1.721    0.402    0.048   -0.039   -0.099   -0.157   -0.208    0.162      968.000        8.000
          1      978.500   -4.385    0.265    1.693    0.403    0.055   -0.035   -0.095   -0.153   -0.204    0.182      980.000        8.000
          1      990.500   -3.949    0.294    1.930    0.516    0.089   -0.031   -0.092   -0.149   -0.200    0.182      992.000        8.000
          1     1002.500   -4.160    0.282    1.683    0.461    0.084   -0.027   -0.088   -0.146   -0.196    0.202     1004.000        8.000
          1     1014.500   -4.001    0.269    1.847    0.489    0.103   -0.023   -0.084   -0.142   -0.192    0.202     1016.000        8.000
          1     1026.500   -3.981    0.278    1.862    0.476    0.108   -0.019   -0.081   -0.138   -0.189    0.206     1028.000        8.000
          1     1038.500   -4.188    0.289    1.799    0.526    0.136   -0.013   -0.077   -0.135   -0.185    0.222     1040.000        8.000
          1     1050.500   -4.285    0.288    1.685    0.482    0.128   -0.008   -0.073   -0.131   -0.181    0.222     1052.000        8.000
          1     1062.500   -3.937    0.274    1.841    0.507    0.138   -0.003   -0.069   -0.127   -0.177    0.242     1064.000        8.000
          1     1074.500   -4.126    0.270    1.640    0.460    0.133    0.001   -0.065   -0.124   -0.173    0.242     1076.000        8.000
          1     1086.500   -3.984    0.265    1.883    0.504    0.147    0.010   -0.062   -0.120   -0.170    0.242     1088.000        8.000
          1     1098.500   -3.934    0.276    1.879    0.559    0.180    0.021   -0.059   -0.117   -0.166    0.262     1100.000        8.000
          1     1110.500   -4.106    0.281    1.862    0.561    0.190    0.031   -0.056   -0.113   -0.163    0.262     1112.000        8.000
