          1        6.500   -8.191    0.307   -0.492   -1.658   -1.633   -1.554   -1.453   -1.354   -1.275    0.000    -7777.000    -7777.000
          1       18.500   -8.191    0.307   -0.376   -1.677   -1.656   -1.597   -1.525   -1.454   -1.393    0.000    -7777.000    -7777.000
          1       30.500   -8.191    0.307   -0.594   -1.735   -1.716   -1.661   -1.595   -1.527   -1.469    0.000    -7777.000    -7777.000
          1       42.500   -8.191    0.307   -0.618   -1.787   -1.768   -1.717   -1.653   -1.588   -1.531    0.000    -7777.000    -7777.000
          1       54.500   -8.191    0.307   -0.630   -1.826   -1.808   -1.760   -1.699   -1.637   -1.582    0.000    -7777.000    -7777.000
          1       66.500   -8.191    0.307   -0.746   -1.853   -1.837   -1.791   -1.735   -1.676   -1.622    0.000    -7777.000    -7777.000
          1       78.500   -8.191    0.307   -0.754   -1.874   -1.859   -1.816   -1.763   -1.707   -1.656    0.000    -7777.000    -7777.000
          1       90.500   -8.191    0.307   -0.759   -1.890   -1.875   -1.835   -1.785   -1.732   -1.683    0.000    -7777.000    -7777.000
          1      102.500   -8.191    0.307   -0.764   -1.901   -1.888   -1.850   -1.802   -1.752   -1.706    0.000    -7777.000    -7777.000
          1      114.500   -8.191    0.307   -0.768   -1.913   -1.900   -1.864   -1.818   -1.770   -1.725    0.000    -7777.000    -7777.000
          1      126.500   -7.921    0.304   -0.683   -1.917   -1.906   -1.873   -1.831   -1.785   -1.742    0.000    -7777.000    -7777.000
          1      138.500   -7.555    0.311   -0.433   -1.799   -1.796   -1.786   -1.768   -1.744   -1.718    0.000    -7777.000    -7777.000
          1      150.500   -7.857    0.325   -0.484   -1.727   -1.725   -1.717   -1.705   -1.689   -1.672    0.000    -7777.000    -7777.000
          1      162.500   -7.643    0.323   -0.430   -1.685   -1.683   -1.678   -1.669   -1.656   -1.642    0.000    -7777.000    -7777.000
          1      174.500   -7.501    0.327   -0.421   -1.643   -1.642   -1.639   -1.632   -1.623   -1.612    0.000    -7777.000    -7777.000
          1      186.500   -7.487    0.246    0.248   -1.528   -1.538   -1.561   -1.579   -1.586   -1.585    0.000    -7777.000    -7777.000
          1      198.500   -7.391    0.326   -0.261   -1.468   -1.469   -1.472   -1.480   -1.489   -1.497    0.000    -7777.000    -7777.000
          1      210.500   -7.501    0.315   -0.109   -1.470   -1.472   -1.476   -1.480   -1.482   -1.483    0.000    -7777.000    -7777.000
          1      222.500   -7.627    0.328   -0.310   -1.429   -1.431   -1.436   -1.443   -1.449   -1.454    0.000    -7777.000    -7777.000
          1      234.500   -7.426    0.258    0.303   -1.371   -1.384   -1.408   -1.427   -1.439   -1.444    0.050    -7777.000    -7777.000
          1      246.500   -7.121    0.249    0.465   -1.134   -1.158   -1.210   -1.268   -1.316   -1.350    0.051    -7777.000    -7777.000
          1      258.500   -7.072    0.253    0.376   -1.030   -1.052   -1.101   -1.156   -1.207   -1.248    0.052    -7777.000    -7777.000
          1      270.500   -7.166    0.250    0.443   -0.982   -1.004   -1.050   -1.100   -1.147   -1.185    0.052    -7777.000    -7777.000
          1      282.500   -7.273    0.312   -0.013   -1.099   -1.098   -1.098   -1.107   -1.126   -1.150    0.051    -7777.000    -7777.000
          1      294.500   -7.057    0.246    0.471   -1.036   -1.055   -1.092   -1.127   -1.155   -1.174    0.052    -7777.000    -7777.000
          1      306.500   -6.843    0.262    0.616   -0.921   -0.944   -0.994   -1.044   -1.088   -1.121    0.052    -7777.000    -7777.000
          1      318.500   -6.985    0.270    0.572   -0.764   -0.792   -0.860   -0.933   -0.997   -1.046    0.052    -7777.000    -7777.000
          1      330.500   -6.748    0.241    0.632   -0.785   -0.802   -0.842   -0.891   -0.941   -0.985    0.052    -7777.000    -7777.000
          1      342.500   -6.898    0.252    0.701   -0.683   -0.710   -0.770   -0.835   -0.894   -0.942    0.052    -7777.000    -7777.000
          1      354.500   -6.202    0.261    0.815   -0.611   -0.647   -0.709   -0.774   -0.835   -0.887    0.052    -7777.000    -7777.000
          1      366.500   -6.742    0.269    0.719   -0.507   -0.546   -0.618   -0.694   -0.766   -0.826    0.052    -7777.000    -7777.000
          1      378.500   -6.159    0.265    0.976   -0.456   -0.498   -0.567   -0.640   -0.711   -0.772    0.052    -7777.000    -7777.000
          1      390.500   -6.294    0.266    0.850   -0.363   -0.399   -0.474   -0.560   -0.643   -0.712    0.052    -7777.000    -7777.000
          1      402.500   -5.995    0.265    0.901   -0.326   -0.358   -0.427   -0.509   -0.590   -0.659    0.052    -7777.000    -7777.000
          1      414.500   -6.169    0.276    0.963   -0.280   -0.312   -0.381   -0.464   -0.546   -0.615    0.052    -7777.000    -7777.000
          1      426.500   -6.008    0.268    1.022   -0.255   -0.286   -0.351   -0.430   -0.509   -0.577    0.052    -7777.000    -7777.000
          1      438.500   -6.081    0.270    0.932   -0.252   -0.279   -0.336   -0.409   -0.483   -0.547    0.052    -7777.000    -7777.000
          1      450.500   -5.283    0.270    1.253   -0.215   -0.251   -0.313   -0.387   -0.460   -0.523    0.052    -7777.000    -7777.000
          1      462.500   -5.619    0.284    1.225   -0.140   -0.188   -0.263   -0.349   -0.429   -0.495    0.052    -7777.000    -7777.000
          1      474.500   -5.415    0.271    1.163   -0.133   -0.174   -0.240   -0.319   -0.398   -0.464    0.053    -7777.000    -7777.000
          1      486.500   -5.495    0.270    1.281   -0.093   -0.141   -0.213   -0.295   -0.373   -0.440    0.054    -7777.000    -7777.000
          1      498.500   -5.194    0.259    1.376   -0.056   -0.109   -0.184   -0.269   -0.348   -0.415    0.081    -7777.000    -7777.000
          1      510.500   -5.129    0.256    1.373   -0.038   -0.091   -0.164   -0.246   -0.325   -0.391    0.081    -7777.000    -7777.000
          1      522.500   -5.273    0.274    1.324   -0.032   -0.082   -0.150   -0.229   -0.305   -0.371    0.082    -7777.000    -7777.000
          1      534.500   -5.155    0.270    1.511   -0.024   -0.075   -0.140   -0.216   -0.289   -0.353    0.082    -7777.000    -7777.000
          1      546.500   -4.959    0.266    1.381   -0.016   -0.069   -0.132   -0.205   -0.276   -0.338    0.082    -7777.000    -7777.000
          1      558.500   -5.008    0.266    1.404   -0.011   -0.064   -0.124   -0.195   -0.265   -0.325    0.082    -7777.000    -7777.000
          1      570.500   -5.018    0.266    1.427    0.015   -0.058   -0.117   -0.186   -0.254   -0.314    0.083    -7777.000    -7777.000
          1      582.500   -4.523    0.266    1.580    0.076   -0.051   -0.111   -0.178   -0.245   -0.303    0.102    -7777.000    -7777.000
          1      594.500   -4.579    0.272    1.702    0.166   -0.045   -0.104   -0.170   -0.236   -0.293    0.102    -7777.000    -7777.000
          1      606.500   -4.401    0.287    1.740    0.241   -0.037   -0.097   -0.163   -0.227   -0.284    0.105      608.000        8.000
          1      618.500   -4.362    0.299    1.759    0.386   -0.021   -0.088   -0.155   -0.219   -0.275    0.121      620.000        8.000
          1      630.500   -3.915    0.278    1.924    0.447   -0.009   -0.077   -0.146   -0.210   -0.266    0.132      632.000        8.000
          1      642.500   -4.116    0.271    1.811    0.429    0.002   -0.068   -0.137   -0.201   -0.257    0.132      644.000        8.000
          1      654.500   -4.169    0.279    1.936    0.449    0.009   -0.061   -0.129   -0.193   -0.248    0.132      656.000        8.000
          1      666.500   -3.884    0.284    1.938    0.455    0.012   -0.056   -0.122   -0.185   -0.240    0.133      668.000        8.000
          1      678.500   -3.811    0.290    1.967    0.467    0.023   -0.050   -0.116   -0.178   -0.232    0.162      680.000        8.000
          1      690.500   -3.947    0.293    1.984    0.497    0.057   -0.045   -0.110   -0.172   -0.225    0.162      692.000        8.000
          1      702.500   -3.620    0.292    2.023    0.529    0.076   -0.040   -0.105   -0.166   -0.218    0.182      704.000        8.000
          1      714.500   -3.332    0.291    2.050    0.573    0.103   -0.034   -0.099   -0.160   -0.212    0.182      716.000        8.000
          1      726.500   -3.311    0.289    2.256    0.589    0.120   -0.027   -0.094   -0.154   -0.206    0.202      728.000        8.000
          1      738.500   -3.272    0.292    2.213    0.612    0.147   -0.021   -0.088   -0.148   -0.200    0.222      740.000        8.000
          1      750.500   -3.033    0.288    2.307    0.681    0.180   -0.012   -0.082   -0.143   -0.194    0.222    -7777.000    -7777.000
          1      762.500   -2.363    0.294    2.635    0.802    0.221   -0.004   -0.076   -0.137   -0.188    0.242      763.000        7.000
          1      774.500   -2.641    0.296    2.556    0.888    0.276    0.022   -0.070   -0.131   -0.182    0.262    -7777.000    -7777.000
          1      786.500   -2.570    0.277    2.478    0.816    0.281    0.056   -0.064   -0.125   -0.176    0.282    -7777.000    -7777.000
          1      798.500   -2.362    0.280    2.700    0.837    0.301    0.081   -0.056   -0.119   -0.170    0.282    -7777.000    -7777.000
          1      810.500   -2.450    0.294    2.714    0.884    0.338    0.113   -0.049   -0.113   -0.164    0.302    -7777.000    -7777.000
          1      822.500   -2.271    0.299    2.850    0.907    0.369    0.145   -0.043   -0.107   -0.159    0.322    -7777.000    -7777.000
          1      834.500   -2.110    0.290    2.942    0.982    0.415    0.180   -0.035   -0.101   -0.153    0.323    -7777.000    -7777.000
          1      846.500   -1.993    0.299    2.954    0.951    0.422    0.200   -0.026   -0.094   -0.147    0.342    -7777.000    -7777.000
          1      858.500   -1.996    0.294    3.011    1.025    0.462    0.229   -0.020   -0.088   -0.141    0.362    -7777.000    -7777.000
          1      870.500   -2.056    0.304    2.877    0.979    0.459    0.243   -0.012   -0.082   -0.135    0.362    -7777.000    -7777.000
          1      882.500   -1.799    0.291    3.060    1.055    0.500    0.273   -0.003   -0.077   -0.129    0.382    -7777.000    -7777.000
          1      894.500   -1.816    0.286    2.969    1.034    0.511    0.295    0.023   -0.071   -0.124    0.402    -7777.000    -7777.000
          1      906.500   -1.385    0.286    3.108    1.032    0.522    0.311    0.044   -0.065   -0.119    0.402    -7777.000    -7777.000
          1      918.500   -1.047    0.285    3.287    1.229    0.627    0.382    0.079   -0.059   -0.113    0.422    -7777.000    -7777.000
          1      930.500   -0.968    0.279    3.355    1.223    0.637    0.397    0.094   -0.053   -0.108    0.422    -7777.000    -7777.000
          1      942.500   -0.897    0.306    3.526    1.356    0.717    0.456    0.135   -0.048   -0.103    0.442    -7777.000    -7777.000
          1      954.500   -0.753    0.286    3.455    1.365    0.749    0.493    0.173   -0.042   -0.098    0.462    -7777.000    -7777.000
          1      966.500   -0.650    0.288    3.418    1.343    0.743    0.498    0.190   -0.035   -0.092    0.476    -7777.000    -7777.000
          1      978.500   -0.531    0.284    3.661    1.506    0.856    0.583    0.246   -0.028   -0.087    0.482    -7777.000    -7777.000
          1      990.500   -0.450    0.272    3.447    1.467    0.856    0.600    0.278   -0.019   -0.081    0.502    -7777.000    -7777.000
          1     1002.500   -0.283    0.269    3.547    1.499    0.883    0.627    0.310   -0.008   -0.075    0.521    -7777.000    -7777.000
          1     1014.500    0.004    0.281    3.928    1.686    1.012    0.726    0.372    0.003   -0.068    0.532    -7777.000    -7777.000
          1     1026.500   -0.380    0.312    3.780    1.766    1.081    0.793    0.429    0.051   -0.062    0.562    -7777.000    -7777.000
          1     1038.500   -0.004    0.294    3.540    1.761    1.114    0.838    0.480    0.099   -0.055    0.582    -7777.000    -7777.000
          1     1050.500    0.034    0.295    3.477    1.712    1.089    0.823    0.487    0.133   -0.047    0.585    -7777.000    -7777.000
          1     1062.500   -0.122    0.298    3.597    1.757    1.122    0.854    0.521    0.171   -0.039    0.602    -7777.000    -7777.000
          1     1074.500    0.430    0.289    3.886    2.010    1.291    0.992    0.620    0.233   -0.030    0.622    -7777.000    -7777.000
          1     1086.500    0.458    0.284    3.924    2.039    1.329    1.036    0.669    0.283   -0.020    0.642    -7777.000    -7777.000
          1     1098.500    0.587    0.310    3.901    2.078    1.380    1.088    0.722    0.335   -0.007    0.672    -7777.000    -7777.000
          1     1110.500    0.880    0.276    4.071    2.166    1.438    1.137    0.763    0.371    0.011    0.672    -7777.000    -7777.000