          1        6.500   -8.143    0.302   -0.537   -1.768   -1.762   -1.735   -1.691   -1.643   -1.601    0.000    -7777.000    -7777.000
          1       18.500   -8.118    0.310   -0.475   -1.813   -1.801   -1.769   -1.729   -1.690   -1.657    0.000    -7777.000    -7777.000
          1       30.500   -7.898    0.326   -0.446   -1.772   -1.767   -1.751   -1.729   -1.704   -1.681    0.000    -7777.000    -7777.000
          1       42.500   -7.719    0.303   -0.284   -1.723   -1.721   -1.715   -1.704   -1.690   -1.675    0.000    -7777.000    -7777.000
          1       54.500   -7.814    0.242    0.095   -1.551   -1.564   -1.592   -1.616   -1.631   -1.637    0.000    -7777.000    -7777.000
          1       66.500   -7.890    0.291   -0.489   -1.665   -1.656   -1.636   -1.617   -1.605   -1.599    0.000    -7777.000    -7777.000
          1       78.500   -7.347    0.240    0.264   -1.560   -1.570   -1.592   -1.609   -1.617   -1.617    0.000    -7777.000    -7777.000
          1       90.500   -7.569    0.314   -0.259   -1.450   -1.455   -1.469   -1.488   -1.510   -1.528    0.000    -7777.000    -7777.000
          1      102.500   -7.501    0.315   -0.189   -1.538   -1.537   -1.535   -1.533   -1.533   -1.534    0.000    -7777.000    -7777.000
          1      114.500   -7.627    0.328   -0.362   -1.474   -1.477   -1.487   -1.498   -1.509   -1.518    0.000    -7777.000    -7777.000
          1      126.500   -7.426    0.258    0.295   -1.412   -1.424   -1.453   -1.479   -1.498   -1.509    0.000    -7777.000    -7777.000
          1      138.500   -7.121    0.249    0.460   -1.183   -1.203   -1.257   -1.319   -1.374   -1.414    0.051    -7777.000    -7777.000
          1      150.500   -7.072    0.253    0.365   -1.059   -1.084   -1.139   -1.203   -1.263   -1.312    0.052    -7777.000    -7777.000
          1      162.500   -7.166    0.250    0.424   -1.000   -1.025   -1.079   -1.138   -1.196   -1.243    0.052    -7777.000    -7777.000
          1      174.500   -7.273    0.312   -0.117   -1.123   -1.125   -1.131   -1.147   -1.175   -1.206    0.051    -7777.000    -7777.000
          1      186.500   -7.057    0.246    0.453   -1.069   -1.089   -1.130   -1.171   -1.206   -1.233    0.052    -7777.000    -7777.000
          1      198.500   -6.843    0.262    0.595   -0.956   -0.981   -1.035   -1.091   -1.141   -1.182    0.052    -7777.000    -7777.000
          1      210.500   -6.985    0.270    0.561   -0.800   -0.830   -0.902   -0.982   -1.052   -1.108    0.052    -7777.000    -7777.000
          1      222.500   -6.748    0.241    0.611   -0.828   -0.846   -0.890   -0.944   -0.999   -1.049    0.052    -7777.000    -7777.000
          1      234.500   -6.898    0.252    0.691   -0.720   -0.747   -0.813   -0.886   -0.953   -1.007    0.052    -7777.000    -7777.000
          1      246.500   -6.202    0.261    0.800   -0.663   -0.691   -0.752   -0.823   -0.891   -0.950    0.052    -7777.000    -7777.000
          1      258.500   -6.742    0.269    0.704   -0.549   -0.589   -0.666   -0.747   -0.825   -0.891    0.052    -7777.000    -7777.000
          1      270.500   -6.159    0.265    0.972   -0.489   -0.534   -0.611   -0.691   -0.769   -0.835    0.052    -7777.000    -7777.000
          1      282.500   -6.294    0.266    0.847   -0.394   -0.434   -0.514   -0.607   -0.696   -0.772    0.052    -7777.000    -7777.000
          1      294.500   -5.995    0.265    0.900   -0.354   -0.389   -0.464   -0.553   -0.641   -0.717    0.052    -7777.000    -7777.000
          1      306.500   -6.169    0.276    0.961   -0.299   -0.334   -0.409   -0.501   -0.591   -0.669    0.052    -7777.000    -7777.000
          1      318.500   -6.008    0.268    1.021   -0.269   -0.302   -0.374   -0.462   -0.550   -0.626    0.052    -7777.000    -7777.000
          1      330.500   -6.081    0.270    0.931   -0.269   -0.298   -0.361   -0.441   -0.522   -0.594    0.052    -7777.000    -7777.000
          1      342.500   -5.283    0.270    1.255   -0.227   -0.265   -0.333   -0.416   -0.497   -0.569    0.052    -7777.000    -7777.000
          1      354.500   -5.619    0.284    1.224   -0.150   -0.200   -0.281   -0.374   -0.463   -0.538    0.052    -7777.000    -7777.000
          1      366.500   -5.415    0.271    1.163   -0.140   -0.184   -0.256   -0.343   -0.430   -0.504    0.052    -7777.000    -7777.000
          1      378.500   -5.495    0.270    1.277   -0.103   -0.153   -0.229   -0.318   -0.404   -0.478    0.053    -7777.000    -7777.000
          1      390.500   -5.194    0.259    1.373   -0.074   -0.125   -0.202   -0.292   -0.378   -0.452    0.056    -7777.000    -7777.000
          1      402.500   -5.129    0.256    1.374   -0.053   -0.105   -0.181   -0.270   -0.355   -0.428    0.080    -7777.000    -7777.000
          1      414.500   -5.273    0.274    1.323   -0.038   -0.091   -0.165   -0.251   -0.335   -0.407    0.081    -7777.000    -7777.000
          1      426.500   -5.155    0.270    1.512   -0.021   -0.079   -0.152   -0.235   -0.317   -0.388    0.082    -7777.000    -7777.000
          1      438.500   -4.959    0.266    1.377   -0.018   -0.072   -0.141   -0.222   -0.302   -0.371    0.082    -7777.000    -7777.000
          1      450.500   -5.008    0.266    1.469   -0.011   -0.067   -0.133   -0.211   -0.289   -0.357    0.082    -7777.000    -7777.000
          1      462.500   -5.018    0.266    1.426    0.008   -0.062   -0.126   -0.202   -0.277   -0.344    0.082    -7777.000    -7777.000
          1      474.500   -4.523    0.266    1.572    0.045   -0.055   -0.119   -0.194   -0.267   -0.333    0.087    -7777.000    -7777.000
          1      486.500   -4.579    0.272    1.699    0.134   -0.049   -0.112   -0.185   -0.258   -0.322    0.102    -7777.000    -7777.000
          1      498.500   -4.401    0.287    1.789    0.216   -0.041   -0.106   -0.178   -0.249   -0.312    0.103      499.000        7.000
          1      510.500   -4.362    0.299    1.756    0.352   -0.028   -0.097   -0.170   -0.241   -0.303    0.121      512.000        8.000
          1      522.500   -3.915    0.278    1.939    0.434   -0.012   -0.086   -0.160   -0.232   -0.293    0.132      524.000        8.000
          1      534.500   -4.116    0.271    1.790    0.426   -0.001   -0.075   -0.150   -0.222   -0.284    0.132      536.000        8.000
          1      546.500   -4.169    0.279    1.933    0.447    0.004   -0.068   -0.141   -0.213   -0.274    0.132      548.000        8.000
          1      558.500   -3.884    0.284    1.952    0.442    0.012   -0.062   -0.134   -0.204   -0.265    0.133      560.000        8.000
          1      570.500   -3.811    0.290    1.981    0.460    0.010   -0.056   -0.128   -0.197   -0.257    0.133      572.000        8.000
          1      582.500   -3.947    0.293    1.982    0.474    0.009   -0.052   -0.122   -0.190   -0.249    0.133      584.000        8.000
          1      594.500   -3.620    0.292    2.021    0.503    0.037   -0.049   -0.117   -0.184   -0.242    0.162      596.000        8.000
          1      606.500   -3.332    0.291    2.046    0.549    0.069   -0.045   -0.113   -0.178   -0.236    0.174      608.000        8.000
          1      618.500   -3.311    0.289    2.255    0.580    0.090   -0.038   -0.108   -0.173   -0.230    0.182      620.000        8.000
          1      630.500   -3.272    0.292    2.209    0.592    0.120   -0.032   -0.102   -0.167   -0.224    0.202      632.000        8.000
          1      642.500   -3.033    0.288    2.274    0.625    0.147   -0.024   -0.096   -0.162   -0.218    0.204      644.000        8.000
          1      654.500   -2.363    0.294    2.670    0.794    0.197   -0.014   -0.090   -0.156   -0.212    0.222      655.000        7.000
          1      666.500   -2.641    0.296    2.550    0.808    0.232   -0.003   -0.083   -0.149   -0.206    0.242    -7777.000    -7777.000
          1      678.500   -2.570    0.277    2.470    0.748    0.240    0.020   -0.076   -0.143   -0.200    0.262      679.000        7.000
          1      690.500   -2.362    0.280    2.697    0.823    0.276    0.053   -0.069   -0.137   -0.193    0.263    -7777.000    -7777.000
          1      702.500   -2.450    0.294    2.713    0.879    0.312    0.078   -0.061   -0.130   -0.187    0.282    -7777.000    -7777.000
          1      714.500   -2.271    0.299    2.850    0.938    0.351    0.109   -0.055   -0.123   -0.181    0.302    -7777.000    -7777.000
          1      726.500   -2.110    0.290    2.942    0.965    0.383    0.142   -0.048   -0.117   -0.174    0.305    -7777.000    -7777.000
          1      738.500   -1.993    0.299    2.956    0.988    0.412    0.173   -0.039   -0.111   -0.168    0.322    -7777.000    -7777.000
          1      750.500   -1.996    0.294    3.010    1.014    0.439    0.202   -0.031   -0.104   -0.162    0.342    -7777.000    -7777.000
          1      762.500   -2.056    0.304    2.876    0.967    0.438    0.218   -0.023   -0.098   -0.156    0.362    -7777.000    -7777.000
          1      774.500   -1.799    0.291    3.059    1.047    0.483    0.253   -0.013   -0.091   -0.149    0.362    -7777.000    -7777.000
          1      786.500   -1.816    0.286    2.969    1.024    0.492    0.271   -0.003   -0.084   -0.143    0.382    -7777.000    -7777.000
          1      798.500   -1.385    0.286    3.111    1.079    0.525    0.299    0.020   -0.078   -0.137    0.402    -7777.000    -7777.000
          1      810.500   -1.047    0.285    3.287    1.221    0.612    0.362    0.050   -0.071   -0.131    0.402    -7777.000    -7777.000
          1      822.500   -0.968    0.279    3.325    1.161    0.597    0.365    0.072   -0.064   -0.125    0.422    -7777.000    -7777.000
          1      834.500   -0.897    0.306    3.523    1.349    0.703    0.440    0.117   -0.058   -0.119    0.442    -7777.000    -7777.000
          1      846.500   -0.753    0.286    3.455    1.359    0.737    0.479    0.156   -0.051   -0.113    0.462    -7777.000    -7777.000
          1      858.500   -0.650    0.288    3.418    1.342    0.737    0.491    0.182   -0.042   -0.106    0.462    -7777.000    -7777.000
          1      870.500   -0.531    0.284    3.660    1.503    0.849    0.575    0.235   -0.033   -0.099    0.482    -7777.000    -7777.000
          1      882.500   -0.450    0.272    3.446    1.462    0.845    0.587    0.262   -0.025   -0.092    0.502    -7777.000    -7777.000
          1      894.500   -0.283    0.269    3.546    1.493    0.871    0.612    0.291   -0.016   -0.086    0.521    -7777.000    -7777.000
          1      906.500    0.004    0.281    3.927    1.681    1.001    0.713    0.358   -0.004   -0.079    0.532    -7777.000    -7777.000
          1      918.500   -0.380    0.312    3.779    1.709    1.047    0.763    0.402    0.019   -0.072    0.533    -7777.000    -7777.000
          1      930.500   -0.004    0.294    3.579    1.704    1.074    0.802    0.450    0.076   -0.064    0.562    -7777.000    -7777.000
          1      942.500    0.034    0.295    3.711    1.702    1.069    0.800    0.462    0.108   -0.055    0.582    -7777.000    -7777.000
          1      954.500   -0.122    0.298    3.823    1.798    1.126    0.848    0.503    0.142   -0.048    0.602    -7777.000    -7777.000
          1      966.500    0.430    0.289    3.935    2.003    1.277    0.975    0.596    0.201   -0.040    0.622    -7777.000    -7777.000
          1      978.500    0.458    0.284    3.970    1.989    1.288    0.998    0.632    0.245   -0.030    0.623    -7777.000    -7777.000
          1      990.500    0.587    0.310    3.948    2.061    1.352    1.056    0.686    0.295   -0.019    0.642    -7777.000    -7777.000
          1     1002.500    0.880    0.276    4.118    2.154    1.418    1.114    0.738    0.345   -0.005    0.672    -7777.000    -7777.000