          1        6.500   -8.143    0.302   -0.607   -1.866   -1.727   -1.694   -1.665   -1.647   -1.638    0.132    -7777.000    -7777.000
          1       18.500   -8.143    0.302   -0.600   -1.875   -1.803   -1.782   -1.753   -1.727   -1.705    0.132    -7777.000    -7777.000
          1       30.500   -8.143    0.302   -0.611   -1.913   -1.848   -1.827   -1.799   -1.772   -1.749    0.132    -7777.000    -7777.000
          1       42.500   -8.143    0.302   -0.621   -1.940   -1.880   -1.861   -1.834   -1.807   -1.783    0.132    -7777.000    -7777.000
          1       54.500   -8.143    0.302   -0.640   -1.961   -1.905   -1.887   -1.861   -1.834   -1.811    0.132    -7777.000    -7777.000
          1       66.500   -8.143    0.302   -0.750   -1.977   -1.925   -1.907   -1.882   -1.857   -1.834    0.132    -7777.000    -7777.000
          1       78.500   -8.143    0.302   -0.759   -1.996   -1.945   -1.927   -1.903   -1.877   -1.855    0.132    -7777.000    -7777.000
          1       90.500   -8.143    0.302   -0.764   -2.010   -1.961   -1.944   -1.920   -1.895   -1.873    0.132    -7777.000    -7777.000
          1      102.500   -8.143    0.302   -0.768   -2.020   -1.975   -1.958   -1.935   -1.911   -1.889    0.132    -7777.000    -7777.000
          1      114.500   -8.143    0.302   -0.772   -2.029   -1.986   -1.970   -1.948   -1.924   -1.903    0.132    -7777.000    -7777.000
          1      126.500   -8.118    0.310   -0.744   -2.039   -1.997   -1.982   -1.960   -1.937   -1.916    0.132    -7777.000    -7777.000
          1      138.500   -7.898    0.326   -0.627   -1.967   -1.960   -1.954   -1.943   -1.929   -1.915    0.132    -7777.000    -7777.000
          1      150.500   -7.719    0.303   -0.484   -1.905   -1.915   -1.913   -1.909   -1.903   -1.895    0.132    -7777.000    -7777.000
          1      162.500   -7.814    0.242    0.055   -1.762   -1.833   -1.845   -1.856   -1.862   -1.864    0.132    -7777.000    -7777.000
          1      174.500   -7.890    0.291   -0.529   -1.773   -1.785   -1.789   -1.797   -1.805   -1.811    0.132    -7777.000    -7777.000
          1      186.500   -7.347    0.240    0.245   -1.731   -1.781   -1.788   -1.795   -1.800   -1.802    0.132    -7777.000    -7777.000
          1      198.500   -7.569    0.314   -0.266   -1.592   -1.670   -1.690   -1.715   -1.737   -1.753    0.132    -7777.000    -7777.000
          1      210.500   -7.575    0.252    0.176   -1.563   -1.642   -1.658   -1.679   -1.698   -1.713    0.132    -7777.000    -7777.000
          1      222.500   -7.786    0.308   -0.340   -1.548   -1.597   -1.612   -1.633   -1.654   -1.672    0.132    -7777.000    -7777.000
          1      234.500   -7.467    0.311   -0.353   -1.619   -1.631   -1.635   -1.642   -1.652   -1.662    0.132    -7777.000    -7777.000
          1      246.500   -7.704    0.323   -0.408   -1.627   -1.643   -1.647   -1.653   -1.660   -1.666    0.132    -7777.000    -7777.000
          1      258.500   -7.172    0.255    0.373   -1.555   -1.622   -1.633   -1.645   -1.656   -1.663    0.132    -7777.000    -7777.000
          1      270.500   -7.238    0.261    0.363   -1.373   -1.509   -1.537   -1.571   -1.600   -1.622    0.132    -7777.000    -7777.000
          1      282.500   -7.538    0.320   -0.137   -1.391   -1.457   -1.478   -1.508   -1.538   -1.564    0.132    -7777.000    -7777.000
          1      294.500   -7.488    0.327   -0.238   -1.458   -1.488   -1.498   -1.514   -1.531   -1.548    0.132    -7777.000    -7777.000
          1      306.500   -7.230    0.256    0.482   -1.395   -1.481   -1.496   -1.515   -1.533   -1.548    0.132    -7777.000    -7777.000
          1      318.500   -7.179    0.256    0.449   -1.253   -1.396   -1.423   -1.458   -1.490   -1.515    0.132    -7777.000    -7777.000
          1      330.500   -7.234    0.266    0.422   -1.130   -1.311   -1.345   -1.388   -1.429   -1.462    0.132    -7777.000    -7777.000
          1      342.500   -7.073    0.244    0.460   -1.079   -1.245   -1.278   -1.324   -1.369   -1.406    0.132    -7777.000    -7777.000
          1      354.500   -7.081    0.246    0.472   -1.008   -1.193   -1.228   -1.276   -1.321   -1.360    0.132    -7777.000    -7777.000
          1      366.500   -6.676    0.255    0.577   -0.913   -1.135   -1.174   -1.225   -1.274   -1.316    0.132      363.000        3.000
          1      378.500   -6.392    0.264    0.842   -0.678   -1.013   -1.074   -1.147   -1.212   -1.263    0.132      381.000        9.000
          1      390.500   -6.708    0.259    0.749   -0.518   -0.873   -0.942   -1.030   -1.111   -1.175    0.132    -7777.000    -7777.000
          1      402.500   -6.575    0.258    0.712   -0.546   -0.824   -0.878   -0.954   -1.029   -1.095    0.132    -7777.000    -7777.000
          1      414.500   -6.493    0.249    0.702   -0.488   -0.779   -0.835   -0.909   -0.981   -1.044    0.132    -7777.000    -7777.000
          1      426.500   -6.496    0.253    0.693   -0.472   -0.745   -0.797   -0.867   -0.937   -0.999    0.132    -7777.000    -7777.000
          1      438.500   -6.339    0.265    0.831   -0.387   -0.695   -0.754   -0.828   -0.900   -0.962    0.132    -7777.000    -7777.000
          1      450.500   -6.025    0.260    0.916   -0.332   -0.638   -0.698   -0.776   -0.852   -0.916    0.132    -7777.000    -7777.000
          1      462.500   -6.203    0.269    0.890   -0.313   -0.597   -0.655   -0.730   -0.806   -0.872    0.132    -7777.000    -7777.000
          1      474.500   -6.111    0.271    0.958   -0.248   -0.555   -0.615   -0.692   -0.768   -0.834    0.132    -7777.000    -7777.000
          1      486.500   -6.313    0.267    0.824   -0.296   -0.540   -0.590   -0.660   -0.732   -0.797    0.132    -7777.000    -7777.000
          1      498.500   -5.960    0.270    1.043   -0.164   -0.497   -0.559   -0.636   -0.709   -0.773    0.132    -7777.000    -7777.000
          1      510.500   -6.019    0.257    0.989   -0.238   -0.478   -0.530   -0.600   -0.673   -0.738    0.132    -7777.000    -7777.000
          1      522.500   -6.191    0.256    0.860   -0.274   -0.483   -0.528   -0.590   -0.656   -0.717    0.132    -7777.000    -7777.000
          1      534.500   -6.498    0.270    0.775   -0.235   -0.470   -0.518   -0.581   -0.646   -0.704    0.132    -7777.000    -7777.000
          1      546.500   -5.896    0.256    0.986   -0.238   -0.459   -0.506   -0.567   -0.630   -0.687    0.132    -7777.000    -7777.000
          1      558.500   -5.887    0.268    0.954   -0.154   -0.428   -0.481   -0.547   -0.613   -0.670    0.132    -7777.000    -7777.000
          1      570.500   -6.018    0.265    0.985   -0.110   -0.397   -0.452   -0.520   -0.588   -0.648    0.132    -7777.000    -7777.000
          1      582.500   -5.744    0.256    1.056   -0.097   -0.373   -0.427   -0.495   -0.564   -0.624    0.132    -7777.000    -7777.000
          1      594.500   -5.742    0.267    1.080   -0.042   -0.344   -0.402   -0.472   -0.542   -0.603    0.132    -7777.000    -7777.000
          1      606.500   -5.338    0.272    1.351    0.055   -0.305   -0.371   -0.445   -0.517   -0.579    0.132    -7777.000    -7777.000
          1      618.500   -5.349    0.264    1.224    0.076   -0.266   -0.333   -0.410   -0.486   -0.552    0.132    -7777.000    -7777.000
          1      630.500   -5.538    0.262    1.246    0.061   -0.250   -0.311   -0.386   -0.461   -0.527    0.132    -7777.000    -7777.000
          1      642.500   -5.401    0.271    1.188    0.090   -0.231   -0.294   -0.367   -0.441   -0.506    0.132    -7777.000    -7777.000
          1      654.500   -5.504    0.269    1.241    0.123   -0.211   -0.276   -0.349   -0.422   -0.487    0.132    -7777.000    -7777.000
          1      666.500   -5.777    0.264    1.115    0.037   -0.207   -0.262   -0.332   -0.405   -0.469    0.132    -7777.000    -7777.000
          1      678.500   -5.380    0.269    1.239    0.112   -0.198   -0.258   -0.325   -0.394   -0.455    0.132    -7777.000    -7777.000
          1      690.500   -5.459    0.269    1.181    0.124   -0.180   -0.241   -0.311   -0.381   -0.442    0.132    -7777.000    -7777.000
          1      702.500   -5.169    0.269    1.370    0.215   -0.156   -0.225   -0.296   -0.366   -0.428    0.132    -7777.000    -7777.000
          1      714.500   -5.239    0.274    1.362    0.218   -0.129   -0.200   -0.275   -0.349   -0.412    0.132    -7777.000    -7777.000
          1      726.500   -5.180    0.287    1.310    0.240   -0.111   -0.183   -0.258   -0.331   -0.395    0.132    -7777.000    -7777.000
          1      738.500   -5.136    0.266    1.389    0.255   -0.095   -0.167   -0.242   -0.316   -0.380    0.132    -7777.000    -7777.000
          1      750.500   -5.158    0.264    1.328    0.220   -0.085   -0.155   -0.229   -0.302   -0.365    0.132    -7777.000    -7777.000
          1      762.500   -5.034    0.268    1.455    0.287   -0.075   -0.146   -0.218   -0.290   -0.352    0.132    -7777.000    -7777.000
          1      774.500   -5.120    0.260    1.414    0.278   -0.060   -0.134   -0.207   -0.279   -0.341    0.132    -7777.000    -7777.000
          1      786.500   -4.669    0.267    1.489    0.287   -0.050   -0.124   -0.197   -0.268   -0.330    0.132    -7777.000    -7777.000
          1      798.500   -4.524    0.278    1.680    0.375   -0.035   -0.116   -0.187   -0.258   -0.319    0.132    -7777.000    -7777.000
          1      810.500   -4.995    0.301    1.534    0.376   -0.018   -0.106   -0.178   -0.248   -0.309    0.132    -7777.000    -7777.000
          1      822.500   -5.088    0.279    1.426    0.356   -0.008   -0.098   -0.169   -0.238   -0.299    0.132    -7777.000    -7777.000
          1      834.500   -4.806    0.255    1.529    0.337   -0.007   -0.092   -0.162   -0.230   -0.290    0.133    -7777.000    -7777.000
          1      846.500   -4.819    0.270    1.378    0.280   -0.006   -0.088   -0.156   -0.223   -0.282    0.133    -7777.000    -7777.000
          1      858.500   -4.849    0.272    1.551    0.362    0.002   -0.085   -0.151   -0.216   -0.275    0.133    -7777.000    -7777.000
          1      870.500   -4.786    0.278    1.547    0.394    0.038   -0.080   -0.146   -0.211   -0.268    0.135    -7777.000    -7777.000
          1      882.500   -4.739    0.283    1.628    0.441    0.067   -0.075   -0.141   -0.205   -0.262    0.141    -7777.000    -7777.000
          1      894.500   -4.844    0.264    1.542    0.446    0.122   -0.071   -0.136   -0.200   -0.256    0.162    -7777.000    -7777.000
          1      906.500   -4.416    0.263    1.717    0.522    0.168   -0.067   -0.131   -0.194   -0.250    0.162    -7777.000    -7777.000
          1      918.500   -4.489    0.268    1.708    0.518    0.151   -0.064   -0.127   -0.189   -0.244    0.162    -7777.000    -7777.000
          1      930.500   -4.526    0.267    1.623    0.487    0.147   -0.061   -0.123   -0.185   -0.239    0.162    -7777.000    -7777.000
          1      942.500   -4.266    0.270    1.879    0.613    0.215   -0.059   -0.120   -0.180   -0.234    0.164    -7777.000    -7777.000
          1      954.500   -4.598    0.273    1.717    0.599    0.234   -0.053   -0.116   -0.176   -0.230    0.181    -7777.000    -7777.000
          1      966.500   -4.291    0.268    1.738    0.581    0.238   -0.047   -0.111   -0.172   -0.225    0.181    -7777.000    -7777.000
          1      978.500   -4.385    0.265    1.701    0.531    0.189   -0.043   -0.106   -0.167   -0.220    0.181    -7777.000    -7777.000
          1      990.500   -3.949    0.294    1.964    0.847    0.453   -0.041   -0.103   -0.163   -0.216    0.182    -7777.000    -7777.000
          1     1002.500   -4.160    0.282    1.731    0.720    0.361   -0.035   -0.099   -0.159   -0.211    0.182    -7777.000    -7777.000
          1     1014.500   -4.001    0.269    1.868    0.671    0.283   -0.033   -0.094   -0.154   -0.207    0.182    -7777.000    -7777.000
          1     1026.500   -3.981    0.278    1.889    0.709    0.330   -0.031   -0.091   -0.151   -0.203    0.182    -7777.000    -7777.000
          1     1038.500   -4.188    0.289    1.834    0.751    0.385   -0.028   -0.088   -0.147   -0.199    0.183    -7777.000    -7777.000
          1     1050.500   -4.285    0.288    1.714    0.709    0.360   -0.025   -0.085   -0.144   -0.195    0.200    -7777.000    -7777.000
          1     1062.500   -3.937    0.274    1.818    0.712    0.340   -0.022   -0.083   -0.140   -0.191    0.202    -7777.000    -7777.000
          1     1074.500   -4.126    0.270    1.808    0.702    0.381   -0.020   -0.080   -0.137   -0.188    0.202    -7777.000    -7777.000
          1     1086.500   -3.984    0.265    1.869    0.735    0.390   -0.019   -0.077   -0.134   -0.184    0.202    -7777.000    -7777.000
          1     1098.500   -3.934    0.276    1.906    0.779    0.415   -0.017   -0.075   -0.132   -0.181    0.204    -7777.000    -7777.000
          1     1110.500   -4.106    0.281    1.830    0.764    0.401   -0.013   -0.073   -0.129   -0.178    0.222    -7777.000    -7777.000
