          1        6.500   -8.143    0.302   -0.596   -1.828   -1.669   -1.596   -1.593   -1.598   -1.604    0.181    -7777.000    -7777.000
          1       18.500   -8.143    0.302   -0.590   -1.831   -1.766   -1.696   -1.676   -1.659   -1.647    0.181    -7777.000    -7777.000
          1       30.500   -8.143    0.302   -0.610   -1.882   -1.821   -1.747   -1.725   -1.704   -1.688    0.181    -7777.000    -7777.000
          1       42.500   -8.143    0.302   -0.616   -1.918   -1.864   -1.788   -1.765   -1.742   -1.724    0.181    -7777.000    -7777.000
          1       54.500   -8.143    0.302   -0.623   -1.943   -1.895   -1.821   -1.798   -1.774   -1.755    0.181    -7777.000    -7777.000
          1       66.500   -8.143    0.302   -0.738   -1.963   -1.919   -1.848   -1.824   -1.801   -1.781    0.181    -7777.000    -7777.000
          1       78.500   -8.143    0.302   -0.745   -1.980   -1.940   -1.870   -1.847   -1.824   -1.803    0.181    -7777.000    -7777.000
          1       90.500   -8.143    0.302   -0.750   -1.994   -1.956   -1.889   -1.866   -1.843   -1.823    0.181    -7777.000    -7777.000
          1      102.500   -8.143    0.302   -0.753   -2.004   -1.970   -1.905   -1.883   -1.860   -1.841    0.181    -7777.000    -7777.000
          1      114.500   -8.143    0.302   -0.764   -2.013   -1.981   -1.918   -1.897   -1.875   -1.856    0.181    -7777.000    -7777.000
          1      126.500   -8.118    0.310   -0.741   -2.028   -1.995   -1.932   -1.911   -1.889   -1.870    0.181    -7777.000    -7777.000
          1      138.500   -7.898    0.326   -0.626   -1.967   -1.964   -1.926   -1.911   -1.894   -1.878    0.181    -7777.000    -7777.000
          1      150.500   -7.719    0.303   -0.487   -1.910   -1.921   -1.903   -1.894   -1.883   -1.871    0.181    -7777.000    -7777.000
          1      162.500   -7.814    0.242    0.052   -1.777   -1.847   -1.864   -1.864   -1.861   -1.855    0.181    -7777.000    -7777.000
          1      174.500   -7.890    0.291   -0.532   -1.786   -1.792   -1.810   -1.815   -1.819   -1.820    0.181    -7777.000    -7777.000
          1      186.500   -7.347    0.240    0.246   -1.737   -1.791   -1.803   -1.805   -1.805   -1.804    0.181    -7777.000    -7777.000
          1      198.500   -7.569    0.314   -0.269   -1.609   -1.685   -1.743   -1.758   -1.769   -1.776    0.181    -7777.000    -7777.000
          1      210.500   -7.575    0.252    0.174   -1.577   -1.655   -1.704   -1.718   -1.731   -1.740    0.181    -7777.000    -7777.000
          1      222.500   -7.786    0.308   -0.343   -1.562   -1.608   -1.663   -1.680   -1.696   -1.708    0.181    -7777.000    -7777.000
          1      234.500   -7.467    0.311   -0.347   -1.622   -1.632   -1.657   -1.667   -1.677   -1.687    0.181    -7777.000    -7777.000
          1      246.500   -7.704    0.323   -0.409   -1.628   -1.645   -1.662   -1.669   -1.676   -1.682    0.181    -7777.000    -7777.000
          1      258.500   -7.172    0.255    0.372   -1.560   -1.630   -1.659   -1.666   -1.673   -1.678    0.181    -7777.000    -7777.000
          1      270.500   -7.238    0.261    0.361   -1.396   -1.535   -1.610   -1.630   -1.646   -1.658    0.181    -7777.000    -7777.000
          1      282.500   -7.538    0.320   -0.143   -1.412   -1.478   -1.554   -1.578   -1.601   -1.619    0.181    -7777.000    -7777.000
          1      294.500   -7.488    0.327   -0.242   -1.469   -1.496   -1.543   -1.559   -1.577   -1.593    0.181    -7777.000    -7777.000
          1      306.500   -7.230    0.256    0.481   -1.403   -1.496   -1.542   -1.556   -1.571   -1.584    0.181    -7777.000    -7777.000
          1      318.500   -7.179    0.256    0.447   -1.275   -1.426   -1.506   -1.528   -1.549   -1.566    0.181    -7777.000    -7777.000
          1      330.500   -7.234    0.266    0.416   -1.160   -1.355   -1.455   -1.484   -1.511   -1.533    0.181    -7777.000    -7777.000
          1      342.500   -7.073    0.244    0.460   -1.120   -1.294   -1.402   -1.435   -1.467   -1.493    0.181    -7777.000    -7777.000
          1      354.500   -7.081    0.246    0.468   -1.046   -1.252   -1.361   -1.395   -1.429   -1.457    0.181    -7777.000    -7777.000
          1      366.500   -6.676    0.255    0.570   -0.956   -1.203   -1.320   -1.357   -1.392   -1.422    0.181      363.000        3.000
          1      378.500   -6.392    0.264    0.836   -0.780   -1.144   -1.276   -1.316   -1.354   -1.386    0.181      376.000        4.000
          1      390.500   -6.708    0.259    0.741   -0.585   -1.047   -1.214   -1.261   -1.306   -1.344    0.181    -7777.000    -7777.000
          1      402.500   -6.575    0.258    0.708   -0.549   -0.950   -1.139   -1.194   -1.247   -1.291    0.181      405.000        9.000
          1      414.500   -6.493    0.249    0.705   -0.450   -0.852   -1.060   -1.126   -1.186   -1.235    0.181    -7777.000    -7777.000
          1      426.500   -6.496    0.253    0.699   -0.405   -0.769   -0.982   -1.052   -1.118   -1.173    0.181    -7777.000    -7777.000
          1      438.500   -6.339    0.265    0.841   -0.295   -0.701   -0.917   -0.990   -1.058   -1.116    0.181    -7777.000    -7777.000
          1      450.500   -6.025    0.260    0.931   -0.212   -0.624   -0.853   -0.927   -0.999   -1.059    0.181    -7777.000    -7777.000
          1      462.500   -6.203    0.269    0.906   -0.193   -0.586   -0.802   -0.874   -0.945   -1.007    0.181    -7777.000    -7777.000
          1      474.500   -6.111    0.271    0.977   -0.066   -0.512   -0.750   -0.826   -0.900   -0.962    0.181    -7777.000    -7777.000
          1      486.500   -6.313    0.267    0.843   -0.149   -0.511   -0.712   -0.781   -0.852   -0.915    0.181    -7777.000    -7777.000
          1      498.500   -5.960    0.270    1.059   -0.043   -0.456   -0.678   -0.751   -0.822   -0.883    0.181    -7777.000    -7777.000
          1      510.500   -6.019    0.257    1.009   -0.100   -0.452   -0.649   -0.717   -0.786   -0.847    0.181    -7777.000    -7777.000
          1      522.500   -6.191    0.256    0.878   -0.162   -0.471   -0.640   -0.701   -0.764   -0.822    0.181    -7777.000    -7777.000
          1      534.500   -6.498    0.270    0.795   -0.128   -0.446   -0.627   -0.688   -0.751   -0.806    0.181    -7777.000    -7777.000
          1      546.500   -5.896    0.256    1.005   -0.089   -0.420   -0.607   -0.669   -0.731   -0.786    0.181    -7777.000    -7777.000
          1      558.500   -5.887    0.268    0.973   -0.003   -0.377   -0.576   -0.642   -0.707   -0.763    0.181    -7777.000    -7777.000
          1      570.500   -6.018    0.265    1.007    0.025   -0.349   -0.548   -0.614   -0.679   -0.737    0.181    -7777.000    -7777.000
          1      582.500   -5.744    0.256    1.084    0.059   -0.320   -0.522   -0.588   -0.654   -0.713    0.181    -7777.000    -7777.000
          1      594.500   -5.742    0.267    1.104    0.128   -0.279   -0.492   -0.561   -0.629   -0.688    0.181    -7777.000    -7777.000
          1      606.500   -5.338    0.272    1.377    0.251   -0.216   -0.456   -0.529   -0.600   -0.662    0.181    -7777.000    -7777.000
          1      618.500   -5.349    0.264    1.248    0.238   -0.194   -0.418   -0.492   -0.566   -0.630    0.181    -7777.000    -7777.000
          1      630.500   -5.538    0.262    1.277    0.242   -0.179   -0.397   -0.469   -0.541   -0.604    0.181    -7777.000    -7777.000
          1      642.500   -5.401    0.271    1.213    0.270   -0.154   -0.374   -0.446   -0.518   -0.581    0.181    -7777.000    -7777.000
          1      654.500   -5.504    0.269    1.273    0.318   -0.124   -0.352   -0.425   -0.497   -0.560    0.181    -7777.000    -7777.000
          1      666.500   -5.777    0.264    1.142    0.217   -0.146   -0.337   -0.405   -0.476   -0.539    0.181    -7777.000    -7777.000
          1      678.500   -5.380    0.269    1.264    0.258   -0.129   -0.330   -0.396   -0.463   -0.524    0.181    -7777.000    -7777.000
          1      690.500   -5.459    0.269    1.204    0.299   -0.104   -0.314   -0.381   -0.449   -0.509    0.181    -7777.000    -7777.000
          1      702.500   -5.169    0.269    1.402    0.400   -0.057   -0.293   -0.363   -0.433   -0.493    0.181    -7777.000    -7777.000
          1      714.500   -5.239    0.274    1.398    0.395   -0.040   -0.268   -0.340   -0.412   -0.474    0.181    -7777.000    -7777.000
          1      726.500   -5.180    0.287    1.351    0.451   -0.007   -0.249   -0.321   -0.393   -0.456    0.181    -7777.000    -7777.000
          1      738.500   -5.136    0.266    1.418    0.434   -0.000   -0.230   -0.302   -0.375   -0.438    0.181    -7777.000    -7777.000
          1      750.500   -5.158    0.264    1.361    0.374   -0.014   -0.219   -0.289   -0.359   -0.422    0.181    -7777.000    -7777.000
          1      762.500   -5.034    0.268    1.498    0.503    0.036   -0.209   -0.278   -0.348   -0.409    0.181    -7777.000    -7777.000
          1      774.500   -5.120    0.260    1.469    0.462    0.036   -0.190   -0.262   -0.333   -0.395    0.181    -7777.000    -7777.000
          1      786.500   -4.669    0.267    1.528    0.468    0.044   -0.180   -0.250   -0.320   -0.381    0.181    -7777.000    -7777.000
          1      798.500   -4.524    0.278    1.724    0.605    0.102   -0.166   -0.238   -0.308   -0.369    0.181    -7777.000    -7777.000
          1      810.500   -4.995    0.301    1.579    0.626    0.131   -0.144   -0.220   -0.293   -0.356    0.181    -7777.000    -7777.000
          1      822.500   -5.088    0.279    1.466    0.592    0.128   -0.130   -0.205   -0.278   -0.341    0.181    -7777.000    -7777.000
          1      834.500   -4.806    0.255    1.570    0.538    0.110   -0.121   -0.194   -0.266   -0.328    0.181    -7777.000    -7777.000
          1      846.500   -4.819    0.270    1.411    0.438    0.080   -0.116   -0.186   -0.256   -0.317    0.181    -7777.000    -7777.000
          1      858.500   -4.849    0.272    1.593    0.600    0.137   -0.114   -0.181   -0.248   -0.308    0.181    -7777.000    -7777.000
          1      870.500   -4.786    0.278    1.587    0.595    0.145   -0.104   -0.173   -0.241   -0.300    0.181    -7777.000    -7777.000
          1      882.500   -4.739    0.283    1.676    0.665    0.176   -0.095   -0.165   -0.232   -0.291    0.181    -7777.000    -7777.000
          1      894.500   -4.844    0.264    1.588    0.598    0.158   -0.087   -0.157   -0.224   -0.283    0.181    -7777.000    -7777.000
          1      906.500   -4.416    0.263    1.750    0.675    0.187   -0.082   -0.150   -0.216   -0.275    0.182    -7777.000    -7777.000
          1      918.500   -4.489    0.268    1.743    0.673    0.194   -0.076   -0.143   -0.209   -0.267    0.182    -7777.000    -7777.000
          1      930.500   -4.526    0.267    1.660    0.668    0.199   -0.070   -0.137   -0.203   -0.260    0.182    -7777.000    -7777.000
          1      942.500   -4.266    0.270    1.906    0.761    0.235   -0.066   -0.132   -0.197   -0.253    0.182    -7777.000    -7777.000
          1      954.500   -4.598    0.273    1.737    0.714    0.229   -0.061   -0.127   -0.191   -0.247    0.182    -7777.000    -7777.000
          1      966.500   -4.291    0.268    1.760    0.699    0.227   -0.057   -0.122   -0.186   -0.241    0.183    -7777.000    -7777.000
          1      978.500   -4.385    0.265    1.731    0.699    0.236   -0.054   -0.118   -0.180   -0.236    0.184    -7777.000    -7777.000
          1      990.500   -3.949    0.294    1.980    0.905    0.348   -0.051   -0.114   -0.176   -0.230    0.202    -7777.000    -7777.000
          1     1002.500   -4.160    0.282    1.748    0.844    0.367   -0.047   -0.110   -0.171   -0.225    0.202    -7777.000    -7777.000
          1     1014.500   -4.001    0.269    1.889    0.821    0.343   -0.043   -0.106   -0.167   -0.221    0.202    -7777.000    -7777.000
          1     1026.500   -3.981    0.278    1.913    0.902    0.411   -0.040   -0.102   -0.163   -0.216    0.203    -7777.000    -7777.000
          1     1038.500   -4.188    0.289    1.859    0.925    0.391   -0.034   -0.098   -0.159   -0.212    0.204    -7777.000    -7777.000
          1     1050.500   -4.285    0.288    1.737    0.858    0.408   -0.030   -0.094   -0.154   -0.207    0.221    -7777.000    -7777.000
          1     1062.500   -3.937    0.274    1.868    0.885    0.426   -0.025   -0.090   -0.150   -0.203    0.221    -7777.000    -7777.000
          1     1074.500   -4.126    0.270    1.833    0.880    0.437   -0.022   -0.086   -0.146   -0.198    0.221    -7777.000    -7777.000
          1     1086.500   -3.984    0.265    1.912    0.909    0.446   -0.019   -0.082   -0.142   -0.194    0.222    -7777.000    -7777.000
          1     1098.500   -3.934    0.276    1.932    0.992    0.513   -0.016   -0.079   -0.138   -0.190    0.222    -7777.000    -7777.000
          1     1110.500   -4.106    0.281    1.856    0.963    0.485   -0.010   -0.076   -0.135   -0.186    0.222    -7777.000    -7777.000
