          1        6.500   -8.191    0.307   -0.583   -1.561   -1.295   -1.197   -1.174   -1.153   -1.134    0.181    -7777.000    -7777.000
          1       18.500   -8.191    0.307   -0.560   -1.600   -1.421   -1.286   -1.248   -1.214   -1.188    0.181    -7777.000    -7777.000
          1       30.500   -8.191    0.307   -0.595   -1.661   -1.504   -1.361   -1.318   -1.278   -1.246    0.181    -7777.000    -7777.000
          1       42.500   -8.191    0.307   -0.606   -1.711   -1.570   -1.425   -1.380   -1.336   -1.300    0.181    -7777.000    -7777.000
          1       54.500   -8.191    0.307   -0.554   -1.752   -1.624   -1.479   -1.433   -1.388   -1.350    0.181    -7777.000    -7777.000
          1       66.500   -8.191    0.307   -0.741   -1.787   -1.669   -1.527   -1.480   -1.434   -1.395    0.181    -7777.000    -7777.000
          1       78.500   -8.191    0.307   -0.752   -1.820   -1.709   -1.568   -1.522   -1.476   -1.436    0.181    -7777.000    -7777.000
          1       90.500   -8.191    0.307   -0.760   -1.848   -1.744   -1.605   -1.559   -1.513   -1.473    0.181    -7777.000    -7777.000
          1      102.500   -8.191    0.307   -0.768   -1.870   -1.773   -1.638   -1.593   -1.547   -1.506    0.181    -7777.000    -7777.000
          1      114.500   -8.191    0.307   -0.778   -1.891   -1.799   -1.667   -1.622   -1.577   -1.537    0.181    -7777.000    -7777.000
          1      126.500   -7.921    0.304   -0.693   -1.908   -1.822   -1.693   -1.649   -1.604   -1.564    0.181    -7777.000    -7777.000
          1      138.500   -7.555    0.311   -0.485   -1.835   -1.794   -1.697   -1.660   -1.621   -1.585    0.181    -7777.000    -7777.000
          1      150.500   -7.857    0.325   -0.502   -1.772   -1.744   -1.674   -1.646   -1.616   -1.586    0.181    -7777.000    -7777.000
          1      162.500   -7.643    0.323   -0.454   -1.734   -1.711   -1.652   -1.629   -1.603   -1.578    0.181    -7777.000    -7777.000
          1      174.500   -7.501    0.327   -0.437   -1.698   -1.681   -1.631   -1.612   -1.590   -1.568    0.181    -7777.000    -7777.000
          1      186.500   -7.487    0.246    0.249   -1.635   -1.654   -1.615   -1.598   -1.578   -1.559    0.181    -7777.000    -7777.000
          1      198.500   -7.391    0.326   -0.205   -1.534   -1.565   -1.564   -1.559   -1.550   -1.538    0.181    -7777.000    -7777.000
          1      210.500   -7.501    0.315   -0.117   -1.528   -1.539   -1.531   -1.526   -1.519   -1.510    0.181    -7777.000    -7777.000
          1      222.500   -7.627    0.328   -0.360   -1.484   -1.508   -1.507   -1.503   -1.498   -1.491    0.181    -7777.000    -7777.000
          1      234.500   -7.426    0.258    0.311   -1.458   -1.491   -1.487   -1.483   -1.478   -1.472    0.181    -7777.000    -7777.000
          1      246.500   -7.121    0.249    0.468   -1.293   -1.419   -1.450   -1.454   -1.455   -1.453    0.181    -7777.000    -7777.000
          1      258.500   -7.072    0.253    0.377   -1.174   -1.331   -1.389   -1.402   -1.412   -1.417    0.181    -7777.000    -7777.000
          1      270.500   -7.166    0.250    0.435   -1.097   -1.261   -1.331   -1.349   -1.364   -1.374    0.181    -7777.000    -7777.000
          1      282.500   -7.273    0.312   -0.024   -1.117   -1.210   -1.281   -1.302   -1.320   -1.334    0.181    -7777.000    -7777.000
          1      294.500   -7.057    0.246    0.479   -1.100   -1.210   -1.258   -1.274   -1.290   -1.302    0.181    -7777.000    -7777.000
          1      306.500   -6.843    0.262    0.618   -0.966   -1.168   -1.233   -1.251   -1.267   -1.280    0.181    -7777.000    -7777.000
          1      318.500   -6.985    0.270    0.577   -0.795   -1.104   -1.191   -1.214   -1.235   -1.251    0.181    -7777.000    -7777.000
          1      330.500   -6.748    0.241    0.634   -0.774   -1.026   -1.134   -1.164   -1.191   -1.213    0.181    -7777.000    -7777.000
          1      342.500   -6.898    0.252    0.756   -0.511   -0.921   -1.072   -1.111   -1.145   -1.171    0.181      345.000        9.000
          1      354.500   -6.202    0.261    0.841   -0.357   -0.741   -0.958   -1.021   -1.074   -1.112    0.181    -7777.000    -7777.000
          1      366.500   -6.742    0.269    0.747   -0.264   -0.645   -0.859   -0.926   -0.986   -1.034    0.181    -7777.000    -7777.000
          1      378.500   -6.159    0.265    1.007   -0.157   -0.567   -0.787   -0.854   -0.916   -0.967    0.181    -7777.000    -7777.000
          1      390.500   -6.294    0.266    0.890   -0.131   -0.506   -0.718   -0.786   -0.851   -0.905    0.181    -7777.000    -7777.000
          1      402.500   -5.995    0.265    0.925   -0.116   -0.471   -0.671   -0.736   -0.800   -0.854    0.181    -7777.000    -7777.000
          1      414.500   -6.169    0.276    0.993   -0.008   -0.412   -0.625   -0.692   -0.757   -0.811    0.181    -7777.000    -7777.000
          1      426.500   -6.008    0.268    1.051    0.036   -0.365   -0.578   -0.646   -0.712   -0.768    0.181    -7777.000    -7777.000
          1      438.500   -6.081    0.270    0.963   -0.064   -0.373   -0.550   -0.611   -0.674   -0.729    0.181    -7777.000    -7777.000
          1      450.500   -5.283    0.270    1.268    0.152   -0.290   -0.517   -0.585   -0.648   -0.701    0.181    -7777.000    -7777.000
          1      462.500   -5.619    0.284    1.154    0.282   -0.203   -0.455   -0.532   -0.603   -0.662    0.181    -7777.000    -7777.000
          1      474.500   -5.415    0.271    1.216    0.187   -0.213   -0.421   -0.491   -0.561   -0.621    0.181    -7777.000    -7777.000
          1      486.500   -5.495    0.270    1.282    0.307   -0.153   -0.390   -0.463   -0.532   -0.592    0.181    -7777.000    -7777.000
          1      498.500   -5.194    0.259    1.425    0.331   -0.122   -0.356   -0.429   -0.500   -0.560    0.181    -7777.000    -7777.000
          1      510.500   -5.129    0.256    1.409    0.390   -0.079   -0.323   -0.398   -0.470   -0.531    0.181    -7777.000    -7777.000
          1      522.500   -5.273    0.274    1.378    0.343   -0.079   -0.298   -0.370   -0.441   -0.503    0.181    -7777.000    -7777.000
          1      534.500   -5.155    0.270    1.499    0.457   -0.024   -0.275   -0.348   -0.419   -0.479    0.181    -7777.000    -7777.000
          1      546.500   -4.959    0.266    1.449    0.436   -0.014   -0.249   -0.322   -0.394   -0.455    0.181    -7777.000    -7777.000
          1      558.500   -5.008    0.266    1.475    0.468    0.012   -0.228   -0.301   -0.372   -0.433    0.181    -7777.000    -7777.000
          1      570.500   -5.018    0.266    1.485    0.499    0.037   -0.209   -0.281   -0.352   -0.413    0.181    -7777.000    -7777.000
          1      582.500   -4.523    0.266    1.669    0.569    0.075   -0.188   -0.262   -0.333   -0.394    0.181    -7777.000    -7777.000
          1      594.500   -4.579    0.272    1.772    0.630    0.116   -0.165   -0.241   -0.313   -0.375    0.181    -7777.000    -7777.000
          1      606.500   -4.401    0.287    1.861    0.655    0.135   -0.145   -0.221   -0.294   -0.356    0.181    -7777.000    -7777.000
          1      618.500   -4.362    0.299    1.818    0.757    0.188   -0.126   -0.203   -0.277   -0.338    0.181    -7777.000    -7777.000
          1      630.500   -3.915    0.278    1.994    0.828    0.225   -0.107   -0.186   -0.260   -0.321    0.181    -7777.000    -7777.000
          1      642.500   -4.116    0.271    1.843    0.755    0.215   -0.092   -0.170   -0.244   -0.305    0.182    -7777.000    -7777.000
          1      654.500   -4.169    0.279    1.989    0.804    0.238   -0.083   -0.158   -0.230   -0.291    0.182    -7777.000    -7777.000
          1      666.500   -3.884    0.284    2.012    0.846    0.259   -0.074   -0.148   -0.218   -0.278    0.182    -7777.000    -7777.000
          1      678.500   -3.811    0.290    2.023    0.870    0.278   -0.068   -0.139   -0.208   -0.267    0.182    -7777.000    -7777.000
          1      690.500   -3.947    0.293    2.043    0.926    0.317   -0.061   -0.132   -0.199   -0.257    0.185    -7777.000    -7777.000
          1      702.500   -3.620    0.292    2.080    0.944    0.362   -0.054   -0.124   -0.191   -0.247    0.202    -7777.000    -7777.000
          1      714.500   -3.332    0.291    2.218    1.080    0.459   -0.049   -0.118   -0.183   -0.239    0.202    -7777.000    -7777.000
          1      726.500   -3.311    0.289    2.317    1.121    0.480   -0.044   -0.112   -0.176   -0.231    0.203    -7777.000    -7777.000
          1      738.500   -3.272    0.292    2.287    1.171    0.555   -0.035   -0.105   -0.169   -0.224    0.221    -7777.000    -7777.000
          1      750.500   -3.033    0.288    2.390    1.295    0.660   -0.025   -0.098   -0.162   -0.216    0.221    -7777.000    -7777.000
          1      762.500   -2.363    0.294    2.726    1.484    0.747   -0.016   -0.090   -0.155   -0.209    0.222    -7777.000    -7777.000
          1      774.500   -2.641    0.296    2.616    1.465    0.758   -0.006   -0.083   -0.147   -0.202    0.242    -7777.000    -7777.000
          1      786.500   -2.570    0.277    2.518    1.384    0.713    0.001   -0.076   -0.141   -0.194    0.242    -7777.000    -7777.000
          1      798.500   -2.362    0.280    2.774    1.400    0.692    0.009   -0.070   -0.134   -0.188    0.242    -7777.000    -7777.000
          1      810.500   -2.450    0.294    2.788    1.486    0.788    0.020   -0.066   -0.128   -0.181    0.262    -7777.000    -7777.000
          1      822.500   -2.271    0.299    2.868    1.530    0.802    0.033   -0.061   -0.123   -0.176    0.262    -7777.000    -7777.000
          1      834.500   -2.110    0.290    3.024    1.639    0.883    0.062   -0.057   -0.118   -0.170    0.282    -7777.000    -7777.000
          1      846.500   -1.993    0.299    2.879    1.607    0.859    0.072   -0.052   -0.114   -0.165    0.282    -7777.000    -7777.000
          1      858.500   -1.996    0.294    3.028    1.681    0.909    0.073   -0.047   -0.109   -0.160    0.282    -7777.000    -7777.000
          1      870.500   -2.056    0.304    2.806    1.600    0.874    0.093   -0.043   -0.104   -0.155    0.302    -7777.000    -7777.000
          1      882.500   -1.799    0.291    2.991    1.653    0.891    0.109   -0.039   -0.100   -0.150    0.304    -7777.000    -7777.000
          1      894.500   -1.816    0.286    2.983    1.670    0.928    0.133   -0.033   -0.096   -0.146    0.322    -7777.000    -7777.000
          1      906.500   -1.385    0.286    2.976    1.712    0.930    0.130   -0.029   -0.091   -0.141    0.322    -7777.000    -7777.000
          1      918.500   -1.047    0.285    3.283    1.867    1.050    0.158   -0.026   -0.087   -0.137    0.342    -7777.000    -7777.000
          1      930.500   -0.968    0.279    3.444    1.894    1.069    0.187   -0.021   -0.083   -0.133    0.342    -7777.000    -7777.000
          1      942.500   -0.897    0.306    3.359    2.002    1.126    0.214   -0.016   -0.079   -0.129    0.362    -7777.000    -7777.000
          1      954.500   -0.753    0.286    3.422    1.990    1.138    0.238   -0.009   -0.075   -0.125    0.364    -7777.000    -7777.000
          1      966.500   -0.650    0.288    3.478    1.986    1.133    0.255    0.001   -0.070   -0.121    0.382    -7777.000    -7777.000
          1      978.500   -0.531    0.284    3.721    2.150    1.269    0.299    0.010   -0.066   -0.116    0.382    -7777.000    -7777.000
          1      990.500   -0.450    0.272    3.531    2.038    1.186    0.295    0.036   -0.061   -0.112    0.402    -7777.000    -7777.000
          1     1002.500   -0.283    0.269    3.727    2.120    1.261    0.326    0.048   -0.057   -0.108    0.402    -7777.000    -7777.000
          1     1014.500    0.004    0.281    3.914    2.248    1.344    0.366    0.078   -0.053   -0.104    0.422    -7777.000    -7777.000
          1     1026.500   -0.380    0.312    3.873    2.277    1.392    0.403    0.106   -0.048   -0.100    0.442    -7777.000    -7777.000
          1     1038.500   -0.004    0.294    3.582    2.200    1.379    0.427    0.136   -0.043   -0.095    0.442    -7777.000    -7777.000
          1     1050.500    0.034    0.295    3.523    2.153    1.325    0.422    0.153   -0.037   -0.091    0.462    -7777.000    -7777.000
          1     1062.500   -0.122    0.298    3.680    2.210    1.356    0.443    0.173   -0.032   -0.086    0.482    -7777.000    -7777.000
          1     1074.500    0.430    0.289    3.936    2.398    1.518    0.520    0.221   -0.026   -0.081    0.482    -7777.000    -7777.000
          1     1086.500    0.458    0.284    3.793    2.346    1.482    0.529    0.244   -0.018   -0.077    0.502    -7777.000    -7777.000
          1     1098.500    0.587    0.310    3.944    2.389    1.526    0.562    0.273   -0.010   -0.071    0.521    -7777.000    -7777.000
          1     1110.500    0.880    0.276    4.113    2.479    1.580    0.595    0.303   -0.001   -0.066    0.532    -7777.000    -7777.000
