7300
1	0.43
2	0.43
3	0.43
4	0.43
5	0.41
6	0.41
7	0.41
8	0.41
9	0.41
10	0.41
11	0.41
12	0.41
13	0.41
14	0.38
15	0.41
16	0.41
17	0.43
18	0.43
19	0.48
20	0.48
21	0.50
22	0.48
23	0.48
24	0.46
25	0.43
26	0.41
27	0.41
28	0.48
29	0.46
30	0.46
31	0.43
32	0.41
33	0.41
34	0.41
35	0.41
36	0.41
37	0.41
38	0.41
39	0.41
40	0.41
41	0.41
42	0.41
43	0.41
44	0.41
45	0.41
46	0.46
47	0.46
48	0.46
49	0.41
50	0.41
51	0.41
52	0.41
53	0.41
54	0.41
55	0.41
56	0.41
57	0.41
58	0.41
59	0.48
60	0.38
61	0.41
62	0.41
63	0.41
64	0.41
65	0.41
66	0.41
67	0.41
68	0.41
69	0.41
70	0.41
71	0.41
72	0.41
73	0.41
74	0.41
75	0.41
76	0.41
77	0.41
78	0.41
79	0.41
80	0.38
81	0.41
82	0.41
83	0.43
84	0.41
85	0.43
86	0.41
87	0.41
88	0.43
89	0.43
90	0.43
91	0.43
92	0.43
93	0.43
94	0.46
95	0.46
96	0.46
97	0.46
98	0.50
99	0.50
100	0.50
101	0.50
102	0.50
103	0.50
104	0.50
105	0.50
106	0.50
107	0.50
108	0.50
109	0.50
110	0.50
111	0.50
112	0.50
113	0.50
114	0.50
115	0.50
116	0.50
117	0.50
118	0.50
119	0.50
120	0.50
121	0.50
122	0.50
123	0.00
124	0.00
125	0.00
126	0.00
127	0.00
128	0.00
129	0.00
130	0.00
131	0.00
132	0.00
133	0.00
134	0.00
135	0.00
136	0.00
137	0.00
138	0.00
139	0.00
140	0.00
141	0.00
142	0.00
143	0.00
144	0.00
145	0.00
146	0.00
147	0.00
148	0.00
149	0.00
150	0.00
151	0.00
152	0.00
153	0.00
154	0.00
155	0.00
156	0.00
157	0.00
158	0.00
159	0.00
160	0.00
161	0.00
162	0.00
163	0.00
164	0.00
165	0.00
166	0.00
167	0.00
168	0.00
169	0.00
170	0.00
171	0.00
172	0.00
173	0.00
174	0.00
175	0.00
176	0.00
177	0.00
178	0.00
179	0.00
180	0.00
181	0.00
182	0.00
183	0.00
184	0.00
185	0.00
186	0.00
187	0.00
188	0.00
189	0.00
190	0.00
191	0.00
192	0.00
193	0.00
194	0.00
195	0.00
196	0.00
197	0.00
198	0.00
199	0.00
200	0.00
201	0.00
202	0.00
203	0.00
204	0.00
205	0.00
206	0.00
207	0.00
208	0.00
209	0.00
210	0.00
211	0.00
212	0.00
213	0.00
214	0.00
215	0.00
216	0.00
217	0.00
218	0.00
219	0.00
220	0.00
221	0.00
222	0.00
223	0.00
224	0.00
225	0.00
226	0.00
227	0.00
228	0.00
229	0.00
230	0.00
231	0.00
232	0.00
233	0.00
234	0.00
235	0.00
236	0.00
237	0.00
238	0.00
239	0.00
240	0.00
241	0.00
242	0.00
243	0.00
244	0.00
245	0.00
246	0.00
247	0.00
248	0.00
249	0.00
250	0.00
251	0.00
252	0.00
253	0.00
254	0.00
255	0.00
256	0.00
257	0.00
258	0.00
259	0.00
260	0.00
261	0.00
262	0.00
263	0.00
264	0.00
265	0.00
266	0.00
267	0.00
268	0.00
269	0.00
270	0.00
271	0.00
272	0.00
273	0.00
274	0.00
275	0.00
276	0.00
277	0.00
278	0.00
279	0.38
280	0.38
281	0.36
282	0.28
283	0.36
284	0.33
285	0.38
286	0.38
287	0.38
288	0.38
289	0.38
290	0.38
291	0.38
292	0.38
293	0.36
294	0.36
295	0.36
296	0.36
297	0.36
298	0.41
299	0.41
300	0.41
301	0.41
302	0.41
303	0.41
304	0.41
305	0.41
306	0.43
307	0.43
308	0.41
309	0.41
310	0.41
311	0.41
312	0.41
313	0.41
314	0.41
315	0.41
316	0.41
317	0.41
318	0.41
319	0.41
320	0.41
321	0.41
322	0.41
323	0.43
324	0.43
325	0.43
326	0.46
327	0.46
328	0.46
329	0.43
330	0.41
331	0.46
332	0.38
333	0.38
334	0.38
335	0.38
336	0.36
337	0.36
338	0.36
339	0.36
340	0.36
341	0.36
342	0.36
343	0.36
344	0.36
345	0.36
346	0.33
347	0.36
348	0.36
349	0.36
350	0.38
351	0.38
352	0.38
353	0.41
354	0.41
355	0.41
356	0.41
357	0.41
358	0.41
359	0.46
360	0.46
361	0.46
362	0.46
363	0.46
364	0.46
365	0.50
366	0.43
367	0.43
368	0.43
369	0.43
370	0.41
371	0.41
372	0.41
373	0.41
374	0.41
375	0.41
376	0.41
377	0.41
378	0.41
379	0.38
380	0.41
381	0.41
382	0.43
383	0.43
384	0.48
385	0.48
386	0.50
387	0.48
388	0.48
389	0.46
390	0.43
391	0.41
392	0.41
393	0.48
394	0.46
395	0.46
396	0.43
397	0.41
398	0.41
399	0.41
400	0.41
401	0.41
402	0.41
403	0.41
404	0.41
405	0.41
406	0.41
407	0.41
408	0.41
409	0.41
410	0.41
411	0.46
412	0.46
413	0.46
414	0.41
415	0.41
416	0.41
417	0.41
418	0.41
419	0.41
420	0.41
421	0.41
422	0.41
423	0.41
424	0.48
425	0.38
426	0.41
427	0.41
428	0.41
429	0.41
430	0.41
431	0.41
432	0.41
433	0.41
434	0.41
435	0.41
436	0.41
437	0.41
438	0.41
439	0.41
440	0.41
441	0.41
442	0.41
443	0.41
444	0.41
445	0.38
446	0.41
447	0.41
448	0.43
449	0.41
450	0.43
451	0.41
452	0.41
453	0.43
454	0.43
455	0.43
456	0.43
457	0.43
458	0.43
459	0.46
460	0.46
461	0.46
462	0.46
463	0.50
464	0.50
465	0.50
466	0.50
467	0.50
468	0.50
469	0.50
470	0.50
471	0.50
472	0.50
473	0.50
474	0.50
475	0.50
476	0.50
477	0.50
478	0.50
479	0.50
480	0.50
481	0.50
482	0.50
483	0.50
484	0.50
485	0.50
486	0.50
487	0.50
488	0.00
489	0.00
490	0.00
491	0.00
492	0.00
493	0.00
494	0.00
495	0.00
496	0.00
497	0.00
498	0.00
499	0.00
500	0.00
501	0.00
502	0.00
503	0.00
504	0.00
505	0.00
506	0.00
507	0.00
508	0.00
509	0.00
510	0.00
511	0.00
512	0.00
513	0.00
514	0.00
515	0.00
516	0.00
517	0.00
518	0.00
519	0.00
520	0.00
521	0.00
522	0.00
523	0.00
524	0.00
525	0.00
526	0.00
527	0.00
528	0.00
529	0.00
530	0.00
531	0.00
532	0.00
533	0.00
534	0.00
535	0.00
536	0.00
537	0.00
538	0.00
539	0.00
540	0.00
541	0.00
542	0.00
543	0.00
544	0.00
545	0.00
546	0.00
547	0.00
548	0.00
549	0.00
550	0.00
551	0.00
552	0.00
553	0.00
554	0.00
555	0.00
556	0.00
557	0.00
558	0.00
559	0.00
560	0.00
561	0.00
562	0.00
563	0.00
564	0.00
565	0.00
566	0.00
567	0.00
568	0.00
569	0.00
570	0.00
571	0.00
572	0.00
573	0.00
574	0.00
575	0.00
576	0.00
577	0.00
578	0.00
579	0.00
580	0.00
581	0.00
582	0.00
583	0.00
584	0.00
585	0.00
586	0.00
587	0.00
588	0.00
589	0.00
590	0.00
591	0.00
592	0.00
593	0.00
594	0.00
595	0.00
596	0.00
597	0.00
598	0.00
599	0.00
600	0.00
601	0.00
602	0.00
603	0.00
604	0.00
605	0.00
606	0.00
607	0.00
608	0.00
609	0.00
610	0.00
611	0.00
612	0.00
613	0.00
614	0.00
615	0.00
616	0.00
617	0.00
618	0.00
619	0.00
620	0.00
621	0.00
622	0.00
623	0.00
624	0.00
625	0.00
626	0.00
627	0.00
628	0.00
629	0.00
630	0.00
631	0.00
632	0.00
633	0.00
634	0.00
635	0.00
636	0.00
637	0.00
638	0.00
639	0.00
640	0.00
641	0.00
642	0.00
643	0.00
644	0.38
645	0.38
646	0.36
647	0.28
648	0.36
649	0.33
650	0.38
651	0.38
652	0.38
653	0.38
654	0.38
655	0.38
656	0.38
657	0.38
658	0.36
659	0.36
660	0.36
661	0.36
662	0.36
663	0.41
664	0.41
665	0.41
666	0.41
667	0.41
668	0.41
669	0.41
670	0.41
671	0.43
672	0.43
673	0.41
674	0.41
675	0.41
676	0.41
677	0.41
678	0.41
679	0.41
680	0.41
681	0.41
682	0.41
683	0.41
684	0.41
685	0.41
686	0.41
687	0.41
688	0.43
689	0.43
690	0.43
691	0.46
692	0.46
693	0.46
694	0.43
695	0.41
696	0.46
697	0.38
698	0.38
699	0.38
700	0.38
701	0.36
702	0.36
703	0.36
704	0.36
705	0.36
706	0.36
707	0.36
708	0.36
709	0.36
710	0.36
711	0.33
712	0.36
713	0.36
714	0.36
715	0.38
716	0.38
717	0.38
718	0.41
719	0.41
720	0.41
721	0.41
722	0.41
723	0.41
724	0.46
725	0.46
726	0.46
727	0.46
728	0.46
729	0.46
730	0.50
731	0.43
732	0.43
733	0.43
734	0.43
735	0.41
736	0.41
737	0.41
738	0.41
739	0.41
740	0.41
741	0.41
742	0.41
743	0.41
744	0.38
745	0.41
746	0.41
747	0.43
748	0.43
749	0.48
750	0.48
751	0.50
752	0.48
753	0.48
754	0.46
755	0.43
756	0.41
757	0.41
758	0.48
759	0.46
760	0.46
761	0.43
762	0.41
763	0.41
764	0.41
765	0.41
766	0.41
767	0.41
768	0.41
769	0.41
770	0.41
771	0.41
772	0.41
773	0.41
774	0.41
775	0.41
776	0.46
777	0.46
778	0.46
779	0.41
780	0.41
781	0.41
782	0.41
783	0.41
784	0.41
785	0.41
786	0.41
787	0.41
788	0.41
789	0.48
790	0.38
791	0.41
792	0.41
793	0.41
794	0.41
795	0.41
796	0.41
797	0.41
798	0.41
799	0.41
800	0.41
801	0.41
802	0.41
803	0.41
804	0.41
805	0.41
806	0.41
807	0.41
808	0.41
809	0.41
810	0.38
811	0.41
812	0.41
813	0.43
814	0.41
815	0.43
816	0.41
817	0.41
818	0.43
819	0.43
820	0.43
821	0.43
822	0.43
823	0.43
824	0.46
825	0.46
826	0.46
827	0.46
828	0.50
829	0.50
830	0.50
831	0.50
832	0.50
833	0.50
834	0.50
835	0.50
836	0.50
837	0.50
838	0.50
839	0.50
840	0.50
841	0.50
842	0.50
843	0.50
844	0.50
845	0.50
846	0.50
847	0.50
848	0.50
849	0.50
850	0.50
851	0.50
852	0.50
853	0.00
854	0.00
855	0.00
856	0.00
857	0.00
858	0.00
859	0.00
860	0.00
861	0.00
862	0.00
863	0.00
864	0.00
865	0.00
866	0.00
867	0.00
868	0.00
869	0.00
870	0.00
871	0.00
872	0.00
873	0.00
874	0.00
875	0.00
876	0.00
877	0.00
878	0.00
879	0.00
880	0.00
881	0.00
882	0.00
883	0.00
884	0.00
885	0.00
886	0.00
887	0.00
888	0.00
889	0.00
890	0.00
891	0.00
892	0.00
893	0.00
894	0.00
895	0.00
896	0.00
897	0.00
898	0.00
899	0.00
900	0.00
901	0.00
902	0.00
903	0.00
904	0.00
905	0.00
906	0.00
907	0.00
908	0.00
909	0.00
910	0.00
911	0.00
912	0.00
913	0.00
914	0.00
915	0.00
916	0.00
917	0.00
918	0.00
919	0.00
920	0.00
921	0.00
922	0.00
923	0.00
924	0.00
925	0.00
926	0.00
927	0.00
928	0.00
929	0.00
930	0.00
931	0.00
932	0.00
933	0.00
934	0.00
935	0.00
936	0.00
937	0.00
938	0.00
939	0.00
940	0.00
941	0.00
942	0.00
943	0.00
944	0.00
945	0.00
946	0.00
947	0.00
948	0.00
949	0.00
950	0.00
951	0.00
952	0.00
953	0.00
954	0.00
955	0.00
956	0.00
957	0.00
958	0.00
959	0.00
960	0.00
961	0.00
962	0.00
963	0.00
964	0.00
965	0.00
966	0.00
967	0.00
968	0.00
969	0.00
970	0.00
971	0.00
972	0.00
973	0.00
974	0.00
975	0.00
976	0.00
977	0.00
978	0.00
979	0.00
980	0.00
981	0.00
982	0.00
983	0.00
984	0.00
985	0.00
986	0.00
987	0.00
988	0.00
989	0.00
990	0.00
991	0.00
992	0.00
993	0.00
994	0.00
995	0.00
996	0.00
997	0.00
998	0.00
999	0.00
1000	0.00
1001	0.00
1002	0.00
1003	0.00
1004	0.00
1005	0.00
1006	0.00
1007	0.00
1008	0.00
1009	0.38
1010	0.38
1011	0.36
1012	0.28
1013	0.36
1014	0.33
1015	0.38
1016	0.38
1017	0.38
1018	0.38
1019	0.38
1020	0.38
1021	0.38
1022	0.38
1023	0.36
1024	0.36
1025	0.36
1026	0.36
1027	0.36
1028	0.41
1029	0.41
1030	0.41
1031	0.41
1032	0.41
1033	0.41
1034	0.41
1035	0.41
1036	0.43
1037	0.43
1038	0.41
1039	0.41
1040	0.41
1041	0.41
1042	0.41
1043	0.41
1044	0.41
1045	0.41
1046	0.41
1047	0.41
1048	0.41
1049	0.41
1050	0.41
1051	0.41
1052	0.41
1053	0.43
1054	0.43
1055	0.43
1056	0.46
1057	0.46
1058	0.46
1059	0.43
1060	0.41
1061	0.46
1062	0.38
1063	0.38
1064	0.38
1065	0.38
1066	0.36
1067	0.36
1068	0.36
1069	0.36
1070	0.36
1071	0.36
1072	0.36
1073	0.36
1074	0.36
1075	0.36
1076	0.33
1077	0.36
1078	0.36
1079	0.36
1080	0.38
1081	0.38
1082	0.38
1083	0.41
1084	0.41
1085	0.41
1086	0.41
1087	0.41
1088	0.41
1089	0.46
1090	0.46
1091	0.46
1092	0.46
1093	0.46
1094	0.46
1095	0.50
1096	0.43
1097	0.43
1098	0.43
1099	0.43
1100	0.41
1101	0.41
1102	0.41
1103	0.41
1104	0.41
1105	0.41
1106	0.41
1107	0.41
1108	0.41
1109	0.38
1110	0.41
1111	0.41
1112	0.43
1113	0.43
1114	0.48
1115	0.48
1116	0.50
1117	0.48
1118	0.48
1119	0.46
1120	0.43
1121	0.41
1122	0.41
1123	0.48
1124	0.46
1125	0.46
1126	0.43
1127	0.41
1128	0.41
1129	0.41
1130	0.41
1131	0.41
1132	0.41
1133	0.41
1134	0.41
1135	0.41
1136	0.41
1137	0.41
1138	0.41
1139	0.41
1140	0.41
1141	0.46
1142	0.46
1143	0.46
1144	0.41
1145	0.41
1146	0.41
1147	0.41
1148	0.41
1149	0.41
1150	0.41
1151	0.41
1152	0.41
1153	0.41
1154	0.48
1155	0.38
1156	0.41
1157	0.41
1158	0.41
1159	0.41
1160	0.41
1161	0.41
1162	0.41
1163	0.41
1164	0.41
1165	0.41
1166	0.41
1167	0.41
1168	0.41
1169	0.41
1170	0.41
1171	0.41
1172	0.41
1173	0.41
1174	0.41
1175	0.38
1176	0.41
1177	0.41
1178	0.43
1179	0.41
1180	0.43
1181	0.41
1182	0.41
1183	0.43
1184	0.43
1185	0.43
1186	0.43
1187	0.43
1188	0.43
1189	0.46
1190	0.46
1191	0.46
1192	0.46
1193	0.50
1194	0.50
1195	0.50
1196	0.50
1197	0.50
1198	0.50
1199	0.50
1200	0.50
1201	0.50
1202	0.50
1203	0.50
1204	0.50
1205	0.50
1206	0.50
1207	0.50
1208	0.50
1209	0.50
1210	0.50
1211	0.50
1212	0.50
1213	0.50
1214	0.50
1215	0.50
1216	0.50
1217	0.50
1218	0.00
1219	0.00
1220	0.00
1221	0.00
1222	0.00
1223	0.00
1224	0.00
1225	0.00
1226	0.00
1227	0.00
1228	0.00
1229	0.00
1230	0.00
1231	0.00
1232	0.00
1233	0.00
1234	0.00
1235	0.00
1236	0.00
1237	0.00
1238	0.00
1239	0.00
1240	0.00
1241	0.00
1242	0.00
1243	0.00
1244	0.00
1245	0.00
1246	0.00
1247	0.00
1248	0.00
1249	0.00
1250	0.00
1251	0.00
1252	0.00
1253	0.00
1254	0.00
1255	0.00
1256	0.00
1257	0.00
1258	0.00
1259	0.00
1260	0.00
1261	0.00
1262	0.00
1263	0.00
1264	0.00
1265	0.00
1266	0.00
1267	0.00
1268	0.00
1269	0.00
1270	0.00
1271	0.00
1272	0.00
1273	0.00
1274	0.00
1275	0.00
1276	0.00
1277	0.00
1278	0.00
1279	0.00
1280	0.00
1281	0.00
1282	0.00
1283	0.00
1284	0.00
1285	0.00
1286	0.00
1287	0.00
1288	0.00
1289	0.00
1290	0.00
1291	0.00
1292	0.00
1293	0.00
1294	0.00
1295	0.00
1296	0.00
1297	0.00
1298	0.00
1299	0.00
1300	0.00
1301	0.00
1302	0.00
1303	0.00
1304	0.00
1305	0.00
1306	0.00
1307	0.00
1308	0.00
1309	0.00
1310	0.00
1311	0.00
1312	0.00
1313	0.00
1314	0.00
1315	0.00
1316	0.00
1317	0.00
1318	0.00
1319	0.00
1320	0.00
1321	0.00
1322	0.00
1323	0.00
1324	0.00
1325	0.00
1326	0.00
1327	0.00
1328	0.00
1329	0.00
1330	0.00
1331	0.00
1332	0.00
1333	0.00
1334	0.00
1335	0.00
1336	0.00
1337	0.00
1338	0.00
1339	0.00
1340	0.00
1341	0.00
1342	0.00
1343	0.00
1344	0.00
1345	0.00
1346	0.00
1347	0.00
1348	0.00
1349	0.00
1350	0.00
1351	0.00
1352	0.00
1353	0.00
1354	0.00
1355	0.00
1356	0.00
1357	0.00
1358	0.00
1359	0.00
1360	0.00
1361	0.00
1362	0.00
1363	0.00
1364	0.00
1365	0.00
1366	0.00
1367	0.00
1368	0.00
1369	0.00
1370	0.00
1371	0.00
1372	0.00
1373	0.00
1374	0.38
1375	0.38
1376	0.36
1377	0.28
1378	0.36
1379	0.33
1380	0.38
1381	0.38
1382	0.38
1383	0.38
1384	0.38
1385	0.38
1386	0.38
1387	0.38
1388	0.36
1389	0.36
1390	0.36
1391	0.36
1392	0.36
1393	0.41
1394	0.41
1395	0.41
1396	0.41
1397	0.41
1398	0.41
1399	0.41
1400	0.41
1401	0.43
1402	0.43
1403	0.41
1404	0.41
1405	0.41
1406	0.41
1407	0.41
1408	0.41
1409	0.41
1410	0.41
1411	0.41
1412	0.41
1413	0.41
1414	0.41
1415	0.41
1416	0.41
1417	0.41
1418	0.43
1419	0.43
1420	0.43
1421	0.46
1422	0.46
1423	0.46
1424	0.43
1425	0.41
1426	0.46
1427	0.38
1428	0.38
1429	0.38
1430	0.38
1431	0.36
1432	0.36
1433	0.36
1434	0.36
1435	0.36
1436	0.36
1437	0.36
1438	0.36
1439	0.36
1440	0.36
1441	0.33
1442	0.36
1443	0.36
1444	0.36
1445	0.38
1446	0.38
1447	0.38
1448	0.41
1449	0.41
1450	0.41
1451	0.41
1452	0.41
1453	0.41
1454	0.46
1455	0.46
1456	0.46
1457	0.46
1458	0.46
1459	0.46
1460	0.50
1461	0.43
1462	0.43
1463	0.43
1464	0.43
1465	0.41
1466	0.41
1467	0.41
1468	0.41
1469	0.41
1470	0.41
1471	0.41
1472	0.41
1473	0.41
1474	0.38
1475	0.41
1476	0.41
1477	0.43
1478	0.43
1479	0.48
1480	0.48
1481	0.50
1482	0.48
1483	0.48
1484	0.46
1485	0.43
1486	0.41
1487	0.41
1488	0.48
1489	0.46
1490	0.46
1491	0.43
1492	0.41
1493	0.41
1494	0.41
1495	0.41
1496	0.41
1497	0.41
1498	0.41
1499	0.41
1500	0.41
1501	0.41
1502	0.41
1503	0.41
1504	0.41
1505	0.41
1506	0.46
1507	0.46
1508	0.46
1509	0.41
1510	0.41
1511	0.41
1512	0.41
1513	0.41
1514	0.41
1515	0.41
1516	0.41
1517	0.41
1518	0.41
1519	0.48
1520	0.38
1521	0.41
1522	0.41
1523	0.41
1524	0.41
1525	0.41
1526	0.41
1527	0.41
1528	0.41
1529	0.41
1530	0.41
1531	0.41
1532	0.41
1533	0.41
1534	0.41
1535	0.41
1536	0.41
1537	0.41
1538	0.41
1539	0.41
1540	0.38
1541	0.41
1542	0.41
1543	0.43
1544	0.41
1545	0.43
1546	0.41
1547	0.41
1548	0.43
1549	0.43
1550	0.43
1551	0.43
1552	0.43
1553	0.43
1554	0.46
1555	0.46
1556	0.46
1557	0.46
1558	0.50
1559	0.50
1560	0.50
1561	0.50
1562	0.50
1563	0.50
1564	0.50
1565	0.50
1566	0.50
1567	0.50
1568	0.50
1569	0.50
1570	0.50
1571	0.50
1572	0.50
1573	0.50
1574	0.50
1575	0.50
1576	0.50
1577	0.50
1578	0.50
1579	0.50
1580	0.50
1581	0.50
1582	0.50
1583	0.00
1584	0.00
1585	0.00
1586	0.00
1587	0.00
1588	0.00
1589	0.00
1590	0.00
1591	0.00
1592	0.00
1593	0.00
1594	0.00
1595	0.00
1596	0.00
1597	0.00
1598	0.00
1599	0.00
1600	0.00
1601	0.00
1602	0.00
1603	0.00
1604	0.00
1605	0.00
1606	0.00
1607	0.00
1608	0.00
1609	0.00
1610	0.00
1611	0.00
1612	0.00
1613	0.00
1614	0.00
1615	0.00
1616	0.00
1617	0.00
1618	0.00
1619	0.00
1620	0.00
1621	0.00
1622	0.00
1623	0.00
1624	0.00
1625	0.00
1626	0.00
1627	0.00
1628	0.00
1629	0.00
1630	0.00
1631	0.00
1632	0.00
1633	0.00
1634	0.00
1635	0.00
1636	0.00
1637	0.00
1638	0.00
1639	0.00
1640	0.00
1641	0.00
1642	0.00
1643	0.00
1644	0.00
1645	0.00
1646	0.00
1647	0.00
1648	0.00
1649	0.00
1650	0.00
1651	0.00
1652	0.00
1653	0.00
1654	0.00
1655	0.00
1656	0.00
1657	0.00
1658	0.00
1659	0.00
1660	0.00
1661	0.00
1662	0.00
1663	0.00
1664	0.00
1665	0.00
1666	0.00
1667	0.00
1668	0.00
1669	0.00
1670	0.00
1671	0.00
1672	0.00
1673	0.00
1674	0.00
1675	0.00
1676	0.00
1677	0.00
1678	0.00
1679	0.00
1680	0.00
1681	0.00
1682	0.00
1683	0.00
1684	0.00
1685	0.00
1686	0.00
1687	0.00
1688	0.00
1689	0.00
1690	0.00
1691	0.00
1692	0.00
1693	0.00
1694	0.00
1695	0.00
1696	0.00
1697	0.00
1698	0.00
1699	0.00
1700	0.00
1701	0.00
1702	0.00
1703	0.00
1704	0.00
1705	0.00
1706	0.00
1707	0.00
1708	0.00
1709	0.00
1710	0.00
1711	0.00
1712	0.00
1713	0.00
1714	0.00
1715	0.00
1716	0.00
1717	0.00
1718	0.00
1719	0.00
1720	0.00
1721	0.00
1722	0.00
1723	0.00
1724	0.00
1725	0.00
1726	0.00
1727	0.00
1728	0.00
1729	0.00
1730	0.00
1731	0.00
1732	0.00
1733	0.00
1734	0.00
1735	0.00
1736	0.00
1737	0.00
1738	0.00
1739	0.38
1740	0.38
1741	0.36
1742	0.28
1743	0.36
1744	0.33
1745	0.38
1746	0.38
1747	0.38
1748	0.38
1749	0.38
1750	0.38
1751	0.38
1752	0.38
1753	0.36
1754	0.36
1755	0.36
1756	0.36
1757	0.36
1758	0.41
1759	0.41
1760	0.41
1761	0.41
1762	0.41
1763	0.41
1764	0.41
1765	0.41
1766	0.43
1767	0.43
1768	0.41
1769	0.41
1770	0.41
1771	0.41
1772	0.41
1773	0.41
1774	0.41
1775	0.41
1776	0.41
1777	0.41
1778	0.41
1779	0.41
1780	0.41
1781	0.41
1782	0.41
1783	0.43
1784	0.43
1785	0.43
1786	0.46
1787	0.46
1788	0.46
1789	0.43
1790	0.41
1791	0.46
1792	0.38
1793	0.38
1794	0.38
1795	0.38
1796	0.36
1797	0.36
1798	0.36
1799	0.36
1800	0.36
1801	0.36
1802	0.36
1803	0.36
1804	0.36
1805	0.36
1806	0.33
1807	0.36
1808	0.36
1809	0.36
1810	0.38
1811	0.38
1812	0.38
1813	0.41
1814	0.41
1815	0.41
1816	0.41
1817	0.41
1818	0.41
1819	0.46
1820	0.46
1821	0.46
1822	0.46
1823	0.46
1824	0.46
1825	0.50
1826	0.43
1827	0.43
1828	0.43
1829	0.43
1830	0.41
1831	0.41
1832	0.41
1833	0.41
1834	0.41
1835	0.41
1836	0.41
1837	0.41
1838	0.41
1839	0.38
1840	0.41
1841	0.41
1842	0.43
1843	0.43
1844	0.48
1845	0.48
1846	0.50
1847	0.48
1848	0.48
1849	0.46
1850	0.43
1851	0.41
1852	0.41
1853	0.48
1854	0.46
1855	0.46
1856	0.43
1857	0.41
1858	0.41
1859	0.41
1860	0.41
1861	0.41
1862	0.41
1863	0.41
1864	0.41
1865	0.41
1866	0.41
1867	0.41
1868	0.41
1869	0.41
1870	0.41
1871	0.46
1872	0.46
1873	0.46
1874	0.41
1875	0.41
1876	0.41
1877	0.41
1878	0.41
1879	0.41
1880	0.41
1881	0.41
1882	0.41
1883	0.41
1884	0.48
1885	0.38
1886	0.41
1887	0.41
1888	0.41
1889	0.41
1890	0.41
1891	0.41
1892	0.41
1893	0.41
1894	0.41
1895	0.41
1896	0.41
1897	0.41
1898	0.41
1899	0.41
1900	0.41
1901	0.41
1902	0.41
1903	0.41
1904	0.41
1905	0.38
1906	0.41
1907	0.41
1908	0.43
1909	0.41
1910	0.43
1911	0.41
1912	0.41
1913	0.43
1914	0.43
1915	0.43
1916	0.43
1917	0.43
1918	0.43
1919	0.46
1920	0.46
1921	0.46
1922	0.46
1923	0.50
1924	0.50
1925	0.50
1926	0.50
1927	0.50
1928	0.50
1929	0.50
1930	0.50
1931	0.50
1932	0.50
1933	0.50
1934	0.50
1935	0.50
1936	0.50
1937	0.50
1938	0.50
1939	0.50
1940	0.50
1941	0.50
1942	0.50
1943	0.50
1944	0.50
1945	0.50
1946	0.50
1947	0.50
1948	0.00
1949	0.00
1950	0.00
1951	0.00
1952	0.00
1953	0.00
1954	0.00
1955	0.00
1956	0.00
1957	0.00
1958	0.00
1959	0.00
1960	0.00
1961	0.00
1962	0.00
1963	0.00
1964	0.00
1965	0.00
1966	0.00
1967	0.00
1968	0.00
1969	0.00
1970	0.00
1971	0.00
1972	0.00
1973	0.00
1974	0.00
1975	0.00
1976	0.00
1977	0.00
1978	0.00
1979	0.00
1980	0.00
1981	0.00
1982	0.00
1983	0.00
1984	0.00
1985	0.00
1986	0.00
1987	0.00
1988	0.00
1989	0.00
1990	0.00
1991	0.00
1992	0.00
1993	0.00
1994	0.00
1995	0.00
1996	0.00
1997	0.00
1998	0.00
1999	0.00
2000	0.00
2001	0.00
2002	0.00
2003	0.00
2004	0.00
2005	0.00
2006	0.00
2007	0.00
2008	0.00
2009	0.00
2010	0.00
2011	0.00
2012	0.00
2013	0.00
2014	0.00
2015	0.00
2016	0.00
2017	0.00
2018	0.00
2019	0.00
2020	0.00
2021	0.00
2022	0.00
2023	0.00
2024	0.00
2025	0.00
2026	0.00
2027	0.00
2028	0.00
2029	0.00
2030	0.00
2031	0.00
2032	0.00
2033	0.00
2034	0.00
2035	0.00
2036	0.00
2037	0.00
2038	0.00
2039	0.00
2040	0.00
2041	0.00
2042	0.00
2043	0.00
2044	0.00
2045	0.00
2046	0.00
2047	0.00
2048	0.00
2049	0.00
2050	0.00
2051	0.00
2052	0.00
2053	0.00
2054	0.00
2055	0.00
2056	0.00
2057	0.00
2058	0.00
2059	0.00
2060	0.00
2061	0.00
2062	0.00
2063	0.00
2064	0.00
2065	0.00
2066	0.00
2067	0.00
2068	0.00
2069	0.00
2070	0.00
2071	0.00
2072	0.00
2073	0.00
2074	0.00
2075	0.00
2076	0.00
2077	0.00
2078	0.00
2079	0.00
2080	0.00
2081	0.00
2082	0.00
2083	0.00
2084	0.00
2085	0.00
2086	0.00
2087	0.00
2088	0.00
2089	0.00
2090	0.00
2091	0.00
2092	0.00
2093	0.00
2094	0.00
2095	0.00
2096	0.00
2097	0.00
2098	0.00
2099	0.00
2100	0.00
2101	0.00
2102	0.00
2103	0.00
2104	0.38
2105	0.38
2106	0.36
2107	0.28
2108	0.36
2109	0.33
2110	0.38
2111	0.38
2112	0.38
2113	0.38
2114	0.38
2115	0.38
2116	0.38
2117	0.38
2118	0.36
2119	0.36
2120	0.36
2121	0.36
2122	0.36
2123	0.41
2124	0.41
2125	0.41
2126	0.41
2127	0.41
2128	0.41
2129	0.41
2130	0.41
2131	0.43
2132	0.43
2133	0.41
2134	0.41
2135	0.41
2136	0.41
2137	0.41
2138	0.41
2139	0.41
2140	0.41
2141	0.41
2142	0.41
2143	0.41
2144	0.41
2145	0.41
2146	0.41
2147	0.41
2148	0.43
2149	0.43
2150	0.43
2151	0.46
2152	0.46
2153	0.46
2154	0.43
2155	0.41
2156	0.46
2157	0.38
2158	0.38
2159	0.38
2160	0.38
2161	0.36
2162	0.36
2163	0.36
2164	0.36
2165	0.36
2166	0.36
2167	0.36
2168	0.36
2169	0.36
2170	0.36
2171	0.33
2172	0.36
2173	0.36
2174	0.36
2175	0.38
2176	0.38
2177	0.38
2178	0.41
2179	0.41
2180	0.41
2181	0.41
2182	0.41
2183	0.41
2184	0.46
2185	0.46
2186	0.46
2187	0.46
2188	0.46
2189	0.46
2190	0.50
2191	0.43
2192	0.43
2193	0.43
2194	0.43
2195	0.41
2196	0.41
2197	0.41
2198	0.41
2199	0.41
2200	0.41
2201	0.41
2202	0.41
2203	0.41
2204	0.38
2205	0.41
2206	0.41
2207	0.43
2208	0.43
2209	0.48
2210	0.48
2211	0.50
2212	0.48
2213	0.48
2214	0.46
2215	0.43
2216	0.41
2217	0.41
2218	0.48
2219	0.46
2220	0.46
2221	0.43
2222	0.41
2223	0.41
2224	0.41
2225	0.41
2226	0.41
2227	0.41
2228	0.41
2229	0.41
2230	0.41
2231	0.41
2232	0.41
2233	0.41
2234	0.41
2235	0.41
2236	0.46
2237	0.46
2238	0.46
2239	0.41
2240	0.41
2241	0.41
2242	0.41
2243	0.41
2244	0.41
2245	0.41
2246	0.41
2247	0.41
2248	0.41
2249	0.48
2250	0.38
2251	0.41
2252	0.41
2253	0.41
2254	0.41
2255	0.41
2256	0.41
2257	0.41
2258	0.41
2259	0.41
2260	0.41
2261	0.41
2262	0.41
2263	0.41
2264	0.41
2265	0.41
2266	0.41
2267	0.41
2268	0.41
2269	0.41
2270	0.38
2271	0.41
2272	0.41
2273	0.43
2274	0.41
2275	0.43
2276	0.41
2277	0.41
2278	0.43
2279	0.43
2280	0.43
2281	0.43
2282	0.43
2283	0.43
2284	0.46
2285	0.46
2286	0.46
2287	0.46
2288	0.50
2289	0.50
2290	0.50
2291	0.50
2292	0.50
2293	0.50
2294	0.50
2295	0.50
2296	0.50
2297	0.50
2298	0.50
2299	0.50
2300	0.50
2301	0.50
2302	0.50
2303	0.50
2304	0.50
2305	0.50
2306	0.50
2307	0.50
2308	0.50
2309	0.50
2310	0.50
2311	0.50
2312	0.50
2313	0.00
2314	0.00
2315	0.00
2316	0.00
2317	0.00
2318	0.00
2319	0.00
2320	0.00
2321	0.00
2322	0.00
2323	0.00
2324	0.00
2325	0.00
2326	0.00
2327	0.00
2328	0.00
2329	0.00
2330	0.00
2331	0.00
2332	0.00
2333	0.00
2334	0.00
2335	0.00
2336	0.00
2337	0.00
2338	0.00
2339	0.00
2340	0.00
2341	0.00
2342	0.00
2343	0.00
2344	0.00
2345	0.00
2346	0.00
2347	0.00
2348	0.00
2349	0.00
2350	0.00
2351	0.00
2352	0.00
2353	0.00
2354	0.00
2355	0.00
2356	0.00
2357	0.00
2358	0.00
2359	0.00
2360	0.00
2361	0.00
2362	0.00
2363	0.00
2364	0.00
2365	0.00
2366	0.00
2367	0.00
2368	0.00
2369	0.00
2370	0.00
2371	0.00
2372	0.00
2373	0.00
2374	0.00
2375	0.00
2376	0.00
2377	0.00
2378	0.00
2379	0.00
2380	0.00
2381	0.00
2382	0.00
2383	0.00
2384	0.00
2385	0.00
2386	0.00
2387	0.00
2388	0.00
2389	0.00
2390	0.00
2391	0.00
2392	0.00
2393	0.00
2394	0.00
2395	0.00
2396	0.00
2397	0.00
2398	0.00
2399	0.00
2400	0.00
2401	0.00
2402	0.00
2403	0.00
2404	0.00
2405	0.00
2406	0.00
2407	0.00
2408	0.00
2409	0.00
2410	0.00
2411	0.00
2412	0.00
2413	0.00
2414	0.00
2415	0.00
2416	0.00
2417	0.00
2418	0.00
2419	0.00
2420	0.00
2421	0.00
2422	0.00
2423	0.00
2424	0.00
2425	0.00
2426	0.00
2427	0.00
2428	0.00
2429	0.00
2430	0.00
2431	0.00
2432	0.00
2433	0.00
2434	0.00
2435	0.00
2436	0.00
2437	0.00
2438	0.00
2439	0.00
2440	0.00
2441	0.00
2442	0.00
2443	0.00
2444	0.00
2445	0.00
2446	0.00
2447	0.00
2448	0.00
2449	0.00
2450	0.00
2451	0.00
2452	0.00
2453	0.00
2454	0.00
2455	0.00
2456	0.00
2457	0.00
2458	0.00
2459	0.00
2460	0.00
2461	0.00
2462	0.00
2463	0.00
2464	0.00
2465	0.00
2466	0.00
2467	0.00
2468	0.00
2469	0.38
2470	0.38
2471	0.36
2472	0.28
2473	0.36
2474	0.33
2475	0.38
2476	0.38
2477	0.38
2478	0.38
2479	0.38
2480	0.38
2481	0.38
2482	0.38
2483	0.36
2484	0.36
2485	0.36
2486	0.36
2487	0.36
2488	0.41
2489	0.41
2490	0.41
2491	0.41
2492	0.41
2493	0.41
2494	0.41
2495	0.41
2496	0.43
2497	0.43
2498	0.41
2499	0.41
2500	0.41
2501	0.41
2502	0.41
2503	0.41
2504	0.41
2505	0.41
2506	0.41
2507	0.41
2508	0.41
2509	0.41
2510	0.41
2511	0.41
2512	0.41
2513	0.43
2514	0.43
2515	0.43
2516	0.46
2517	0.46
2518	0.46
2519	0.43
2520	0.41
2521	0.46
2522	0.38
2523	0.38
2524	0.38
2525	0.38
2526	0.36
2527	0.36
2528	0.36
2529	0.36
2530	0.36
2531	0.36
2532	0.36
2533	0.36
2534	0.36
2535	0.36
2536	0.33
2537	0.36
2538	0.36
2539	0.36
2540	0.38
2541	0.38
2542	0.38
2543	0.41
2544	0.41
2545	0.41
2546	0.41
2547	0.41
2548	0.41
2549	0.46
2550	0.46
2551	0.46
2552	0.46
2553	0.46
2554	0.46
2555	0.50
2556	0.43
2557	0.43
2558	0.43
2559	0.43
2560	0.41
2561	0.41
2562	0.41
2563	0.41
2564	0.41
2565	0.41
2566	0.41
2567	0.41
2568	0.41
2569	0.38
2570	0.41
2571	0.41
2572	0.43
2573	0.43
2574	0.48
2575	0.48
2576	0.50
2577	0.48
2578	0.48
2579	0.46
2580	0.43
2581	0.41
2582	0.41
2583	0.48
2584	0.46
2585	0.46
2586	0.43
2587	0.41
2588	0.41
2589	0.41
2590	0.41
2591	0.41
2592	0.41
2593	0.41
2594	0.41
2595	0.41
2596	0.41
2597	0.41
2598	0.41
2599	0.41
2600	0.41
2601	0.46
2602	0.46
2603	0.46
2604	0.41
2605	0.41
2606	0.41
2607	0.41
2608	0.41
2609	0.41
2610	0.41
2611	0.41
2612	0.41
2613	0.41
2614	0.48
2615	0.38
2616	0.41
2617	0.41
2618	0.41
2619	0.41
2620	0.41
2621	0.41
2622	0.41
2623	0.41
2624	0.41
2625	0.41
2626	0.41
2627	0.41
2628	0.41
2629	0.41
2630	0.41
2631	0.41
2632	0.41
2633	0.41
2634	0.41
2635	0.38
2636	0.41
2637	0.41
2638	0.43
2639	0.41
2640	0.43
2641	0.41
2642	0.41
2643	0.43
2644	0.43
2645	0.43
2646	0.43
2647	0.43
2648	0.43
2649	0.46
2650	0.46
2651	0.46
2652	0.46
2653	0.50
2654	0.50
2655	0.50
2656	0.50
2657	0.50
2658	0.50
2659	0.50
2660	0.50
2661	0.50
2662	0.50
2663	0.50
2664	0.50
2665	0.50
2666	0.50
2667	0.50
2668	0.50
2669	0.50
2670	0.50
2671	0.50
2672	0.50
2673	0.50
2674	0.50
2675	0.50
2676	0.50
2677	0.50
2678	0.00
2679	0.00
2680	0.00
2681	0.00
2682	0.00
2683	0.00
2684	0.00
2685	0.00
2686	0.00
2687	0.00
2688	0.00
2689	0.00
2690	0.00
2691	0.00
2692	0.00
2693	0.00
2694	0.00
2695	0.00
2696	0.00
2697	0.00
2698	0.00
2699	0.00
2700	0.00
2701	0.00
2702	0.00
2703	0.00
2704	0.00
2705	0.00
2706	0.00
2707	0.00
2708	0.00
2709	0.00
2710	0.00
2711	0.00
2712	0.00
2713	0.00
2714	0.00
2715	0.00
2716	0.00
2717	0.00
2718	0.00
2719	0.00
2720	0.00
2721	0.00
2722	0.00
2723	0.00
2724	0.00
2725	0.00
2726	0.00
2727	0.00
2728	0.00
2729	0.00
2730	0.00
2731	0.00
2732	0.00
2733	0.00
2734	0.00
2735	0.00
2736	0.00
2737	0.00
2738	0.00
2739	0.00
2740	0.00
2741	0.00
2742	0.00
2743	0.00
2744	0.00
2745	0.00
2746	0.00
2747	0.00
2748	0.00
2749	0.00
2750	0.00
2751	0.00
2752	0.00
2753	0.00
2754	0.00
2755	0.00
2756	0.00
2757	0.00
2758	0.00
2759	0.00
2760	0.00
2761	0.00
2762	0.00
2763	0.00
2764	0.00
2765	0.00
2766	0.00
2767	0.00
2768	0.00
2769	0.00
2770	0.00
2771	0.00
2772	0.00
2773	0.00
2774	0.00
2775	0.00
2776	0.00
2777	0.00
2778	0.00
2779	0.00
2780	0.00
2781	0.00
2782	0.00
2783	0.00
2784	0.00
2785	0.00
2786	0.00
2787	0.00
2788	0.00
2789	0.00
2790	0.00
2791	0.00
2792	0.00
2793	0.00
2794	0.00
2795	0.00
2796	0.00
2797	0.00
2798	0.00
2799	0.00
2800	0.00
2801	0.00
2802	0.00
2803	0.00
2804	0.00
2805	0.00
2806	0.00
2807	0.00
2808	0.00
2809	0.00
2810	0.00
2811	0.00
2812	0.00
2813	0.00
2814	0.00
2815	0.00
2816	0.00
2817	0.00
2818	0.00
2819	0.00
2820	0.00
2821	0.00
2822	0.00
2823	0.00
2824	0.00
2825	0.00
2826	0.00
2827	0.00
2828	0.00
2829	0.00
2830	0.00
2831	0.00
2832	0.00
2833	0.00
2834	0.38
2835	0.38
2836	0.36
2837	0.28
2838	0.36
2839	0.33
2840	0.38
2841	0.38
2842	0.38
2843	0.38
2844	0.38
2845	0.38
2846	0.38
2847	0.38
2848	0.36
2849	0.36
2850	0.36
2851	0.36
2852	0.36
2853	0.41
2854	0.41
2855	0.41
2856	0.41
2857	0.41
2858	0.41
2859	0.41
2860	0.41
2861	0.43
2862	0.43
2863	0.41
2864	0.41
2865	0.41
2866	0.41
2867	0.41
2868	0.41
2869	0.41
2870	0.41
2871	0.41
2872	0.41
2873	0.41
2874	0.41
2875	0.41
2876	0.41
2877	0.41
2878	0.43
2879	0.43
2880	0.43
2881	0.46
2882	0.46
2883	0.46
2884	0.43
2885	0.41
2886	0.46
2887	0.38
2888	0.38
2889	0.38
2890	0.38
2891	0.36
2892	0.36
2893	0.36
2894	0.36
2895	0.36
2896	0.36
2897	0.36
2898	0.36
2899	0.36
2900	0.36
2901	0.33
2902	0.36
2903	0.36
2904	0.36
2905	0.38
2906	0.38
2907	0.38
2908	0.41
2909	0.41
2910	0.41
2911	0.41
2912	0.41
2913	0.41
2914	0.46
2915	0.46
2916	0.46
2917	0.46
2918	0.46
2919	0.46
2920	0.50
2921	0.43
2922	0.43
2923	0.43
2924	0.43
2925	0.41
2926	0.41
2927	0.41
2928	0.41
2929	0.41
2930	0.41
2931	0.41
2932	0.41
2933	0.41
2934	0.38
2935	0.41
2936	0.41
2937	0.43
2938	0.43
2939	0.48
2940	0.48
2941	0.50
2942	0.48
2943	0.48
2944	0.46
2945	0.43
2946	0.41
2947	0.41
2948	0.48
2949	0.46
2950	0.46
2951	0.43
2952	0.41
2953	0.41
2954	0.41
2955	0.41
2956	0.41
2957	0.41
2958	0.41
2959	0.41
2960	0.41
2961	0.41
2962	0.41
2963	0.41
2964	0.41
2965	0.41
2966	0.46
2967	0.46
2968	0.46
2969	0.41
2970	0.41
2971	0.41
2972	0.41
2973	0.41
2974	0.41
2975	0.41
2976	0.41
2977	0.41
2978	0.41
2979	0.48
2980	0.38
2981	0.41
2982	0.41
2983	0.41
2984	0.41
2985	0.41
2986	0.41
2987	0.41
2988	0.41
2989	0.41
2990	0.41
2991	0.41
2992	0.41
2993	0.41
2994	0.41
2995	0.41
2996	0.41
2997	0.41
2998	0.41
2999	0.41
3000	0.38
3001	0.41
3002	0.41
3003	0.43
3004	0.41
3005	0.43
3006	0.41
3007	0.41
3008	0.43
3009	0.43
3010	0.43
3011	0.43
3012	0.43
3013	0.43
3014	0.46
3015	0.46
3016	0.46
3017	0.46
3018	0.50
3019	0.50
3020	0.50
3021	0.50
3022	0.50
3023	0.50
3024	0.50
3025	0.50
3026	0.50
3027	0.50
3028	0.50
3029	0.50
3030	0.50
3031	0.50
3032	0.50
3033	0.50
3034	0.50
3035	0.50
3036	0.50
3037	0.50
3038	0.50
3039	0.50
3040	0.50
3041	0.50
3042	0.50
3043	0.00
3044	0.00
3045	0.00
3046	0.00
3047	0.00
3048	0.00
3049	0.00
3050	0.00
3051	0.00
3052	0.00
3053	0.00
3054	0.00
3055	0.00
3056	0.00
3057	0.00
3058	0.00
3059	0.00
3060	0.00
3061	0.00
3062	0.00
3063	0.00
3064	0.00
3065	0.00
3066	0.00
3067	0.00
3068	0.00
3069	0.00
3070	0.00
3071	0.00
3072	0.00
3073	0.00
3074	0.00
3075	0.00
3076	0.00
3077	0.00
3078	0.00
3079	0.00
3080	0.00
3081	0.00
3082	0.00
3083	0.00
3084	0.00
3085	0.00
3086	0.00
3087	0.00
3088	0.00
3089	0.00
3090	0.00
3091	0.00
3092	0.00
3093	0.00
3094	0.00
3095	0.00
3096	0.00
3097	0.00
3098	0.00
3099	0.00
3100	0.00
3101	0.00
3102	0.00
3103	0.00
3104	0.00
3105	0.00
3106	0.00
3107	0.00
3108	0.00
3109	0.00
3110	0.00
3111	0.00
3112	0.00
3113	0.00
3114	0.00
3115	0.00
3116	0.00
3117	0.00
3118	0.00
3119	0.00
3120	0.00
3121	0.00
3122	0.00
3123	0.00
3124	0.00
3125	0.00
3126	0.00
3127	0.00
3128	0.00
3129	0.00
3130	0.00
3131	0.00
3132	0.00
3133	0.00
3134	0.00
3135	0.00
3136	0.00
3137	0.00
3138	0.00
3139	0.00
3140	0.00
3141	0.00
3142	0.00
3143	0.00
3144	0.00
3145	0.00
3146	0.00
3147	0.00
3148	0.00
3149	0.00
3150	0.00
3151	0.00
3152	0.00
3153	0.00
3154	0.00
3155	0.00
3156	0.00
3157	0.00
3158	0.00
3159	0.00
3160	0.00
3161	0.00
3162	0.00
3163	0.00
3164	0.00
3165	0.00
3166	0.00
3167	0.00
3168	0.00
3169	0.00
3170	0.00
3171	0.00
3172	0.00
3173	0.00
3174	0.00
3175	0.00
3176	0.00
3177	0.00
3178	0.00
3179	0.00
3180	0.00
3181	0.00
3182	0.00
3183	0.00
3184	0.00
3185	0.00
3186	0.00
3187	0.00
3188	0.00
3189	0.00
3190	0.00
3191	0.00
3192	0.00
3193	0.00
3194	0.00
3195	0.00
3196	0.00
3197	0.00
3198	0.00
3199	0.38
3200	0.38
3201	0.36
3202	0.28
3203	0.36
3204	0.33
3205	0.38
3206	0.38
3207	0.38
3208	0.38
3209	0.38
3210	0.38
3211	0.38
3212	0.38
3213	0.36
3214	0.36
3215	0.36
3216	0.36
3217	0.36
3218	0.41
3219	0.41
3220	0.41
3221	0.41
3222	0.41
3223	0.41
3224	0.41
3225	0.41
3226	0.43
3227	0.43
3228	0.41
3229	0.41
3230	0.41
3231	0.41
3232	0.41
3233	0.41
3234	0.41
3235	0.41
3236	0.41
3237	0.41
3238	0.41
3239	0.41
3240	0.41
3241	0.41
3242	0.41
3243	0.43
3244	0.43
3245	0.43
3246	0.46
3247	0.46
3248	0.46
3249	0.43
3250	0.41
3251	0.46
3252	0.38
3253	0.38
3254	0.38
3255	0.38
3256	0.36
3257	0.36
3258	0.36
3259	0.36
3260	0.36
3261	0.36
3262	0.36
3263	0.36
3264	0.36
3265	0.36
3266	0.33
3267	0.36
3268	0.36
3269	0.36
3270	0.38
3271	0.38
3272	0.38
3273	0.41
3274	0.41
3275	0.41
3276	0.41
3277	0.41
3278	0.41
3279	0.46
3280	0.46
3281	0.46
3282	0.46
3283	0.46
3284	0.46
3285	0.50
3286	0.43
3287	0.43
3288	0.43
3289	0.43
3290	0.41
3291	0.41
3292	0.41
3293	0.41
3294	0.41
3295	0.41
3296	0.41
3297	0.41
3298	0.41
3299	0.38
3300	0.41
3301	0.41
3302	0.43
3303	0.43
3304	0.48
3305	0.48
3306	0.50
3307	0.48
3308	0.48
3309	0.46
3310	0.43
3311	0.41
3312	0.41
3313	0.48
3314	0.46
3315	0.46
3316	0.43
3317	0.41
3318	0.41
3319	0.41
3320	0.41
3321	0.41
3322	0.41
3323	0.41
3324	0.41
3325	0.41
3326	0.41
3327	0.41
3328	0.41
3329	0.41
3330	0.41
3331	0.46
3332	0.46
3333	0.46
3334	0.41
3335	0.41
3336	0.41
3337	0.41
3338	0.41
3339	0.41
3340	0.41
3341	0.41
3342	0.41
3343	0.41
3344	0.48
3345	0.38
3346	0.41
3347	0.41
3348	0.41
3349	0.41
3350	0.41
3351	0.41
3352	0.41
3353	0.41
3354	0.41
3355	0.41
3356	0.41
3357	0.41
3358	0.41
3359	0.41
3360	0.41
3361	0.41
3362	0.41
3363	0.41
3364	0.41
3365	0.38
3366	0.41
3367	0.41
3368	0.43
3369	0.41
3370	0.43
3371	0.41
3372	0.41
3373	0.43
3374	0.43
3375	0.43
3376	0.43
3377	0.43
3378	0.43
3379	0.46
3380	0.46
3381	0.46
3382	0.46
3383	0.50
3384	0.50
3385	0.50
3386	0.50
3387	0.50
3388	0.50
3389	0.50
3390	0.50
3391	0.50
3392	0.50
3393	0.50
3394	0.50
3395	0.50
3396	0.50
3397	0.50
3398	0.50
3399	0.50
3400	0.50
3401	0.50
3402	0.50
3403	0.50
3404	0.50
3405	0.50
3406	0.50
3407	0.50
3408	0.00
3409	0.00
3410	0.00
3411	0.00
3412	0.00
3413	0.00
3414	0.00
3415	0.00
3416	0.00
3417	0.00
3418	0.00
3419	0.00
3420	0.00
3421	0.00
3422	0.00
3423	0.00
3424	0.00
3425	0.00
3426	0.00
3427	0.00
3428	0.00
3429	0.00
3430	0.00
3431	0.00
3432	0.00
3433	0.00
3434	0.00
3435	0.00
3436	0.00
3437	0.00
3438	0.00
3439	0.00
3440	0.00
3441	0.00
3442	0.00
3443	0.00
3444	0.00
3445	0.00
3446	0.00
3447	0.00
3448	0.00
3449	0.00
3450	0.00
3451	0.00
3452	0.00
3453	0.00
3454	0.00
3455	0.00
3456	0.00
3457	0.00
3458	0.00
3459	0.00
3460	0.00
3461	0.00
3462	0.00
3463	0.00
3464	0.00
3465	0.00
3466	0.00
3467	0.00
3468	0.00
3469	0.00
3470	0.00
3471	0.00
3472	0.00
3473	0.00
3474	0.00
3475	0.00
3476	0.00
3477	0.00
3478	0.00
3479	0.00
3480	0.00
3481	0.00
3482	0.00
3483	0.00
3484	0.00
3485	0.00
3486	0.00
3487	0.00
3488	0.00
3489	0.00
3490	0.00
3491	0.00
3492	0.00
3493	0.00
3494	0.00
3495	0.00
3496	0.00
3497	0.00
3498	0.00
3499	0.00
3500	0.00
3501	0.00
3502	0.00
3503	0.00
3504	0.00
3505	0.00
3506	0.00
3507	0.00
3508	0.00
3509	0.00
3510	0.00
3511	0.00
3512	0.00
3513	0.00
3514	0.00
3515	0.00
3516	0.00
3517	0.00
3518	0.00
3519	0.00
3520	0.00
3521	0.00
3522	0.00
3523	0.00
3524	0.00
3525	0.00
3526	0.00
3527	0.00
3528	0.00
3529	0.00
3530	0.00
3531	0.00
3532	0.00
3533	0.00
3534	0.00
3535	0.00
3536	0.00
3537	0.00
3538	0.00
3539	0.00
3540	0.00
3541	0.00
3542	0.00
3543	0.00
3544	0.00
3545	0.00
3546	0.00
3547	0.00
3548	0.00
3549	0.00
3550	0.00
3551	0.00
3552	0.00
3553	0.00
3554	0.00
3555	0.00
3556	0.00
3557	0.00
3558	0.00
3559	0.00
3560	0.00
3561	0.00
3562	0.00
3563	0.00
3564	0.38
3565	0.38
3566	0.36
3567	0.28
3568	0.36
3569	0.33
3570	0.38
3571	0.38
3572	0.38
3573	0.38
3574	0.38
3575	0.38
3576	0.38
3577	0.38
3578	0.36
3579	0.36
3580	0.36
3581	0.36
3582	0.36
3583	0.41
3584	0.41
3585	0.41
3586	0.41
3587	0.41
3588	0.41
3589	0.41
3590	0.41
3591	0.43
3592	0.43
3593	0.41
3594	0.41
3595	0.41
3596	0.41
3597	0.41
3598	0.41
3599	0.41
3600	0.41
3601	0.41
3602	0.41
3603	0.41
3604	0.41
3605	0.41
3606	0.41
3607	0.41
3608	0.43
3609	0.43
3610	0.43
3611	0.46
3612	0.46
3613	0.46
3614	0.43
3615	0.41
3616	0.46
3617	0.38
3618	0.38
3619	0.38
3620	0.38
3621	0.36
3622	0.36
3623	0.36
3624	0.36
3625	0.36
3626	0.36
3627	0.36
3628	0.36
3629	0.36
3630	0.36
3631	0.33
3632	0.36
3633	0.36
3634	0.36
3635	0.38
3636	0.38
3637	0.38
3638	0.41
3639	0.41
3640	0.41
3641	0.41
3642	0.41
3643	0.41
3644	0.46
3645	0.46
3646	0.46
3647	0.46
3648	0.46
3649	0.46
3650	0.50
3651	0.43
3652	0.43
3653	0.43
3654	0.43
3655	0.41
3656	0.41
3657	0.41
3658	0.41
3659	0.41
3660	0.41
3661	0.41
3662	0.41
3663	0.41
3664	0.38
3665	0.41
3666	0.41
3667	0.43
3668	0.43
3669	0.48
3670	0.48
3671	0.50
3672	0.48
3673	0.48
3674	0.46
3675	0.43
3676	0.41
3677	0.41
3678	0.48
3679	0.46
3680	0.46
3681	0.43
3682	0.41
3683	0.41
3684	0.41
3685	0.41
3686	0.41
3687	0.41
3688	0.41
3689	0.41
3690	0.41
3691	0.41
3692	0.41
3693	0.41
3694	0.41
3695	0.41
3696	0.46
3697	0.46
3698	0.46
3699	0.41
3700	0.41
3701	0.41
3702	0.41
3703	0.41
3704	0.41
3705	0.41
3706	0.41
3707	0.41
3708	0.41
3709	0.48
3710	0.38
3711	0.41
3712	0.41
3713	0.41
3714	0.41
3715	0.41
3716	0.41
3717	0.41
3718	0.41
3719	0.41
3720	0.41
3721	0.41
3722	0.41
3723	0.41
3724	0.41
3725	0.41
3726	0.41
3727	0.41
3728	0.41
3729	0.41
3730	0.38
3731	0.41
3732	0.41
3733	0.43
3734	0.41
3735	0.43
3736	0.41
3737	0.41
3738	0.43
3739	0.43
3740	0.43
3741	0.43
3742	0.43
3743	0.43
3744	0.46
3745	0.46
3746	0.46
3747	0.46
3748	0.50
3749	0.50
3750	0.50
3751	0.50
3752	0.50
3753	0.50
3754	0.50
3755	0.50
3756	0.50
3757	0.50
3758	0.50
3759	0.50
3760	0.50
3761	0.50
3762	0.50
3763	0.50
3764	0.50
3765	0.50
3766	0.50
3767	0.50
3768	0.50
3769	0.50
3770	0.50
3771	0.50
3772	0.50
3773	0.00
3774	0.00
3775	0.00
3776	0.00
3777	0.00
3778	0.00
3779	0.00
3780	0.00
3781	0.00
3782	0.00
3783	0.00
3784	0.00
3785	0.00
3786	0.00
3787	0.00
3788	0.00
3789	0.00
3790	0.00
3791	0.00
3792	0.00
3793	0.00
3794	0.00
3795	0.00
3796	0.00
3797	0.00
3798	0.00
3799	0.00
3800	0.00
3801	0.00
3802	0.00
3803	0.00
3804	0.00
3805	0.00
3806	0.00
3807	0.00
3808	0.00
3809	0.00
3810	0.00
3811	0.00
3812	0.00
3813	0.00
3814	0.00
3815	0.00
3816	0.00
3817	0.00
3818	0.00
3819	0.00
3820	0.00
3821	0.00
3822	0.00
3823	0.00
3824	0.00
3825	0.00
3826	0.00
3827	0.00
3828	0.00
3829	0.00
3830	0.00
3831	0.00
3832	0.00
3833	0.00
3834	0.00
3835	0.00
3836	0.00
3837	0.00
3838	0.00
3839	0.00
3840	0.00
3841	0.00
3842	0.00
3843	0.00
3844	0.00
3845	0.00
3846	0.00
3847	0.00
3848	0.00
3849	0.00
3850	0.00
3851	0.00
3852	0.00
3853	0.00
3854	0.00
3855	0.00
3856	0.00
3857	0.00
3858	0.00
3859	0.00
3860	0.00
3861	0.00
3862	0.00
3863	0.00
3864	0.00
3865	0.00
3866	0.00
3867	0.00
3868	0.00
3869	0.00
3870	0.00
3871	0.00
3872	0.00
3873	0.00
3874	0.00
3875	0.00
3876	0.00
3877	0.00
3878	0.00
3879	0.00
3880	0.00
3881	0.00
3882	0.00
3883	0.00
3884	0.00
3885	0.00
3886	0.00
3887	0.00
3888	0.00
3889	0.00
3890	0.00
3891	0.00
3892	0.00
3893	0.00
3894	0.00
3895	0.00
3896	0.00
3897	0.00
3898	0.00
3899	0.00
3900	0.00
3901	0.00
3902	0.00
3903	0.00
3904	0.00
3905	0.00
3906	0.00
3907	0.00
3908	0.00
3909	0.00
3910	0.00
3911	0.00
3912	0.00
3913	0.00
3914	0.00
3915	0.00
3916	0.00
3917	0.00
3918	0.00
3919	0.00
3920	0.00
3921	0.00
3922	0.00
3923	0.00
3924	0.00
3925	0.00
3926	0.00
3927	0.00
3928	0.00
3929	0.38
3930	0.38
3931	0.36
3932	0.28
3933	0.36
3934	0.33
3935	0.38
3936	0.38
3937	0.38
3938	0.38
3939	0.38
3940	0.38
3941	0.38
3942	0.38
3943	0.36
3944	0.36
3945	0.36
3946	0.36
3947	0.36
3948	0.41
3949	0.41
3950	0.41
3951	0.41
3952	0.41
3953	0.41
3954	0.41
3955	0.41
3956	0.43
3957	0.43
3958	0.41
3959	0.41
3960	0.41
3961	0.41
3962	0.41
3963	0.41
3964	0.41
3965	0.41
3966	0.41
3967	0.41
3968	0.41
3969	0.41
3970	0.41
3971	0.41
3972	0.41
3973	0.43
3974	0.43
3975	0.43
3976	0.46
3977	0.46
3978	0.46
3979	0.43
3980	0.41
3981	0.46
3982	0.38
3983	0.38
3984	0.38
3985	0.38
3986	0.36
3987	0.36
3988	0.36
3989	0.36
3990	0.36
3991	0.36
3992	0.36
3993	0.36
3994	0.36
3995	0.36
3996	0.33
3997	0.36
3998	0.36
3999	0.36
4000	0.38
4001	0.38
4002	0.38
4003	0.41
4004	0.41
4005	0.41
4006	0.41
4007	0.41
4008	0.41
4009	0.46
4010	0.46
4011	0.46
4012	0.46
4013	0.46
4014	0.46
4015	0.50
4016	0.43
4017	0.43
4018	0.43
4019	0.43
4020	0.41
4021	0.41
4022	0.41
4023	0.41
4024	0.41
4025	0.41
4026	0.41
4027	0.41
4028	0.41
4029	0.38
4030	0.41
4031	0.41
4032	0.43
4033	0.43
4034	0.48
4035	0.48
4036	0.50
4037	0.48
4038	0.48
4039	0.46
4040	0.43
4041	0.41
4042	0.41
4043	0.48
4044	0.46
4045	0.46
4046	0.43
4047	0.41
4048	0.41
4049	0.41
4050	0.41
4051	0.41
4052	0.41
4053	0.41
4054	0.41
4055	0.41
4056	0.41
4057	0.41
4058	0.41
4059	0.41
4060	0.41
4061	0.46
4062	0.46
4063	0.46
4064	0.41
4065	0.41
4066	0.41
4067	0.41
4068	0.41
4069	0.41
4070	0.41
4071	0.41
4072	0.41
4073	0.41
4074	0.48
4075	0.38
4076	0.41
4077	0.41
4078	0.41
4079	0.41
4080	0.41
4081	0.41
4082	0.41
4083	0.41
4084	0.41
4085	0.41
4086	0.41
4087	0.41
4088	0.41
4089	0.41
4090	0.41
4091	0.41
4092	0.41
4093	0.41
4094	0.41
4095	0.38
4096	0.41
4097	0.41
4098	0.43
4099	0.41
4100	0.43
4101	0.41
4102	0.41
4103	0.43
4104	0.43
4105	0.43
4106	0.43
4107	0.43
4108	0.43
4109	0.46
4110	0.46
4111	0.46
4112	0.46
4113	0.50
4114	0.50
4115	0.50
4116	0.50
4117	0.50
4118	0.50
4119	0.50
4120	0.50
4121	0.50
4122	0.50
4123	0.50
4124	0.50
4125	0.50
4126	0.50
4127	0.50
4128	0.50
4129	0.50
4130	0.50
4131	0.50
4132	0.50
4133	0.50
4134	0.50
4135	0.50
4136	0.50
4137	0.50
4138	0.00
4139	0.00
4140	0.00
4141	0.00
4142	0.00
4143	0.00
4144	0.00
4145	0.00
4146	0.00
4147	0.00
4148	0.00
4149	0.00
4150	0.00
4151	0.00
4152	0.00
4153	0.00
4154	0.00
4155	0.00
4156	0.00
4157	0.00
4158	0.00
4159	0.00
4160	0.00
4161	0.00
4162	0.00
4163	0.00
4164	0.00
4165	0.00
4166	0.00
4167	0.00
4168	0.00
4169	0.00
4170	0.00
4171	0.00
4172	0.00
4173	0.00
4174	0.00
4175	0.00
4176	0.00
4177	0.00
4178	0.00
4179	0.00
4180	0.00
4181	0.00
4182	0.00
4183	0.00
4184	0.00
4185	0.00
4186	0.00
4187	0.00
4188	0.00
4189	0.00
4190	0.00
4191	0.00
4192	0.00
4193	0.00
4194	0.00
4195	0.00
4196	0.00
4197	0.00
4198	0.00
4199	0.00
4200	0.00
4201	0.00
4202	0.00
4203	0.00
4204	0.00
4205	0.00
4206	0.00
4207	0.00
4208	0.00
4209	0.00
4210	0.00
4211	0.00
4212	0.00
4213	0.00
4214	0.00
4215	0.00
4216	0.00
4217	0.00
4218	0.00
4219	0.00
4220	0.00
4221	0.00
4222	0.00
4223	0.00
4224	0.00
4225	0.00
4226	0.00
4227	0.00
4228	0.00
4229	0.00
4230	0.00
4231	0.00
4232	0.00
4233	0.00
4234	0.00
4235	0.00
4236	0.00
4237	0.00
4238	0.00
4239	0.00
4240	0.00
4241	0.00
4242	0.00
4243	0.00
4244	0.00
4245	0.00
4246	0.00
4247	0.00
4248	0.00
4249	0.00
4250	0.00
4251	0.00
4252	0.00
4253	0.00
4254	0.00
4255	0.00
4256	0.00
4257	0.00
4258	0.00
4259	0.00
4260	0.00
4261	0.00
4262	0.00
4263	0.00
4264	0.00
4265	0.00
4266	0.00
4267	0.00
4268	0.00
4269	0.00
4270	0.00
4271	0.00
4272	0.00
4273	0.00
4274	0.00
4275	0.00
4276	0.00
4277	0.00
4278	0.00
4279	0.00
4280	0.00
4281	0.00
4282	0.00
4283	0.00
4284	0.00
4285	0.00
4286	0.00
4287	0.00
4288	0.00
4289	0.00
4290	0.00
4291	0.00
4292	0.00
4293	0.00
4294	0.38
4295	0.38
4296	0.36
4297	0.28
4298	0.36
4299	0.33
4300	0.38
4301	0.38
4302	0.38
4303	0.38
4304	0.38
4305	0.38
4306	0.38
4307	0.38
4308	0.36
4309	0.36
4310	0.36
4311	0.36
4312	0.36
4313	0.41
4314	0.41
4315	0.41
4316	0.41
4317	0.41
4318	0.41
4319	0.41
4320	0.41
4321	0.43
4322	0.43
4323	0.41
4324	0.41
4325	0.41
4326	0.41
4327	0.41
4328	0.41
4329	0.41
4330	0.41
4331	0.41
4332	0.41
4333	0.41
4334	0.41
4335	0.41
4336	0.41
4337	0.41
4338	0.43
4339	0.43
4340	0.43
4341	0.46
4342	0.46
4343	0.46
4344	0.43
4345	0.41
4346	0.46
4347	0.38
4348	0.38
4349	0.38
4350	0.38
4351	0.36
4352	0.36
4353	0.36
4354	0.36
4355	0.36
4356	0.36
4357	0.36
4358	0.36
4359	0.36
4360	0.36
4361	0.33
4362	0.36
4363	0.36
4364	0.36
4365	0.38
4366	0.38
4367	0.38
4368	0.41
4369	0.41
4370	0.41
4371	0.41
4372	0.41
4373	0.41
4374	0.46
4375	0.46
4376	0.46
4377	0.46
4378	0.46
4379	0.46
4380	0.50
4381	0.43
4382	0.43
4383	0.43
4384	0.43
4385	0.41
4386	0.41
4387	0.41
4388	0.41
4389	0.41
4390	0.41
4391	0.41
4392	0.41
4393	0.41
4394	0.38
4395	0.41
4396	0.41
4397	0.43
4398	0.43
4399	0.48
4400	0.48
4401	0.50
4402	0.48
4403	0.48
4404	0.46
4405	0.43
4406	0.41
4407	0.41
4408	0.48
4409	0.46
4410	0.46
4411	0.43
4412	0.41
4413	0.41
4414	0.41
4415	0.41
4416	0.41
4417	0.41
4418	0.41
4419	0.41
4420	0.41
4421	0.41
4422	0.41
4423	0.41
4424	0.41
4425	0.41
4426	0.46
4427	0.46
4428	0.46
4429	0.41
4430	0.41
4431	0.41
4432	0.41
4433	0.41
4434	0.41
4435	0.41
4436	0.41
4437	0.41
4438	0.41
4439	0.48
4440	0.38
4441	0.41
4442	0.41
4443	0.41
4444	0.41
4445	0.41
4446	0.41
4447	0.41
4448	0.41
4449	0.41
4450	0.41
4451	0.41
4452	0.41
4453	0.41
4454	0.41
4455	0.41
4456	0.41
4457	0.41
4458	0.41
4459	0.41
4460	0.38
4461	0.41
4462	0.41
4463	0.43
4464	0.41
4465	0.43
4466	0.41
4467	0.41
4468	0.43
4469	0.43
4470	0.43
4471	0.43
4472	0.43
4473	0.43
4474	0.46
4475	0.46
4476	0.46
4477	0.46
4478	0.50
4479	0.50
4480	0.50
4481	0.50
4482	0.50
4483	0.50
4484	0.50
4485	0.50
4486	0.50
4487	0.50
4488	0.50
4489	0.50
4490	0.50
4491	0.50
4492	0.50
4493	0.50
4494	0.50
4495	0.50
4496	0.50
4497	0.50
4498	0.50
4499	0.50
4500	0.50
4501	0.50
4502	0.50
4503	0.00
4504	0.00
4505	0.00
4506	0.00
4507	0.00
4508	0.00
4509	0.00
4510	0.00
4511	0.00
4512	0.00
4513	0.00
4514	0.00
4515	0.00
4516	0.00
4517	0.00
4518	0.00
4519	0.00
4520	0.00
4521	0.00
4522	0.00
4523	0.00
4524	0.00
4525	0.00
4526	0.00
4527	0.00
4528	0.00
4529	0.00
4530	0.00
4531	0.00
4532	0.00
4533	0.00
4534	0.00
4535	0.00
4536	0.00
4537	0.00
4538	0.00
4539	0.00
4540	0.00
4541	0.00
4542	0.00
4543	0.00
4544	0.00
4545	0.00
4546	0.00
4547	0.00
4548	0.00
4549	0.00
4550	0.00
4551	0.00
4552	0.00
4553	0.00
4554	0.00
4555	0.00
4556	0.00
4557	0.00
4558	0.00
4559	0.00
4560	0.00
4561	0.00
4562	0.00
4563	0.00
4564	0.00
4565	0.00
4566	0.00
4567	0.00
4568	0.00
4569	0.00
4570	0.00
4571	0.00
4572	0.00
4573	0.00
4574	0.00
4575	0.00
4576	0.00
4577	0.00
4578	0.00
4579	0.00
4580	0.00
4581	0.00
4582	0.00
4583	0.00
4584	0.00
4585	0.00
4586	0.00
4587	0.00
4588	0.00
4589	0.00
4590	0.00
4591	0.00
4592	0.00
4593	0.00
4594	0.00
4595	0.00
4596	0.00
4597	0.00
4598	0.00
4599	0.00
4600	0.00
4601	0.00
4602	0.00
4603	0.00
4604	0.00
4605	0.00
4606	0.00
4607	0.00
4608	0.00
4609	0.00
4610	0.00
4611	0.00
4612	0.00
4613	0.00
4614	0.00
4615	0.00
4616	0.00
4617	0.00
4618	0.00
4619	0.00
4620	0.00
4621	0.00
4622	0.00
4623	0.00
4624	0.00
4625	0.00
4626	0.00
4627	0.00
4628	0.00
4629	0.00
4630	0.00
4631	0.00
4632	0.00
4633	0.00
4634	0.00
4635	0.00
4636	0.00
4637	0.00
4638	0.00
4639	0.00
4640	0.00
4641	0.00
4642	0.00
4643	0.00
4644	0.00
4645	0.00
4646	0.00
4647	0.00
4648	0.00
4649	0.00
4650	0.00
4651	0.00
4652	0.00
4653	0.00
4654	0.00
4655	0.00
4656	0.00
4657	0.00
4658	0.00
4659	0.38
4660	0.38
4661	0.36
4662	0.28
4663	0.36
4664	0.33
4665	0.38
4666	0.38
4667	0.38
4668	0.38
4669	0.38
4670	0.38
4671	0.38
4672	0.38
4673	0.36
4674	0.36
4675	0.36
4676	0.36
4677	0.36
4678	0.41
4679	0.41
4680	0.41
4681	0.41
4682	0.41
4683	0.41
4684	0.41
4685	0.41
4686	0.43
4687	0.43
4688	0.41
4689	0.41
4690	0.41
4691	0.41
4692	0.41
4693	0.41
4694	0.41
4695	0.41
4696	0.41
4697	0.41
4698	0.41
4699	0.41
4700	0.41
4701	0.41
4702	0.41
4703	0.43
4704	0.43
4705	0.43
4706	0.46
4707	0.46
4708	0.46
4709	0.43
4710	0.41
4711	0.46
4712	0.38
4713	0.38
4714	0.38
4715	0.38
4716	0.36
4717	0.36
4718	0.36
4719	0.36
4720	0.36
4721	0.36
4722	0.36
4723	0.36
4724	0.36
4725	0.36
4726	0.33
4727	0.36
4728	0.36
4729	0.36
4730	0.38
4731	0.38
4732	0.38
4733	0.41
4734	0.41
4735	0.41
4736	0.41
4737	0.41
4738	0.41
4739	0.46
4740	0.46
4741	0.46
4742	0.46
4743	0.46
4744	0.46
4745	0.50
4746	0.43
4747	0.43
4748	0.43
4749	0.43
4750	0.41
4751	0.41
4752	0.41
4753	0.41
4754	0.41
4755	0.41
4756	0.41
4757	0.41
4758	0.41
4759	0.38
4760	0.41
4761	0.41
4762	0.43
4763	0.43
4764	0.48
4765	0.48
4766	0.50
4767	0.48
4768	0.48
4769	0.46
4770	0.43
4771	0.41
4772	0.41
4773	0.48
4774	0.46
4775	0.46
4776	0.43
4777	0.41
4778	0.41
4779	0.41
4780	0.41
4781	0.41
4782	0.41
4783	0.41
4784	0.41
4785	0.41
4786	0.41
4787	0.41
4788	0.41
4789	0.41
4790	0.41
4791	0.46
4792	0.46
4793	0.46
4794	0.41
4795	0.41
4796	0.41
4797	0.41
4798	0.41
4799	0.41
4800	0.41
4801	0.41
4802	0.41
4803	0.41
4804	0.48
4805	0.38
4806	0.41
4807	0.41
4808	0.41
4809	0.41
4810	0.41
4811	0.41
4812	0.41
4813	0.41
4814	0.41
4815	0.41
4816	0.41
4817	0.41
4818	0.41
4819	0.41
4820	0.41
4821	0.41
4822	0.41
4823	0.41
4824	0.41
4825	0.38
4826	0.41
4827	0.41
4828	0.43
4829	0.41
4830	0.43
4831	0.41
4832	0.41
4833	0.43
4834	0.43
4835	0.43
4836	0.43
4837	0.43
4838	0.43
4839	0.46
4840	0.46
4841	0.46
4842	0.46
4843	0.50
4844	0.50
4845	0.50
4846	0.50
4847	0.50
4848	0.50
4849	0.50
4850	0.50
4851	0.50
4852	0.50
4853	0.50
4854	0.50
4855	0.50
4856	0.50
4857	0.50
4858	0.50
4859	0.50
4860	0.50
4861	0.50
4862	0.50
4863	0.50
4864	0.50
4865	0.50
4866	0.50
4867	0.50
4868	0.00
4869	0.00
4870	0.00
4871	0.00
4872	0.00
4873	0.00
4874	0.00
4875	0.00
4876	0.00
4877	0.00
4878	0.00
4879	0.00
4880	0.00
4881	0.00
4882	0.00
4883	0.00
4884	0.00
4885	0.00
4886	0.00
4887	0.00
4888	0.00
4889	0.00
4890	0.00
4891	0.00
4892	0.00
4893	0.00
4894	0.00
4895	0.00
4896	0.00
4897	0.00
4898	0.00
4899	0.00
4900	0.00
4901	0.00
4902	0.00
4903	0.00
4904	0.00
4905	0.00
4906	0.00
4907	0.00
4908	0.00
4909	0.00
4910	0.00
4911	0.00
4912	0.00
4913	0.00
4914	0.00
4915	0.00
4916	0.00
4917	0.00
4918	0.00
4919	0.00
4920	0.00
4921	0.00
4922	0.00
4923	0.00
4924	0.00
4925	0.00
4926	0.00
4927	0.00
4928	0.00
4929	0.00
4930	0.00
4931	0.00
4932	0.00
4933	0.00
4934	0.00
4935	0.00
4936	0.00
4937	0.00
4938	0.00
4939	0.00
4940	0.00
4941	0.00
4942	0.00
4943	0.00
4944	0.00
4945	0.00
4946	0.00
4947	0.00
4948	0.00
4949	0.00
4950	0.00
4951	0.00
4952	0.00
4953	0.00
4954	0.00
4955	0.00
4956	0.00
4957	0.00
4958	0.00
4959	0.00
4960	0.00
4961	0.00
4962	0.00
4963	0.00
4964	0.00
4965	0.00
4966	0.00
4967	0.00
4968	0.00
4969	0.00
4970	0.00
4971	0.00
4972	0.00
4973	0.00
4974	0.00
4975	0.00
4976	0.00
4977	0.00
4978	0.00
4979	0.00
4980	0.00
4981	0.00
4982	0.00
4983	0.00
4984	0.00
4985	0.00
4986	0.00
4987	0.00
4988	0.00
4989	0.00
4990	0.00
4991	0.00
4992	0.00
4993	0.00
4994	0.00
4995	0.00
4996	0.00
4997	0.00
4998	0.00
4999	0.00
5000	0.00
5001	0.00
5002	0.00
5003	0.00
5004	0.00
5005	0.00
5006	0.00
5007	0.00
5008	0.00
5009	0.00
5010	0.00
5011	0.00
5012	0.00
5013	0.00
5014	0.00
5015	0.00
5016	0.00
5017	0.00
5018	0.00
5019	0.00
5020	0.00
5021	0.00
5022	0.00
5023	0.00
5024	0.38
5025	0.38
5026	0.36
5027	0.28
5028	0.36
5029	0.33
5030	0.38
5031	0.38
5032	0.38
5033	0.38
5034	0.38
5035	0.38
5036	0.38
5037	0.38
5038	0.36
5039	0.36
5040	0.36
5041	0.36
5042	0.36
5043	0.41
5044	0.41
5045	0.41
5046	0.41
5047	0.41
5048	0.41
5049	0.41
5050	0.41
5051	0.43
5052	0.43
5053	0.41
5054	0.41
5055	0.41
5056	0.41
5057	0.41
5058	0.41
5059	0.41
5060	0.41
5061	0.41
5062	0.41
5063	0.41
5064	0.41
5065	0.41
5066	0.41
5067	0.41
5068	0.43
5069	0.43
5070	0.43
5071	0.46
5072	0.46
5073	0.46
5074	0.43
5075	0.41
5076	0.46
5077	0.38
5078	0.38
5079	0.38
5080	0.38
5081	0.36
5082	0.36
5083	0.36
5084	0.36
5085	0.36
5086	0.36
5087	0.36
5088	0.36
5089	0.36
5090	0.36
5091	0.33
5092	0.36
5093	0.36
5094	0.36
5095	0.38
5096	0.38
5097	0.38
5098	0.41
5099	0.41
5100	0.41
5101	0.41
5102	0.41
5103	0.41
5104	0.46
5105	0.46
5106	0.46
5107	0.46
5108	0.46
5109	0.46
5110	0.50
5111	0.43
5112	0.43
5113	0.43
5114	0.43
5115	0.41
5116	0.41
5117	0.41
5118	0.41
5119	0.41
5120	0.41
5121	0.41
5122	0.41
5123	0.41
5124	0.38
5125	0.41
5126	0.41
5127	0.43
5128	0.43
5129	0.48
5130	0.48
5131	0.50
5132	0.48
5133	0.48
5134	0.46
5135	0.43
5136	0.41
5137	0.41
5138	0.48
5139	0.46
5140	0.46
5141	0.43
5142	0.41
5143	0.41
5144	0.41
5145	0.41
5146	0.41
5147	0.41
5148	0.41
5149	0.41
5150	0.41
5151	0.41
5152	0.41
5153	0.41
5154	0.41
5155	0.41
5156	0.46
5157	0.46
5158	0.46
5159	0.41
5160	0.41
5161	0.41
5162	0.41
5163	0.41
5164	0.41
5165	0.41
5166	0.41
5167	0.41
5168	0.41
5169	0.48
5170	0.38
5171	0.41
5172	0.41
5173	0.41
5174	0.41
5175	0.41
5176	0.41
5177	0.41
5178	0.41
5179	0.41
5180	0.41
5181	0.41
5182	0.41
5183	0.41
5184	0.41
5185	0.41
5186	0.41
5187	0.41
5188	0.41
5189	0.41
5190	0.38
5191	0.41
5192	0.41
5193	0.43
5194	0.41
5195	0.43
5196	0.41
5197	0.41
5198	0.43
5199	0.43
5200	0.43
5201	0.43
5202	0.43
5203	0.43
5204	0.46
5205	0.46
5206	0.46
5207	0.46
5208	0.50
5209	0.50
5210	0.50
5211	0.50
5212	0.50
5213	0.50
5214	0.50
5215	0.50
5216	0.50
5217	0.50
5218	0.50
5219	0.50
5220	0.50
5221	0.50
5222	0.50
5223	0.50
5224	0.50
5225	0.50
5226	0.50
5227	0.50
5228	0.50
5229	0.50
5230	0.50
5231	0.50
5232	0.50
5233	0.00
5234	0.00
5235	0.00
5236	0.00
5237	0.00
5238	0.00
5239	0.00
5240	0.00
5241	0.00
5242	0.00
5243	0.00
5244	0.00
5245	0.00
5246	0.00
5247	0.00
5248	0.00
5249	0.00
5250	0.00
5251	0.00
5252	0.00
5253	0.00
5254	0.00
5255	0.00
5256	0.00
5257	0.00
5258	0.00
5259	0.00
5260	0.00
5261	0.00
5262	0.00
5263	0.00
5264	0.00
5265	0.00
5266	0.00
5267	0.00
5268	0.00
5269	0.00
5270	0.00
5271	0.00
5272	0.00
5273	0.00
5274	0.00
5275	0.00
5276	0.00
5277	0.00
5278	0.00
5279	0.00
5280	0.00
5281	0.00
5282	0.00
5283	0.00
5284	0.00
5285	0.00
5286	0.00
5287	0.00
5288	0.00
5289	0.00
5290	0.00
5291	0.00
5292	0.00
5293	0.00
5294	0.00
5295	0.00
5296	0.00
5297	0.00
5298	0.00
5299	0.00
5300	0.00
5301	0.00
5302	0.00
5303	0.00
5304	0.00
5305	0.00
5306	0.00
5307	0.00
5308	0.00
5309	0.00
5310	0.00
5311	0.00
5312	0.00
5313	0.00
5314	0.00
5315	0.00
5316	0.00
5317	0.00
5318	0.00
5319	0.00
5320	0.00
5321	0.00
5322	0.00
5323	0.00
5324	0.00
5325	0.00
5326	0.00
5327	0.00
5328	0.00
5329	0.00
5330	0.00
5331	0.00
5332	0.00
5333	0.00
5334	0.00
5335	0.00
5336	0.00
5337	0.00
5338	0.00
5339	0.00
5340	0.00
5341	0.00
5342	0.00
5343	0.00
5344	0.00
5345	0.00
5346	0.00
5347	0.00
5348	0.00
5349	0.00
5350	0.00
5351	0.00
5352	0.00
5353	0.00
5354	0.00
5355	0.00
5356	0.00
5357	0.00
5358	0.00
5359	0.00
5360	0.00
5361	0.00
5362	0.00
5363	0.00
5364	0.00
5365	0.00
5366	0.00
5367	0.00
5368	0.00
5369	0.00
5370	0.00
5371	0.00
5372	0.00
5373	0.00
5374	0.00
5375	0.00
5376	0.00
5377	0.00
5378	0.00
5379	0.00
5380	0.00
5381	0.00
5382	0.00
5383	0.00
5384	0.00
5385	0.00
5386	0.00
5387	0.00
5388	0.00
5389	0.38
5390	0.38
5391	0.36
5392	0.28
5393	0.36
5394	0.33
5395	0.38
5396	0.38
5397	0.38
5398	0.38
5399	0.38
5400	0.38
5401	0.38
5402	0.38
5403	0.36
5404	0.36
5405	0.36
5406	0.36
5407	0.36
5408	0.41
5409	0.41
5410	0.41
5411	0.41
5412	0.41
5413	0.41
5414	0.41
5415	0.41
5416	0.43
5417	0.43
5418	0.41
5419	0.41
5420	0.41
5421	0.41
5422	0.41
5423	0.41
5424	0.41
5425	0.41
5426	0.41
5427	0.41
5428	0.41
5429	0.41
5430	0.41
5431	0.41
5432	0.41
5433	0.43
5434	0.43
5435	0.43
5436	0.46
5437	0.46
5438	0.46
5439	0.43
5440	0.41
5441	0.46
5442	0.38
5443	0.38
5444	0.38
5445	0.38
5446	0.36
5447	0.36
5448	0.36
5449	0.36
5450	0.36
5451	0.36
5452	0.36
5453	0.36
5454	0.36
5455	0.36
5456	0.33
5457	0.36
5458	0.36
5459	0.36
5460	0.38
5461	0.38
5462	0.38
5463	0.41
5464	0.41
5465	0.41
5466	0.41
5467	0.41
5468	0.41
5469	0.46
5470	0.46
5471	0.46
5472	0.46
5473	0.46
5474	0.46
5475	0.50
5476	0.43
5477	0.43
5478	0.43
5479	0.43
5480	0.41
5481	0.41
5482	0.41
5483	0.41
5484	0.41
5485	0.41
5486	0.41
5487	0.41
5488	0.41
5489	0.38
5490	0.41
5491	0.41
5492	0.43
5493	0.43
5494	0.48
5495	0.48
5496	0.50
5497	0.48
5498	0.48
5499	0.46
5500	0.43
5501	0.41
5502	0.41
5503	0.48
5504	0.46
5505	0.46
5506	0.43
5507	0.41
5508	0.41
5509	0.41
5510	0.41
5511	0.41
5512	0.41
5513	0.41
5514	0.41
5515	0.41
5516	0.41
5517	0.41
5518	0.41
5519	0.41
5520	0.41
5521	0.46
5522	0.46
5523	0.46
5524	0.41
5525	0.41
5526	0.41
5527	0.41
5528	0.41
5529	0.41
5530	0.41
5531	0.41
5532	0.41
5533	0.41
5534	0.48
5535	0.38
5536	0.41
5537	0.41
5538	0.41
5539	0.41
5540	0.41
5541	0.41
5542	0.41
5543	0.41
5544	0.41
5545	0.41
5546	0.41
5547	0.41
5548	0.41
5549	0.41
5550	0.41
5551	0.41
5552	0.41
5553	0.41
5554	0.41
5555	0.38
5556	0.41
5557	0.41
5558	0.43
5559	0.41
5560	0.43
5561	0.41
5562	0.41
5563	0.43
5564	0.43
5565	0.43
5566	0.43
5567	0.43
5568	0.43
5569	0.46
5570	0.46
5571	0.46
5572	0.46
5573	0.50
5574	0.50
5575	0.50
5576	0.50
5577	0.50
5578	0.50
5579	0.50
5580	0.50
5581	0.50
5582	0.50
5583	0.50
5584	0.50
5585	0.50
5586	0.50
5587	0.50
5588	0.50
5589	0.50
5590	0.50
5591	0.50
5592	0.50
5593	0.50
5594	0.50
5595	0.50
5596	0.50
5597	0.50
5598	0.00
5599	0.00
5600	0.00
5601	0.00
5602	0.00
5603	0.00
5604	0.00
5605	0.00
5606	0.00
5607	0.00
5608	0.00
5609	0.00
5610	0.00
5611	0.00
5612	0.00
5613	0.00
5614	0.00
5615	0.00
5616	0.00
5617	0.00
5618	0.00
5619	0.00
5620	0.00
5621	0.00
5622	0.00
5623	0.00
5624	0.00
5625	0.00
5626	0.00
5627	0.00
5628	0.00
5629	0.00
5630	0.00
5631	0.00
5632	0.00
5633	0.00
5634	0.00
5635	0.00
5636	0.00
5637	0.00
5638	0.00
5639	0.00
5640	0.00
5641	0.00
5642	0.00
5643	0.00
5644	0.00
5645	0.00
5646	0.00
5647	0.00
5648	0.00
5649	0.00
5650	0.00
5651	0.00
5652	0.00
5653	0.00
5654	0.00
5655	0.00
5656	0.00
5657	0.00
5658	0.00
5659	0.00
5660	0.00
5661	0.00
5662	0.00
5663	0.00
5664	0.00
5665	0.00
5666	0.00
5667	0.00
5668	0.00
5669	0.00
5670	0.00
5671	0.00
5672	0.00
5673	0.00
5674	0.00
5675	0.00
5676	0.00
5677	0.00
5678	0.00
5679	0.00
5680	0.00
5681	0.00
5682	0.00
5683	0.00
5684	0.00
5685	0.00
5686	0.00
5687	0.00
5688	0.00
5689	0.00
5690	0.00
5691	0.00
5692	0.00
5693	0.00
5694	0.00
5695	0.00
5696	0.00
5697	0.00
5698	0.00
5699	0.00
5700	0.00
5701	0.00
5702	0.00
5703	0.00
5704	0.00
5705	0.00
5706	0.00
5707	0.00
5708	0.00
5709	0.00
5710	0.00
5711	0.00
5712	0.00
5713	0.00
5714	0.00
5715	0.00
5716	0.00
5717	0.00
5718	0.00
5719	0.00
5720	0.00
5721	0.00
5722	0.00
5723	0.00
5724	0.00
5725	0.00
5726	0.00
5727	0.00
5728	0.00
5729	0.00
5730	0.00
5731	0.00
5732	0.00
5733	0.00
5734	0.00
5735	0.00
5736	0.00
5737	0.00
5738	0.00
5739	0.00
5740	0.00
5741	0.00
5742	0.00
5743	0.00
5744	0.00
5745	0.00
5746	0.00
5747	0.00
5748	0.00
5749	0.00
5750	0.00
5751	0.00
5752	0.00
5753	0.00
5754	0.38
5755	0.38
5756	0.36
5757	0.28
5758	0.36
5759	0.33
5760	0.38
5761	0.38
5762	0.38
5763	0.38
5764	0.38
5765	0.38
5766	0.38
5767	0.38
5768	0.36
5769	0.36
5770	0.36
5771	0.36
5772	0.36
5773	0.41
5774	0.41
5775	0.41
5776	0.41
5777	0.41
5778	0.41
5779	0.41
5780	0.41
5781	0.43
5782	0.43
5783	0.41
5784	0.41
5785	0.41
5786	0.41
5787	0.41
5788	0.41
5789	0.41
5790	0.41
5791	0.41
5792	0.41
5793	0.41
5794	0.41
5795	0.41
5796	0.41
5797	0.41
5798	0.43
5799	0.43
5800	0.43
5801	0.46
5802	0.46
5803	0.46
5804	0.43
5805	0.41
5806	0.46
5807	0.38
5808	0.38
5809	0.38
5810	0.38
5811	0.36
5812	0.36
5813	0.36
5814	0.36
5815	0.36
5816	0.36
5817	0.36
5818	0.36
5819	0.36
5820	0.36
5821	0.33
5822	0.36
5823	0.36
5824	0.36
5825	0.38
5826	0.38
5827	0.38
5828	0.41
5829	0.41
5830	0.41
5831	0.41
5832	0.41
5833	0.41
5834	0.46
5835	0.46
5836	0.46
5837	0.46
5838	0.46
5839	0.46
5840	0.50
5841	0.43
5842	0.43
5843	0.43
5844	0.43
5845	0.41
5846	0.41
5847	0.41
5848	0.41
5849	0.41
5850	0.41
5851	0.41
5852	0.41
5853	0.41
5854	0.38
5855	0.41
5856	0.41
5857	0.43
5858	0.43
5859	0.48
5860	0.48
5861	0.50
5862	0.48
5863	0.48
5864	0.46
5865	0.43
5866	0.41
5867	0.41
5868	0.48
5869	0.46
5870	0.46
5871	0.43
5872	0.41
5873	0.41
5874	0.41
5875	0.41
5876	0.41
5877	0.41
5878	0.41
5879	0.41
5880	0.41
5881	0.41
5882	0.41
5883	0.41
5884	0.41
5885	0.41
5886	0.46
5887	0.46
5888	0.46
5889	0.41
5890	0.41
5891	0.41
5892	0.41
5893	0.41
5894	0.41
5895	0.41
5896	0.41
5897	0.41
5898	0.41
5899	0.48
5900	0.38
5901	0.41
5902	0.41
5903	0.41
5904	0.41
5905	0.41
5906	0.41
5907	0.41
5908	0.41
5909	0.41
5910	0.41
5911	0.41
5912	0.41
5913	0.41
5914	0.41
5915	0.41
5916	0.41
5917	0.41
5918	0.41
5919	0.41
5920	0.38
5921	0.41
5922	0.41
5923	0.43
5924	0.41
5925	0.43
5926	0.41
5927	0.41
5928	0.43
5929	0.43
5930	0.43
5931	0.43
5932	0.43
5933	0.43
5934	0.46
5935	0.46
5936	0.46
5937	0.46
5938	0.50
5939	0.50
5940	0.50
5941	0.50
5942	0.50
5943	0.50
5944	0.50
5945	0.50
5946	0.50
5947	0.50
5948	0.50
5949	0.50
5950	0.50
5951	0.50
5952	0.50
5953	0.50
5954	0.50
5955	0.50
5956	0.50
5957	0.50
5958	0.50
5959	0.50
5960	0.50
5961	0.50
5962	0.50
5963	0.00
5964	0.00
5965	0.00
5966	0.00
5967	0.00
5968	0.00
5969	0.00
5970	0.00
5971	0.00
5972	0.00
5973	0.00
5974	0.00
5975	0.00
5976	0.00
5977	0.00
5978	0.00
5979	0.00
5980	0.00
5981	0.00
5982	0.00
5983	0.00
5984	0.00
5985	0.00
5986	0.00
5987	0.00
5988	0.00
5989	0.00
5990	0.00
5991	0.00
5992	0.00
5993	0.00
5994	0.00
5995	0.00
5996	0.00
5997	0.00
5998	0.00
5999	0.00
6000	0.00
6001	0.00
6002	0.00
6003	0.00
6004	0.00
6005	0.00
6006	0.00
6007	0.00
6008	0.00
6009	0.00
6010	0.00
6011	0.00
6012	0.00
6013	0.00
6014	0.00
6015	0.00
6016	0.00
6017	0.00
6018	0.00
6019	0.00
6020	0.00
6021	0.00
6022	0.00
6023	0.00
6024	0.00
6025	0.00
6026	0.00
6027	0.00
6028	0.00
6029	0.00
6030	0.00
6031	0.00
6032	0.00
6033	0.00
6034	0.00
6035	0.00
6036	0.00
6037	0.00
6038	0.00
6039	0.00
6040	0.00
6041	0.00
6042	0.00
6043	0.00
6044	0.00
6045	0.00
6046	0.00
6047	0.00
6048	0.00
6049	0.00
6050	0.00
6051	0.00
6052	0.00
6053	0.00
6054	0.00
6055	0.00
6056	0.00
6057	0.00
6058	0.00
6059	0.00
6060	0.00
6061	0.00
6062	0.00
6063	0.00
6064	0.00
6065	0.00
6066	0.00
6067	0.00
6068	0.00
6069	0.00
6070	0.00
6071	0.00
6072	0.00
6073	0.00
6074	0.00
6075	0.00
6076	0.00
6077	0.00
6078	0.00
6079	0.00
6080	0.00
6081	0.00
6082	0.00
6083	0.00
6084	0.00
6085	0.00
6086	0.00
6087	0.00
6088	0.00
6089	0.00
6090	0.00
6091	0.00
6092	0.00
6093	0.00
6094	0.00
6095	0.00
6096	0.00
6097	0.00
6098	0.00
6099	0.00
6100	0.00
6101	0.00
6102	0.00
6103	0.00
6104	0.00
6105	0.00
6106	0.00
6107	0.00
6108	0.00
6109	0.00
6110	0.00
6111	0.00
6112	0.00
6113	0.00
6114	0.00
6115	0.00
6116	0.00
6117	0.00
6118	0.00
6119	0.38
6120	0.38
6121	0.36
6122	0.28
6123	0.36
6124	0.33
6125	0.38
6126	0.38
6127	0.38
6128	0.38
6129	0.38
6130	0.38
6131	0.38
6132	0.38
6133	0.36
6134	0.36
6135	0.36
6136	0.36
6137	0.36
6138	0.41
6139	0.41
6140	0.41
6141	0.41
6142	0.41
6143	0.41
6144	0.41
6145	0.41
6146	0.43
6147	0.43
6148	0.41
6149	0.41
6150	0.41
6151	0.41
6152	0.41
6153	0.41
6154	0.41
6155	0.41
6156	0.41
6157	0.41
6158	0.41
6159	0.41
6160	0.41
6161	0.41
6162	0.41
6163	0.43
6164	0.43
6165	0.43
6166	0.46
6167	0.46
6168	0.46
6169	0.43
6170	0.41
6171	0.46
6172	0.38
6173	0.38
6174	0.38
6175	0.38
6176	0.36
6177	0.36
6178	0.36
6179	0.36
6180	0.36
6181	0.36
6182	0.36
6183	0.36
6184	0.36
6185	0.36
6186	0.33
6187	0.36
6188	0.36
6189	0.36
6190	0.38
6191	0.38
6192	0.38
6193	0.41
6194	0.41
6195	0.41
6196	0.41
6197	0.41
6198	0.41
6199	0.46
6200	0.46
6201	0.46
6202	0.46
6203	0.46
6204	0.46
6205	0.50
6206	0.43
6207	0.43
6208	0.43
6209	0.43
6210	0.41
6211	0.41
6212	0.41
6213	0.41
6214	0.41
6215	0.41
6216	0.41
6217	0.41
6218	0.41
6219	0.38
6220	0.41
6221	0.41
6222	0.43
6223	0.43
6224	0.48
6225	0.48
6226	0.50
6227	0.48
6228	0.48
6229	0.46
6230	0.43
6231	0.41
6232	0.41
6233	0.48
6234	0.46
6235	0.46
6236	0.43
6237	0.41
6238	0.41
6239	0.41
6240	0.41
6241	0.41
6242	0.41
6243	0.41
6244	0.41
6245	0.41
6246	0.41
6247	0.41
6248	0.41
6249	0.41
6250	0.41
6251	0.46
6252	0.46
6253	0.46
6254	0.41
6255	0.41
6256	0.41
6257	0.41
6258	0.41
6259	0.41
6260	0.41
6261	0.41
6262	0.41
6263	0.41
6264	0.48
6265	0.38
6266	0.41
6267	0.41
6268	0.41
6269	0.41
6270	0.41
6271	0.41
6272	0.41
6273	0.41
6274	0.41
6275	0.41
6276	0.41
6277	0.41
6278	0.41
6279	0.41
6280	0.41
6281	0.41
6282	0.41
6283	0.41
6284	0.41
6285	0.38
6286	0.41
6287	0.41
6288	0.43
6289	0.41
6290	0.43
6291	0.41
6292	0.41
6293	0.43
6294	0.43
6295	0.43
6296	0.43
6297	0.43
6298	0.43
6299	0.46
6300	0.46
6301	0.46
6302	0.46
6303	0.50
6304	0.50
6305	0.50
6306	0.50
6307	0.50
6308	0.50
6309	0.50
6310	0.50
6311	0.50
6312	0.50
6313	0.50
6314	0.50
6315	0.50
6316	0.50
6317	0.50
6318	0.50
6319	0.50
6320	0.50
6321	0.50
6322	0.50
6323	0.50
6324	0.50
6325	0.50
6326	0.50
6327	0.50
6328	0.00
6329	0.00
6330	0.00
6331	0.00
6332	0.00
6333	0.00
6334	0.00
6335	0.00
6336	0.00
6337	0.00
6338	0.00
6339	0.00
6340	0.00
6341	0.00
6342	0.00
6343	0.00
6344	0.00
6345	0.00
6346	0.00
6347	0.00
6348	0.00
6349	0.00
6350	0.00
6351	0.00
6352	0.00
6353	0.00
6354	0.00
6355	0.00
6356	0.00
6357	0.00
6358	0.00
6359	0.00
6360	0.00
6361	0.00
6362	0.00
6363	0.00
6364	0.00
6365	0.00
6366	0.00
6367	0.00
6368	0.00
6369	0.00
6370	0.00
6371	0.00
6372	0.00
6373	0.00
6374	0.00
6375	0.00
6376	0.00
6377	0.00
6378	0.00
6379	0.00
6380	0.00
6381	0.00
6382	0.00
6383	0.00
6384	0.00
6385	0.00
6386	0.00
6387	0.00
6388	0.00
6389	0.00
6390	0.00
6391	0.00
6392	0.00
6393	0.00
6394	0.00
6395	0.00
6396	0.00
6397	0.00
6398	0.00
6399	0.00
6400	0.00
6401	0.00
6402	0.00
6403	0.00
6404	0.00
6405	0.00
6406	0.00
6407	0.00
6408	0.00
6409	0.00
6410	0.00
6411	0.00
6412	0.00
6413	0.00
6414	0.00
6415	0.00
6416	0.00
6417	0.00
6418	0.00
6419	0.00
6420	0.00
6421	0.00
6422	0.00
6423	0.00
6424	0.00
6425	0.00
6426	0.00
6427	0.00
6428	0.00
6429	0.00
6430	0.00
6431	0.00
6432	0.00
6433	0.00
6434	0.00
6435	0.00
6436	0.00
6437	0.00
6438	0.00
6439	0.00
6440	0.00
6441	0.00
6442	0.00
6443	0.00
6444	0.00
6445	0.00
6446	0.00
6447	0.00
6448	0.00
6449	0.00
6450	0.00
6451	0.00
6452	0.00
6453	0.00
6454	0.00
6455	0.00
6456	0.00
6457	0.00
6458	0.00
6459	0.00
6460	0.00
6461	0.00
6462	0.00
6463	0.00
6464	0.00
6465	0.00
6466	0.00
6467	0.00
6468	0.00
6469	0.00
6470	0.00
6471	0.00
6472	0.00
6473	0.00
6474	0.00
6475	0.00
6476	0.00
6477	0.00
6478	0.00
6479	0.00
6480	0.00
6481	0.00
6482	0.00
6483	0.00
6484	0.38
6485	0.38
6486	0.36
6487	0.28
6488	0.36
6489	0.33
6490	0.38
6491	0.38
6492	0.38
6493	0.38
6494	0.38
6495	0.38
6496	0.38
6497	0.38
6498	0.36
6499	0.36
6500	0.36
6501	0.36
6502	0.36
6503	0.41
6504	0.41
6505	0.41
6506	0.41
6507	0.41
6508	0.41
6509	0.41
6510	0.41
6511	0.43
6512	0.43
6513	0.41
6514	0.41
6515	0.41
6516	0.41
6517	0.41
6518	0.41
6519	0.41
6520	0.41
6521	0.41
6522	0.41
6523	0.41
6524	0.41
6525	0.41
6526	0.41
6527	0.41
6528	0.43
6529	0.43
6530	0.43
6531	0.46
6532	0.46
6533	0.46
6534	0.43
6535	0.41
6536	0.46
6537	0.38
6538	0.38
6539	0.38
6540	0.38
6541	0.36
6542	0.36
6543	0.36
6544	0.36
6545	0.36
6546	0.36
6547	0.36
6548	0.36
6549	0.36
6550	0.36
6551	0.33
6552	0.36
6553	0.36
6554	0.36
6555	0.38
6556	0.38
6557	0.38
6558	0.41
6559	0.41
6560	0.41
6561	0.41
6562	0.41
6563	0.41
6564	0.46
6565	0.46
6566	0.46
6567	0.46
6568	0.46
6569	0.46
6570	0.50
6571	0.43
6572	0.43
6573	0.43
6574	0.43
6575	0.41
6576	0.41
6577	0.41
6578	0.41
6579	0.41
6580	0.41
6581	0.41
6582	0.41
6583	0.41
6584	0.38
6585	0.41
6586	0.41
6587	0.43
6588	0.43
6589	0.48
6590	0.48
6591	0.50
6592	0.48
6593	0.48
6594	0.46
6595	0.43
6596	0.41
6597	0.41
6598	0.48
6599	0.46
6600	0.46
6601	0.43
6602	0.41
6603	0.41
6604	0.41
6605	0.41
6606	0.41
6607	0.41
6608	0.41
6609	0.41
6610	0.41
6611	0.41
6612	0.41
6613	0.41
6614	0.41
6615	0.41
6616	0.46
6617	0.46
6618	0.46
6619	0.41
6620	0.41
6621	0.41
6622	0.41
6623	0.41
6624	0.41
6625	0.41
6626	0.41
6627	0.41
6628	0.41
6629	0.48
6630	0.38
6631	0.41
6632	0.41
6633	0.41
6634	0.41
6635	0.41
6636	0.41
6637	0.41
6638	0.41
6639	0.41
6640	0.41
6641	0.41
6642	0.41
6643	0.41
6644	0.41
6645	0.41
6646	0.41
6647	0.41
6648	0.41
6649	0.41
6650	0.38
6651	0.41
6652	0.41
6653	0.43
6654	0.41
6655	0.43
6656	0.41
6657	0.41
6658	0.43
6659	0.43
6660	0.43
6661	0.43
6662	0.43
6663	0.43
6664	0.46
6665	0.46
6666	0.46
6667	0.46
6668	0.50
6669	0.50
6670	0.50
6671	0.50
6672	0.50
6673	0.50
6674	0.50
6675	0.50
6676	0.50
6677	0.50
6678	0.50
6679	0.50
6680	0.50
6681	0.50
6682	0.50
6683	0.50
6684	0.50
6685	0.50
6686	0.50
6687	0.50
6688	0.50
6689	0.50
6690	0.50
6691	0.50
6692	0.50
6693	0.00
6694	0.00
6695	0.00
6696	0.00
6697	0.00
6698	0.00
6699	0.00
6700	0.00
6701	0.00
6702	0.00
6703	0.00
6704	0.00
6705	0.00
6706	0.00
6707	0.00
6708	0.00
6709	0.00
6710	0.00
6711	0.00
6712	0.00
6713	0.00
6714	0.00
6715	0.00
6716	0.00
6717	0.00
6718	0.00
6719	0.00
6720	0.00
6721	0.00
6722	0.00
6723	0.00
6724	0.00
6725	0.00
6726	0.00
6727	0.00
6728	0.00
6729	0.00
6730	0.00
6731	0.00
6732	0.00
6733	0.00
6734	0.00
6735	0.00
6736	0.00
6737	0.00
6738	0.00
6739	0.00
6740	0.00
6741	0.00
6742	0.00
6743	0.00
6744	0.00
6745	0.00
6746	0.00
6747	0.00
6748	0.00
6749	0.00
6750	0.00
6751	0.00
6752	0.00
6753	0.00
6754	0.00
6755	0.00
6756	0.00
6757	0.00
6758	0.00
6759	0.00
6760	0.00
6761	0.00
6762	0.00
6763	0.00
6764	0.00
6765	0.00
6766	0.00
6767	0.00
6768	0.00
6769	0.00
6770	0.00
6771	0.00
6772	0.00
6773	0.00
6774	0.00
6775	0.00
6776	0.00
6777	0.00
6778	0.00
6779	0.00
6780	0.00
6781	0.00
6782	0.00
6783	0.00
6784	0.00
6785	0.00
6786	0.00
6787	0.00
6788	0.00
6789	0.00
6790	0.00
6791	0.00
6792	0.00
6793	0.00
6794	0.00
6795	0.00
6796	0.00
6797	0.00
6798	0.00
6799	0.00
6800	0.00
6801	0.00
6802	0.00
6803	0.00
6804	0.00
6805	0.00
6806	0.00
6807	0.00
6808	0.00
6809	0.00
6810	0.00
6811	0.00
6812	0.00
6813	0.00
6814	0.00
6815	0.00
6816	0.00
6817	0.00
6818	0.00
6819	0.00
6820	0.00
6821	0.00
6822	0.00
6823	0.00
6824	0.00
6825	0.00
6826	0.00
6827	0.00
6828	0.00
6829	0.00
6830	0.00
6831	0.00
6832	0.00
6833	0.00
6834	0.00
6835	0.00
6836	0.00
6837	0.00
6838	0.00
6839	0.00
6840	0.00
6841	0.00
6842	0.00
6843	0.00
6844	0.00
6845	0.00
6846	0.00
6847	0.00
6848	0.00
6849	0.38
6850	0.38
6851	0.36
6852	0.28
6853	0.36
6854	0.33
6855	0.38
6856	0.38
6857	0.38
6858	0.38
6859	0.38
6860	0.38
6861	0.38
6862	0.38
6863	0.36
6864	0.36
6865	0.36
6866	0.36
6867	0.36
6868	0.41
6869	0.41
6870	0.41
6871	0.41
6872	0.41
6873	0.41
6874	0.41
6875	0.41
6876	0.43
6877	0.43
6878	0.41
6879	0.41
6880	0.41
6881	0.41
6882	0.41
6883	0.41
6884	0.41
6885	0.41
6886	0.41
6887	0.41
6888	0.41
6889	0.41
6890	0.41
6891	0.41
6892	0.41
6893	0.43
6894	0.43
6895	0.43
6896	0.46
6897	0.46
6898	0.46
6899	0.43
6900	0.41
6901	0.46
6902	0.38
6903	0.38
6904	0.38
6905	0.38
6906	0.36
6907	0.36
6908	0.36
6909	0.36
6910	0.36
6911	0.36
6912	0.36
6913	0.36
6914	0.36
6915	0.36
6916	0.33
6917	0.36
6918	0.36
6919	0.36
6920	0.38
6921	0.38
6922	0.38
6923	0.41
6924	0.41
6925	0.41
6926	0.41
6927	0.41
6928	0.41
6929	0.46
6930	0.46
6931	0.46
6932	0.46
6933	0.46
6934	0.46
6935	0.50
6936	0.43
6937	0.43
6938	0.43
6939	0.43
6940	0.41
6941	0.41
6942	0.41
6943	0.41
6944	0.41
6945	0.41
6946	0.41
6947	0.41
6948	0.41
6949	0.38
6950	0.41
6951	0.41
6952	0.43
6953	0.43
6954	0.48
6955	0.48
6956	0.50
6957	0.48
6958	0.48
6959	0.46
6960	0.43
6961	0.41
6962	0.41
6963	0.48
6964	0.46
6965	0.46
6966	0.43
6967	0.41
6968	0.41
6969	0.41
6970	0.41
6971	0.41
6972	0.41
6973	0.41
6974	0.41
6975	0.41
6976	0.41
6977	0.41
6978	0.41
6979	0.41
6980	0.41
6981	0.46
6982	0.46
6983	0.46
6984	0.41
6985	0.41
6986	0.41
6987	0.41
6988	0.41
6989	0.41
6990	0.41
6991	0.41
6992	0.41
6993	0.41
6994	0.48
6995	0.38
6996	0.41
6997	0.41
6998	0.41
6999	0.41
7000	0.41
7001	0.41
7002	0.41
7003	0.41
7004	0.41
7005	0.41
7006	0.41
7007	0.41
7008	0.41
7009	0.41
7010	0.41
7011	0.41
7012	0.41
7013	0.41
7014	0.41
7015	0.38
7016	0.41
7017	0.41
7018	0.43
7019	0.41
7020	0.43
7021	0.41
7022	0.41
7023	0.43
7024	0.43
7025	0.43
7026	0.43
7027	0.43
7028	0.43
7029	0.46
7030	0.46
7031	0.46
7032	0.46
7033	0.50
7034	0.50
7035	0.50
7036	0.50
7037	0.50
7038	0.50
7039	0.50
7040	0.50
7041	0.50
7042	0.50
7043	0.50
7044	0.50
7045	0.50
7046	0.50
7047	0.50
7048	0.50
7049	0.50
7050	0.50
7051	0.50
7052	0.50
7053	0.50
7054	0.50
7055	0.50
7056	0.50
7057	0.50
7058	0.00
7059	0.00
7060	0.00
7061	0.00
7062	0.00
7063	0.00
7064	0.00
7065	0.00
7066	0.00
7067	0.00
7068	0.00
7069	0.00
7070	0.00
7071	0.00
7072	0.00
7073	0.00
7074	0.00
7075	0.00
7076	0.00
7077	0.00
7078	0.00
7079	0.00
7080	0.00
7081	0.00
7082	0.00
7083	0.00
7084	0.00
7085	0.00
7086	0.00
7087	0.00
7088	0.00
7089	0.00
7090	0.00
7091	0.00
7092	0.00
7093	0.00
7094	0.00
7095	0.00
7096	0.00
7097	0.00
7098	0.00
7099	0.00
7100	0.00
7101	0.00
7102	0.00
7103	0.00
7104	0.00
7105	0.00
7106	0.00
7107	0.00
7108	0.00
7109	0.00
7110	0.00
7111	0.00
7112	0.00
7113	0.00
7114	0.00
7115	0.00
7116	0.00
7117	0.00
7118	0.00
7119	0.00
7120	0.00
7121	0.00
7122	0.00
7123	0.00
7124	0.00
7125	0.00
7126	0.00
7127	0.00
7128	0.00
7129	0.00
7130	0.00
7131	0.00
7132	0.00
7133	0.00
7134	0.00
7135	0.00
7136	0.00
7137	0.00
7138	0.00
7139	0.00
7140	0.00
7141	0.00
7142	0.00
7143	0.00
7144	0.00
7145	0.00
7146	0.00
7147	0.00
7148	0.00
7149	0.00
7150	0.00
7151	0.00
7152	0.00
7153	0.00
7154	0.00
7155	0.00
7156	0.00
7157	0.00
7158	0.00
7159	0.00
7160	0.00
7161	0.00
7162	0.00
7163	0.00
7164	0.00
7165	0.00
7166	0.00
7167	0.00
7168	0.00
7169	0.00
7170	0.00
7171	0.00
7172	0.00
7173	0.00
7174	0.00
7175	0.00
7176	0.00
7177	0.00
7178	0.00
7179	0.00
7180	0.00
7181	0.00
7182	0.00
7183	0.00
7184	0.00
7185	0.00
7186	0.00
7187	0.00
7188	0.00
7189	0.00
7190	0.00
7191	0.00
7192	0.00
7193	0.00
7194	0.00
7195	0.00
7196	0.00
7197	0.00
7198	0.00
7199	0.00
7200	0.00
7201	0.00
7202	0.00
7203	0.00
7204	0.00
7205	0.00
7206	0.00
7207	0.00
7208	0.00
7209	0.00
7210	0.00
7211	0.00
7212	0.00
7213	0.00
7214	0.38
7215	0.38
7216	0.36
7217	0.28
7218	0.36
7219	0.33
7220	0.38
7221	0.38
7222	0.38
7223	0.38
7224	0.38
7225	0.38
7226	0.38
7227	0.38
7228	0.36
7229	0.36
7230	0.36
7231	0.36
7232	0.36
7233	0.41
7234	0.41
7235	0.41
7236	0.41
7237	0.41
7238	0.41
7239	0.41
7240	0.41
7241	0.43
7242	0.43
7243	0.41
7244	0.41
7245	0.41
7246	0.41
7247	0.41
7248	0.41
7249	0.41
7250	0.41
7251	0.41
7252	0.41
7253	0.41
7254	0.41
7255	0.41
7256	0.41
7257	0.41
7258	0.43
7259	0.43
7260	0.43
7261	0.46
7262	0.46
7263	0.46
7264	0.43
7265	0.41
7266	0.46
7267	0.38
7268	0.38
7269	0.38
7270	0.38
7271	0.36
7272	0.36
7273	0.36
7274	0.36
7275	0.36
7276	0.36
7277	0.36
7278	0.36
7279	0.36
7280	0.36
7281	0.33
7282	0.36
7283	0.36
7284	0.36
7285	0.38
7286	0.38
7287	0.38
7288	0.41
7289	0.41
7290	0.41
7291	0.41
7292	0.41
7293	0.41
7294	0.46
7295	0.46
7296	0.46
7297	0.46
7298	0.46
7299	0.46
7300	0.50