1020
1	-23.24598
2	-23.161123
3	-18.84401
4	-10.573223
5	-0.50804216
6	6.766937
7	9.06632
8	6.6778493
9	0.50686467
10	-7.588207
11	-15.701402
12	-21.115665
13	-23.65132
14	-23.14903
15	-18.914618
16	-10.761528
17	-0.6031423
18	6.639084
19	9.319068
20	6.638624
21	0.39249182
22	-7.6923256
23	-15.135474
24	-20.496534
25	-23.375086
26	-22.811321
27	-18.50021
28	-10.140644
29	-0.76438034
30	6.6225395
31	8.98067
32	6.760608
33	0.7652419
34	-7.0918355
35	-14.722139
36	-20.498957
37	-23.107183
38	-22.645212
39	-18.235497
40	-10.070227
41	-0.546674
42	6.971957
43	9.45235
44	7.07036
45	0.8724054
46	-7.1101027
47	-14.72707
48	-20.554773
49	-23.539284
50	-23.418486
51	-18.6223
52	-10.102319
53	0.001675347
54	7.024031
55	9.315449
56	6.8144627
57	0.82329005
58	-6.9496207
59	-14.766516
60	-20.352577
61	-23.664303
62	-23.315928
63	-19.165882
64	-10.437184
65	-0.4583523
66	6.9749637
67	9.46222
68	6.7944717
69	1.0369179
70	-6.6881986
71	-14.594353
72	-20.629854
73	-23.500679
74	-22.535816
75	-17.756002
76	-9.356761
77	0.17574303
78	7.266592
79	9.668792
80	7.227424
81	1.4422009
82	-6.4211855
83	-14.24191
84	-20.129663
85	-22.982355
86	-22.74953
87	-18.364803
88	-10.079455
89	-0.13069658
90	7.4224305
91	9.742695
92	7.1956096
93	0.7605987
94	-7.199525
95	-14.558575
96	-19.887388
97	-22.71245
98	-22.620108
99	-18.28508
100	-9.8331995
101	0.023638686
102	7.215581
103	9.32644
104	6.7714076
105	0.73551434
106	-6.8324714
107	-14.385655
108	-20.306717
109	-23.848516
110	-23.836214
111	-19.21491
112	-10.263309
113	-0.002422214
114	7.388787
115	9.796951
116	7.070686
117	1.0148495
118	-6.9120617
119	-14.445868
120	-20.175446
121	-22.877977
122	-22.312634
123	-17.920525
124	-9.902621
125	-0.2808767
126	7.066789
127	9.621046
128	7.013404
129	1.0657552
130	-6.859844
131	-14.352118
132	-19.869226
133	-22.760168
134	-22.522749
135	-18.746017
136	-10.546493
137	-0.89013666
138	6.7662854
139	9.294903
140	6.6562886
141	0.7284296
142	-6.8645926
143	-13.954801
144	-19.612917
145	-22.241613
146	-22.149836
147	-17.555931
148	-9.586646
149	0.13974409
150	7.1729665
151	9.613042
152	7.32825
153	1.4030523
154	-6.3808117
155	-14.181354
156	-19.623287
157	-22.839394
158	-21.798101
159	-17.448587
160	-8.769752
161	0.50063175
162	7.523246
163	9.612381
164	6.837632
165	0.88058156
166	-6.8420362
167	-14.314262
168	-20.195984
169	-23.14747
170	-22.591375
171	-18.018536
172	-9.754241
173	-0.19223915
174	7.138251
175	9.622185
176	7.00045
177	0.9239144
178	-6.958458
179	-14.422622
180	-20.056114
181	-22.880352
182	-22.474838
183	-17.853468
184	-9.801049
185	-0.15955295
186	6.695102
187	9.39726
188	6.818752
189	1.0632948
190	-6.667069
191	-13.9988985
192	-19.996218
193	-22.867485
194	-23.128706
195	-18.15939
196	-9.889571
197	0.43896505
198	7.502652
199	9.970129
200	7.265472
201	1.4419711
202	-6.3889303
203	-13.563754
204	-19.38468
205	-22.259497
206	-22.48018
207	-18.107939
208	-9.971689
209	0.11825033
210	7.4955
211	9.895086
212	7.1573224
213	1.0266448
214	-6.3780923
215	-13.548378
216	-19.097427
217	-22.10522
218	-21.955011
219	-17.407207
220	-9.550935
221	0.21628925
222	7.2141924
223	9.857384
224	7.0476985
225	1.0667127
226	-6.8010974
227	-14.260522
228	-20.125977
229	-22.716309
230	-22.246468
231	-17.707088
232	-9.508004
233	0.21406822
234	7.549326
235	9.909774
236	7.418888
237	1.4110277
238	-6.384708
239	-13.673273
240	-19.14005
241	-21.893133
242	-22.089489
243	-17.878637
244	-9.775725
245	0.17466109
246	7.324726
247	9.729339
248	7.323817
249	1.3922621
250	-6.3331614
251	-13.77767
252	-19.165594
253	-21.835852
254	-21.372892
255	-16.955069
256	-9.013643
257	0.33079633
258	7.298053
259	9.791409
260	7.3923006
261	1.7709005
262	-5.7898855
263	-12.944489
264	-18.788315
265	-21.571194
266	-21.36557
267	-16.910511
268	-8.866565
269	0.58382183
270	7.785673
271	10.366585
272	8.093376
273	2.1989987
274	-5.4158335
275	-13.026607
276	-18.579819
277	-21.559954
278	-21.361567
279	-17.285683
280	-9.2844095
281	0.51137435
282	7.8768864
283	10.404747
284	7.547919
285	1.6049709
286	-6.054745
287	-13.487171
288	-19.409409
289	-22.308277
290	-21.710804
291	-17.13735
292	-9.084463
293	0.34538713
294	7.6570735
295	9.901491
296	7.8118296
297	1.8971736
298	-5.54226
299	-12.627968
300	-18.102194
301	-21.03011
302	-21.229156
303	-16.980421
304	-8.748104
305	0.7747873
306	7.595789
307	9.825233
308	7.3674936
309	1.8645931
310	-5.772662
311	-13.084626
312	-18.497042
313	-21.416504
314	-21.076536
315	-16.894215
316	-8.658978
317	0.60453993
318	7.584061
319	9.823022
320	7.5166783
321	1.6795728
322	-5.6811237
323	-12.999569
324	-18.431114
325	-21.31522
326	-20.89659
327	-16.827925
328	-8.934551
329	0.42144397
330	7.6495957
331	10.254041
332	7.970646
333	2.1231236
334	-5.424843
335	-12.810125
336	-18.272787
337	-21.117542
338	-20.706371
339	-16.325607
340	-8.12883
341	1.288124
342	8.246755
343	10.261882
344	7.9152594
345	2.0629597
346	-5.0777607
347	-12.591347
348	-18.125298
349	-21.441177
350	-21.134106
351	-16.82776
352	-8.666322
353	0.83256745
354	7.891535
355	10.169023
356	7.9383907
357	2.0538166
358	-5.1213136
359	-12.33924
360	-17.789675
361	-20.76979
362	-20.530857
363	-16.129816
364	-8.272288
365	1.0388613
366	7.9611096
367	10.437988
368	7.883464
369	2.0865407
370	-5.32981
371	-12.938486
372	-18.774836
373	-21.944748
374	-21.256683
375	-16.716087
376	-8.834311
377	0.31113097
378	7.194068
379	9.742944
380	7.7495117
381	2.4041724
382	-4.7337046
383	-12.144129
384	-17.528568
385	-20.515022
386	-20.243383
387	-16.08928
388	-8.040402
389	1.4874579
390	8.476333
391	10.586302
392	7.9459925
393	1.9518803
394	-5.7339535
395	-13.007478
396	-18.340132
397	-20.957481
398	-20.559006
399	-16.35115
400	-8.106924
401	1.3338119
402	8.524769
403	10.777938
404	8.310691
405	2.0680149
406	-5.645335
407	-13.171569
408	-18.457386
409	-21.555368
410	-20.947735
411	-17.000748
412	-8.706246
413	0.58448213
414	7.8292546
415	10.238855
416	7.9488072
417	2.2616901
418	-5.1777153
419	-12.156221
420	-17.606627
421	-20.856445
422	-21.063686
423	-17.25942
424	-9.105823
425	0.2951419
426	7.588226
427	10.018258
428	7.6345644
429	1.7432884
430	-5.6578197
431	-12.981751
432	-18.32643
433	-21.25448
434	-20.906595
435	-16.339193
436	-8.040594
437	1.6192076
438	8.661564
439	10.749924
440	8.0390625
441	2.052342
442	-5.340102
443	-12.343635
444	-17.645355
445	-20.464987
446	-20.198702
447	-16.090744
448	-8.286975
449	1.0696326
450	8.081313
451	10.498938
452	7.8764267
453	1.8413469
454	-5.3771734
455	-12.259344
456	-17.339
457	-20.327837
458	-20.52831
459	-16.613894
460	-8.768526
461	0.8617589
462	8.083678
463	10.456887
464	7.899567
465	2.1807024
466	-5.043524
467	-12.314156
468	-18.100624
469	-21.104397
470	-20.455729
471	-16.007172
472	-8.086359
473	1.1486385
474	8.332529
475	10.651109
476	8.180818
477	2.364143
478	-4.6694527
479	-11.718099
480	-17.55847
481	-20.687452
482	-20.627422
483	-16.007898
484	-8.253121
485	1.1743739
486	8.083927
487	10.747568
488	8.245567
489	2.364459
490	-4.953307
491	-11.8584175
492	-17.126944
493	-20.225855
494	-20.289236
495	-15.947256
496	-7.9787455
497	1.5967562
498	8.767071
499	11.277306
500	8.756089
501	2.720033
502	-4.651367
503	-11.353295
504	-16.721794
505	-19.513634
506	-19.627184
507	-15.234892
508	-7.5798774
509	1.6410749
510	8.282552
511	10.707865
512	8.363272
513	2.6293373
514	-4.9293528
515	-11.924508
516	-17.00761
517	-20.111624
518	-20.48157
519	-16.541533
520	-8.287406
521	1.5200676
522	8.445476
523	10.791762
524	8.320953
525	2.8564262
526	-4.5240984
527	-11.533539
528	-16.915854
529	-19.653196
530	-19.393421
531	-15.378811
532	-7.603717
533	1.469267
534	8.080107
535	10.316281
536	8.227079
537	2.7470415
538	-4.515931
539	-12.028894
540	-17.080002
541	-19.785442
542	-19.48943
543	-16.068607
544	-8.262667
545	1.1933113
546	8.695293
547	11.081093
548	8.637724
549	2.7112343
550	-4.938984
551	-11.994447
552	-17.82446
553	-20.92157
554	-21.173695
555	-16.68099
556	-8.40267
557	1.4340532
558	8.456744
559	10.556583
560	8.229655
561	2.7530158
562	-4.546224
563	-11.653847
564	-17.370396
565	-20.08948
566	-19.978601
567	-15.596125
568	-7.763988
569	1.4844037
570	8.523352
571	10.847398
572	8.353171
573	2.6103132
574	-4.743298
575	-11.498611
576	-16.71068
577	-19.758484
578	-19.943867
579	-16.137829
580	-8.162052
581	1.2848883
582	8.313573
583	10.746736
584	8.201354
585	2.5211303
586	-4.728908
587	-11.23044
588	-16.613972
589	-19.534966
590	-19.500517
591	-15.732135
592	-7.6585956
593	1.3542817
594	8.595722
595	10.968348
596	8.573003
597	3.053146
598	-4.470349
599	-11.032954
600	-16.645317
601	-19.594812
602	-19.883501
603	-15.195619
604	-7.1777244
605	2.096249
606	8.574688
607	10.896877
608	8.482785
609	2.739143
610	-4.8068323
611	-11.888309
612	-17.111568
613	-19.884201
614	-19.658443
615	-15.6956
616	-7.8063345
617	1.5440793
618	8.565267
619	10.887331
620	8.502403
621	2.9406786
622	-4.146226
623	-10.9947815
624	-16.415863
625	-19.142797
626	-19.438553
627	-15.4483385
628	-7.9172606
629	1.6778493
630	8.684982
631	11.266478
632	8.674728
633	2.7703545
634	-4.566282
635	-11.541169
636	-16.64769
637	-19.835487
638	-19.707031
639	-15.743537
640	-7.7864866
641	1.4524549
642	8.613568
643	10.947984
644	8.568445
645	2.7582815
646	-4.312653
647	-10.804496
648	-16.050503
649	-18.977701
650	-19.354723
651	-15.363378
652	-7.783299
653	1.4980949
654	8.437059
655	11.003811
656	8.88624
657	3.3450425
658	-4.0743527
659	-11.339565
660	-16.688889
661	-19.778185
662	-19.625555
663	-15.654077
664	-7.5301585
665	1.8462967
666	8.852711
667	11.243259
668	8.711665
669	3.0611691
670	-4.4900236
671	-11.313285
672	-16.767252
673	-19.186045
674	-19.005016
675	-14.784075
676	-7.19942
677	1.964068
678	8.904728
679	11.20458
680	8.684302
681	2.9228325
682	-3.8726735
683	-10.415613
684	-15.249445
685	-18.339958
686	-18.503716
687	-14.916599
688	-7.4130573
689	2.1212661
690	9.18006
691	11.659486
692	8.817316
693	3.154048
694	-3.834626
695	-10.30802
696	-15.904527
697	-19.13358
698	-19.631395
699	-15.316952
700	-7.573137
701	1.6117111
702	8.288076
703	10.92873
704	8.693943
705	3.2405214
706	-4.0882926
707	-10.869399
708	-16.096115
709	-18.571787
710	-19.140377
711	-15.557205
712	-8.497644
713	1.2851659
714	8.497904
715	11.0671625
716	8.791179
717	3.1320562
718	-4.276942
719	-11.251656
720	-16.53796
721	-19.423962
722	-19.124271
723	-15.205777
724	-7.254404
725	1.8061138
726	9.282073
727	11.67694
728	9.300599
729	3.1604435
730	-4.1941347
731	-11.270259
732	-16.431238
733	-19.221382
734	-18.648083
735	-14.692077
736	-7.140759
737	1.4779223
738	8.5078125
739	11.101802
740	8.78733
741	2.9367435
742	-4.4044213
743	-10.790786
744	-15.747951
745	-18.797966
746	-19.097359
747	-15.533988
748	-7.5461855
749	1.6698836
750	8.818522
751	11.301193
752	8.935786
753	3.3710651
754	-4.190899
755	-11.045535
756	-16.07421
757	-18.621305
758	-18.840868
759	-15.287196
760	-7.7174006
761	1.7743852
762	8.968482
763	11.256204
764	8.79721
765	2.978401
766	-4.077273
767	-10.869572
768	-15.798197
769	-18.590706
770	-18.717535
771	-15.035521
772	-7.32576
773	2.126015
774	9.077502
775	11.49393
776	9.036114
777	3.3148265
778	-4.2856255
779	-11.216012
780	-16.745834
781	-19.816168
782	-19.674719
783	-15.456429
784	-7.2986946
785	1.857709
786	8.9566765
787	11.338101
788	9.053922
789	3.2704601
790	-3.9895163
791	-10.751982
792	-15.619036
793	-18.011623
794	-18.206228
795	-14.744189
796	-7.589777
797	1.8076364
798	9.172114
799	11.818542
800	9.336014
801	3.6984339
802	-3.60184
803	-10.44785
804	-16.217438
805	-18.943245
806	-18.87996
807	-14.598728
808	-7.082146
809	2.1522481
810	9.323147
811	11.737783
812	9.34262
813	3.3146544
814	-3.92671
815	-10.59937
816	-15.707922
817	-18.392712
818	-18.499636
819	-14.509459
820	-6.98314
821	2.1401272
822	8.980765
823	11.444738
824	9.049814
825	3.2520487
826	-4.037569
827	-10.959415
828	-15.797105
829	-18.891008
830	-18.92309
831	-15.052303
832	-6.952292
833	2.474504
834	9.471995
835	11.871343
836	9.62454
837	3.9786592
838	-3.2520201
839	-10.139189
840	-15.400123
841	-18.579054
842	-18.682043
843	-14.962786
844	-7.258425
845	1.8797487
846	9.075808
847	11.737189
848	9.285079
849	3.4186006
850	-4.0691156
851	-10.843108
852	-16.175617
853	-18.597532
854	-18.432798
855	-14.274194
856	-6.940152
857	2.1086667
858	9.11915
859	11.508924
860	9.4175
861	3.7497318
862	-3.2209427
863	-10.44649
864	-15.487247
865	-18.433622
866	-18.271734
867	-14.756922
868	-7.1392846
869	2.19829
870	9.296119
871	11.483657
872	8.873449
873	3.194805
874	-3.6831915
875	-10.14524
876	-15.239976
877	-17.85724
878	-17.862774
879	-13.77945
880	-6.582548
881	2.5402787
882	9.574382
883	12.237123
884	9.653406
885	3.704724
886	-3.6757143
887	-10.006329
888	-15.33768
889	-18.097685
890	-18.357986
891	-14.452282
892	-6.9195294
893	2.1172545
894	9.353123
895	11.783539
896	9.379299
897	3.5546687
898	-3.6249137
899	-9.923838
900	-14.727491
901	-17.443407
902	-18.179323
903	-14.539866
904	-6.8711033
905	2.6893096
906	9.711952
907	11.725567
908	9.126091
909	3.4311333
910	-3.2921169
911	-9.578642
912	-14.788354
913	-17.674538
914	-17.892138
915	-13.949717
916	-6.3624864
917	2.5935874
918	9.419223
919	11.636173
920	9.250317
921	3.5450847
922	-3.4962468
923	-9.8600645
924	-14.977281
925	-17.976093
926	-18.52048
927	-14.6712055
928	-6.941684
929	2.456112
930	9.504366
931	11.914752
932	9.259976
933	3.4117649
934	-3.6820714
935	-9.977568
936	-15.029785
937	-17.95414
938	-18.215887
939	-14.544721
940	-7.1049323
941	2.094832
942	9.327608
943	11.83949
944	9.340035
945	3.3519454
946	-3.9097733
947	-10.257171
948	-15.389983
949	-17.669817
950	-17.824228
951	-13.777258
952	-6.5244527
953	2.40153
954	9.498056
955	11.800494
956	9.39433
957	3.690353
958	-3.3759286
959	-9.702129
960	-15.160539
961	-18.03033
962	-18.137753
963	-13.932511
964	-6.274079
965	2.7449257
966	9.4369545
967	11.656853
968	8.992647
969	3.4724457
970	-3.7506318
971	-10.198185
972	-15.489516
973	-18.2401
974	-18.33817
975	-14.397098
976	-6.58296
977	2.430626
978	9.491834
979	11.899692
980	9.625737
981	3.9159389
982	-3.1174746
983	-9.787923
984	-14.707691
985	-17.739555
986	-17.555511
987	-13.680109
988	-6.2279124
989	2.5947075
990	9.336397
991	11.90062
992	9.528463
993	3.6794865
994	-3.5407093
995	-10.367657
996	-15.131463
997	-18.106676
998	-18.245615
999	-14.711617
1000	-6.949248
1001	2.4942653
1002	9.4436655
1003	11.6637945
1004	9.202129
1005	3.6240714
1006	-3.2004154
1007	-9.858283
1008	-14.624229
1009	-17.424347
1010	-17.361847
1011	-13.876373
1012	-6.6470947
1013	2.4011028
1014	9.552429
1015	12.16274
1016	9.677022
1017	3.995107
1018	-3.245351
1019	-9.847473
1020	-13.988414