          1      183.000   -7.199    0.240   -3.926   -5.449   -6.142   -6.426   -6.688   -6.858   -7.013    0.000      268.000      268.000
          1      548.000   -7.199    0.240   -3.192   -4.534   -5.151   -5.391   -5.577   -5.698   -5.805    0.000      635.000      270.000
          1      913.000   -7.199    0.240   -2.950   -4.230   -4.824   -5.048   -5.208   -5.313   -5.400    0.000     1002.000      272.000
          1     1278.000   -7.199    0.240   -2.801   -4.051   -4.630   -4.846   -4.992   -5.089   -5.166    0.000     1369.000      274.000
          1     1643.000   -7.199    0.240   -2.703   -3.926   -4.494   -4.702   -4.836   -4.929   -4.999    0.000     1735.000      275.000
          1     2008.000   -7.199    0.240   -2.607   -3.810   -4.368   -4.573   -4.703   -4.795   -4.861    0.000     2101.000      276.000
          1     2373.000   -7.199    0.240   -2.538   -3.724   -4.276   -4.476   -4.599   -4.687   -4.748    0.000     2460.000      270.000
          1     2738.000   -7.199    0.240   -2.494   -3.669   -4.215   -4.412   -4.528   -4.615   -4.673    0.000     2824.000      269.000
          1     3103.000   -7.199    0.240   -2.458   -3.626   -4.168   -4.362   -4.471   -4.555   -4.610    0.000    -7777.000    -7777.000
          1     3468.000   -7.199    0.240   -2.402   -3.560   -4.096   -4.287   -4.396   -4.480   -4.535    0.000     3567.000      282.000
          1     3833.000   -7.199    0.240   -2.392   -3.546   -4.080   -4.269   -4.371   -4.452   -4.501    0.000     3926.000      276.000
          1     4198.000   -7.199    0.240   -2.387   -3.535   -4.068   -4.258   -4.357   -4.437   -4.485    0.000    -7777.000    -7777.000
          1     4563.000   -7.199    0.240   -2.370   -3.513   -4.045   -4.233   -4.331   -4.411   -4.457    0.000     4662.000      282.000
          1     4928.000   -7.199    0.240   -2.349   -3.489   -4.019   -4.206   -4.302   -4.381   -4.427    0.000     5027.000      282.000
          1     5293.000   -7.199    0.240   -2.331   -3.469   -3.997   -4.183   -4.277   -4.355   -4.399    0.000     5393.000      283.000
          1     5658.000   -7.199    0.240   -2.308   -3.441   -3.966   -4.151   -4.245   -4.323   -4.366    0.000     5759.000      284.000
          1     6023.000   -7.199    0.240   -2.293   -3.424   -3.948   -4.132   -4.221   -4.297   -4.338    0.000     6124.000      284.000
          1     6388.000   -7.199    0.240   -2.280   -3.406   -3.929   -4.112   -4.200   -4.276   -4.317    0.000     6490.000      285.000
          1     6753.000   -7.199    0.240   -2.265   -3.388   -3.908   -4.090   -4.179   -4.255   -4.295    0.000     6855.000      285.000
          1     7118.000   -7.199    0.240   -2.247   -3.368   -3.887   -4.067   -4.155   -4.230   -4.270    0.000     7221.000      286.000
