   1.0000000000000000     
  -19.600000000000001     
  -19.599987135691435     
  -19.599974271375473     
  -19.599961407044727     
  -19.599948542691806     
  -19.599935678309315     
  -19.599922813889869     
  -19.599909949426070     
  -19.599897084910527     
  -19.599884220335859     
  -19.599871355694670     
  -19.599858490979567     
  -19.599845626183164     
  -19.599832761298071     
  -19.599819896316895     
  -19.599807031232245     
  -19.599794166036737     
  -19.599781300722984     
  -19.599768435283593     
  -19.599755569711178     
  -19.599742703998352     
  -18.742018662774619     
  -17.851455687131565     
  -16.901931130180454     
  -15.878147050119995     
  -14.776210833097476     
  -13.601466183471938     
  -12.365134928959208     
  -11.081144817105336     
  -10.558237717073283     
  -10.030903033822348     
  -9.5000121413806191     
  -9.2335510004557424     
  -8.9665165114812702     
  -8.6990110596320012     
  -8.5651196232911246     
  -8.4847463834228609     
  -8.4579495052548861     
  -8.4494177798637136     
  -8.4408849633339909     
  -8.4323492486025238     
  -8.4067242563800626     
  -8.3639592609444993     
  -8.2782261991333499     
  -8.1922582605009513     
  -8.1060831917359017     
  -8.0197279190834667     
  -7.7596627139760441     
  -7.5859108043661667     
  -7.4120262187948294     
  -7.3251155893894939     
  -7.2474105287087491     
  -7.1957159882710657     
  -7.1441186462142419     
  -7.0926317163494046     
  -7.0412681369240477     
  -6.9653937964842854     
  -6.8897834980059347     
  -6.8144919502094146     
  -6.7395536605089470     
  -6.6650028942440667     
  -6.5908737036854763     
  -6.5466317875329310     
  -6.5026099084558027     
  -6.4587955177336820     
  -6.4151963857373886     
  -6.3718201831790982     
  -6.3286744775183337     
  -6.2857667288152133     
  -6.2431042851248613     
  -6.2218681202064383     
  -6.1585416760598459     
  -6.1166580228740868     
  -6.0750478452072114     
  -6.0337178520120860     
  -5.9926746077209074     
  -5.9519245267172467     
  -5.9316621081439003     
  -5.8713265940372317     
  -5.8314928875103220     
  -5.7919763979265984     
  -5.7527827130342883     
  -5.7139172418576285     
  -5.6753852110271730     
  -5.6371916614990969     
  -5.5993414456801158     
  -5.5618392249703614     
  -5.5246894677325633     
  -5.4878964476921155     
  -5.4514642427691333     
  -5.4153967343403480     
  -5.3796976069257267     
  -5.3443703482920046     
  -5.3094182499628726     
  -5.2236891988435836     
  -5.1403674713519401     
  -5.0594887435316958     
  -4.9810815628290710     
  -4.9051676783386382     
  -4.8317624224033962     
  -4.7608751301835461     
  -4.6925095843062419     
  -4.6266644725988941     
  -4.5633338480852732     
  -4.5025075817905895     
  -4.4441718003744617     
  -4.3883093021173902     
  -4.3348999462679494     
  -4.2839210121675899     
  -4.2353475258724327     
  -4.1891525531618576     
  -4.1453074588465846     
  -4.1037821331562983     
  -4.0645451866978402     
  -3.9928387177113747     
  -3.9298843897009386     
  -3.8753979977692325     
  -3.8290851147974845     
  -3.7906424081810410     
  -3.7597584989921407     
  -3.7361146338556823     
  -3.7193853696271248     
  -3.7092394016253412     
  -3.7053406039412380     
  -3.7073492989677472     
  -3.7149237344407435     
  -3.7277217199805297     
  -3.7454023602640287     
  -3.7676278167092958     
  -3.7940650317499047     
  -3.8243873572133245     
  -3.8582760389665669     
  -3.8954215221360036     
  -3.9355245535000352     
  -3.9782970691263566     
  -4.0234628653606155     
  -4.0707580595441737     
  -4.1199313532479991     
  -4.1707441154247187     
  -4.2229703058755845     
  -4.2763962610368820     
  -4.3308203645668124     
  -4.4315563911516636     
  -4.5879051152438324     
  -4.7990008751512327     
  -4.9543496741194453     
  -5.2029392369968708     
  -5.4332938195954554     
  -5.6434738460065255     
  -5.8335901482775503     
  -6.0049501363865057     
  -6.1595107985548525     
  -6.2995235740069582     
  -6.4273017668808325     
  -6.5450690082108416     
  -6.6548636057599611     
  -6.7584829568058957     
  -6.8574574122552630     
  -6.9530458694282764     
  -7.0462470351853614     
  -7.2277654123846897     
  -7.4063491421878966     
  -7.5832778076661835     
  -7.7585022880415027     
  -7.9313688523882533     
  -8.1010798698787685     
  -8.2669339511317066     
  -8.4284127562408884     
  -8.7160798962293082     
  -9.3549371498731659     
  -9.8814799731058045     
  -10.880117655931480     
  -11.152239563390870     
  -11.284200730396865     
  -11.340152028396071     
  -11.355177561862305     
