3650
1	-13.69972603
2	-11.79945205
3	-10.89917808
4	-8.29890411
5	-11.99863014
6	-14.39835616
7	-15.69808219
8	-16.19780822
9	-3.097534247
10	-3.597260274
11	-13.1969863
12	-25.29671233
13	-25.59643836
14	-30.29616438
15	-28.69589041
16	-29.19561644
17	-23.79534247
18	-19.69506849
19	-20.39479452
20	-15.09452055
21	-12.86840594
22	-22.19629471
23	-23.89356282
24	-26.45719481
25	-30.26510071
26	-29.66482674
27	-26.2563729
28	-24.49219296
29	-21.69437691
30	-22.59178082
31	-10.29150685
32	-11.59123288
33	-10.1909589
34	-7.890684932
35	-17.19041096
36	-27.69013699
37	-23.98986301
38	-27.58958904
39	-29.68931507
40	-26.5890411
41	-26.28876712
42	-25.38849315
43	-34.88821918
44	-37.58794521
45	-35.28767123
46	-31.58739726
47	-27.88712329
48	-12.38684932
49	-6.486575342
50	-1.28630137
51	-3.186027397
52	-9.885753425
53	-14.28547945
54	-15.78520548
55	-12.28493151
56	-3.784657534
57	-8.284383562
58	-2.784109589
59	-3.483835616
60	-7.783561644
61	-23.38328767
62	-9.983013699
63	-3.782739726
64	-16.58246575
65	-22.38219178
66	-14.98191781
67	-7.781643836
68	-22.58136986
69	-27.58109589
70	-27.58082192
71	-30.68054795
72	-33.88027397
73	-35.08
74	-31.77972603
75	-24.27945205
76	-14.87917808
77	-9.97890411
78	-15.77863014
79	-19.07835616
80	-19.67808219
81	-21.67780822
82	-22.37753425
83	-19.17726027
84	-19.8769863
85	-12.17671233
86	-21.27643836
87	-19.87616438
88	-20.27589041
89	-19.97561644
90	-18.97534247
91	-18.87506849
92	-21.27479452
93	-17.27452055
94	-17.87424658
95	-22.3739726
96	-23.37369863
97	-19.57342466
98	-18.37315068
99	-12.37287671
100	-14.37260274
101	-13.07232877
102	-11.97205479
103	-13.57178082
104	-13.17150685
105	-14.27123288
106	-17.0709589
107	-17.27068493
108	-15.87041096
109	-14.57013699
110	-4.569863014
111	3.530410959
112	-4.469315068
113	-2.069041096
114	0.631232877
115	-0.268493151
116	-2.268219178
117	-6.867945205
118	-11.16767123
119	-11.06739726
120	-8.767123288
121	-9.066849315
122	-7.966575342
123	1.43369863
124	1.633972603
125	-6.865753425
126	-7.565479452
127	-7.165205479
128	4.035068493
129	6.335342466
130	3.935616438
131	-1.164109589
132	1.136164384
133	4.436438356
134	0.636712329
135	-0.263013699
136	8.737260274
137	8.737534247
138	11.23780822
139	13.73808219
140	8.838356164
141	9.038630137
142	11.33890411
143	7.739178082
144	5.439452055
145	6.839726027
146	6.74
147	5.640273973
148	8.840547945
149	7.140821918
150	0.44109589
151	3.441369863
152	-0.858356164
153	-0.558082192
154	0.042191781
155	-0.757534247
156	-1.457260274
157	1.443013699
158	3.643287671
159	7.943561644
160	9.743835616
161	8.844109589
162	10.84438356
163	2.144657534
164	7.044931507
165	12.44520548
166	15.94547945
167	14.24575342
168	11.3460274
169	14.84630137
170	13.94657534
171	13.94684932
172	19.44712329
173	20.34739726
174	18.14767123
175	18.24794521
176	18.44821918
177	15.64849315
178	15.34876712
179	9.949041096
180	12.04931507
181	17.44958904
182	16.74986301
183	14.05013699
184	15.45041096
185	11.25068493
186	12.7509589
187	15.15123288
188	19.25150685
189	10.65178082
190	5.652054795
191	5.552328767
192	5.35260274
193	4.552876712
194	4.853150685
195	6.853424658
196	8.25369863
197	6.853972603
198	11.85424658
199	11.55452055
200	14.25479452
201	10.15506849
202	8.655342466
203	12.15561644
204	9.355890411
205	5.756164384
206	6.256438356
207	7.456712329
208	6.356986301
209	6.957260274
210	5.557534247
211	4.557808219
212	6.458082192
213	12.85835616
214	8.458630137
215	12.98746826
216	13.76255212
217	10.75702862
218	11.05543536
219	11.36634116
220	11.62851549
221	8.529552416
222	9.629826388
223	4.079337405
224	3.617711022
225	8.907353171
226	10.80949438
227	11.06556582
228	7.562465753
229	2.362739726
230	2.363013699
231	2.063287671
232	1.663561644
233	4.263835616
234	7.664109589
235	5.564383562
236	3.964657534
237	6.864931507
238	11.26520548
239	9.565479452
240	2.465753425
241	2.866027397
242	2.66630137
243	-0.133424658
244	0.066849315
245	3.667123288
246	3.81739726
247	3.967671233
248	3.167945205
249	3.468219178
250	5.168493151
251	2.168767123
252	0.969041096
253	-1.530684932
254	-0.930410959
255	0.669863014
256	0.770136986
257	1.470410959
258	0.270684932
259	0.270958904
260	-1.328767123
261	-1.528493151
262	-3.528219178
263	-3.527945205
264	-4.127671233
265	-3.82739726
266	-5.327123288
267	-5.426849315
268	-4.126575342
269	-1.62630137
270	-1.726027397
271	-3.925753425
272	-3.225479452
273	-5.325205479
274	-3.524931507
275	-4.124657534
276	-0.224383562
277	3.175890411
278	0.476164384
279	-2.723561644
280	-5.323287671
281	-9.823013699
282	-11.12273973
283	-10.92246575
284	-12.02219178
285	-6.921917808
286	-6.221643836
287	-5.821369863
288	-5.32109589
289	-6.020821918
290	-11.12054795
291	-11.62027397
292	-7.52
293	-5.719726027
294	-8.319452055
295	-8.219178082
296	-8.71890411
297	-9.618630137
298	-4.918356164
299	-2.818082192
300	-6.417808219
301	-7.117534247
302	-10.11726027
303	-11.8169863
304	-15.81671233
305	-18.11643836
306	-8.816164384
307	-2.915890411
308	-2.415616438
309	-3.515342466
310	-4.815068493
311	-11.11479452
312	-9.614520548
313	-8.314246575
314	-5.113972603
315	-8.11369863
316	-11.31342466
317	-16.61315068
318	-22.51287671
319	-25.21260274
320	-25.21232877
321	-27.11205479
322	-28.11178082
323	-25.01150685
324	-18.81123288
325	-20.8109589
326	-20.21068493
327	-21.61041096
328	-18.51013699
329	-6.409863014
330	-4.009589041
331	-8.009315068
332	-13.1090411
333	-14.00876712
334	-15.10849315
335	-19.30821918
336	-24.10794521
337	-29.00767123
338	-35.00739726
339	-34.10712329
340	-35.30684932
341	-35.70657534
342	-32.60630137
343	-28.3060274
344	-28.20575342
345	-31.00547945
346	-30.70520548
347	-32.80493151
348	-31.00465753
349	-27.71076872
350	-10.28593296
351	-8.471954994
352	-10.08869794
353	-15.08938452
354	-18.65267183
355	-18.55872689
356	-21.45845292
357	-28.45184991
358	-30.68801466
359	-28.88678013
360	-27.46948924
361	-18.28291926
362	-15.20082192
363	-24.60054795
364	-22.20027397
365	-19.5
366	-13.59972603
367	-11.69945205
368	-10.79917808
369	-8.19890411
370	-11.89863014
371	-14.29835616
372	-15.59808219
373	-16.09780822
374	-2.997534247
375	-3.497260274
376	-13.0969863
377	-25.19671233
378	-25.49643836
379	-30.19616438
380	-28.59589041
381	-29.09561644
382	-23.69534247
383	-19.59506849
384	-20.29479452
385	-14.99452055
386	-12.99424658
387	-22.5939726
388	-24.69369863
389	-27.69342466
390	-31.79315068
391	-31.19287671
392	-27.49260274
393	-25.29232877
394	-22.09205479
395	-22.49178082
396	-10.19150685
397	-11.49123288
398	-10.0909589
399	-7.790684932
400	-17.09041096
401	-27.59013699
402	-23.88986301
403	-27.48958904
404	-29.58931507
405	-26.4890411
406	-26.18876712
407	-25.28849315
408	-34.78821918
409	-37.48794521
410	-35.18767123
411	-31.48739726
412	-27.78712329
413	-12.28684932
414	-6.386575342
415	-1.18630137
416	-3.086027397
417	-9.785753425
418	-14.18547945
419	-15.68520548
420	-12.18493151
421	-3.684657534
422	-8.184383562
423	-2.684109589
424	-3.383835616
425	-7.683561644
426	-23.28328767
427	-9.883013699
428	-3.682739726
429	-16.48246575
430	-22.28219178
431	-14.88191781
432	-7.681643836
433	-22.48136986
434	-27.48109589
435	-27.48082192
436	-30.58054795
437	-33.78027397
438	-34.98
439	-31.67972603
440	-24.17945205
441	-14.77917808
442	-9.87890411
443	-15.67863014
444	-18.97835616
445	-19.57808219
446	-21.57780822
447	-22.27753425
448	-19.07726027
449	-19.7769863
450	-12.07671233
451	-21.17643836
452	-19.77616438
453	-20.17589041
454	-19.87561644
455	-18.87534247
456	-18.77506849
457	-21.17479452
458	-17.17452055
459	-17.77424658
460	-22.2739726
461	-23.27369863
462	-19.47342466
463	-18.27315068
464	-12.27287671
465	-13.99352665
466	-12.39898558
467	-10.86831865
468	-11.97438245
469	-11.16794045
470	-12.10912401
471	-15.0673925
472	-15.67328656
473	-14.76667482
474	-13.8967938
475	-4.469863014
476	3.630410959
477	-4.369315068
478	-1.969041096
479	0.731232877
480	-0.168493151
481	-2.168219178
482	-6.767945205
483	-11.06767123
484	-10.96739726
485	-8.667123288
486	-8.966849315
487	-7.866575342
488	1.53369863
489	1.733972603
490	-6.765753425
491	-7.465479452
492	-7.065205479
493	4.135068493
494	6.435342466
495	4.035616438
496	-1.064109589
497	1.236164384
498	4.536438356
499	0.736712329
500	-0.163013699
501	8.837260274
502	8.837534247
503	11.33780822
504	13.83808219
505	8.938356164
506	9.138630137
507	11.43890411
508	7.839178082
509	5.539452055
510	6.939726027
511	6.84
512	5.740273973
513	8.940547945
514	7.240821918
515	0.54109589
516	3.541369863
517	-0.758356164
518	-0.458082192
519	0.142191781
520	-0.657534247
521	-1.357260274
522	1.543013699
523	3.743287671
524	8.043561644
525	9.843835616
526	8.944109589
527	10.94438356
528	2.244657534
529	7.144931507
530	12.54520548
531	16.04547945
532	14.34575342
533	11.4460274
534	14.94630137
535	14.04657534
536	14.04684932
537	19.54712329
538	20.44739726
539	18.24767123
540	18.34794521
541	18.54821918
542	15.74849315
543	15.44876712
544	10.0490411
545	12.14931507
546	17.54958904
547	16.84986301
548	14.15013699
549	15.55041096
550	11.35068493
551	12.8509589
552	15.25123288
553	19.35150685
554	10.75178082
555	5.752054795
556	5.652328767
557	5.45260274
558	4.652876712
559	4.953150685
560	6.953424658
561	8.35369863
562	6.953972603
563	11.95424658
564	11.65452055
565	14.35479452
566	10.25506849
567	8.755342466
568	12.25561644
569	9.455890411
570	5.856164384
571	6.356438356
572	7.556712329
573	6.456986301
574	7.057260274
575	5.657534247
576	4.657808219
577	6.558082192
578	12.95835616
579	8.558630137
580	12.85890411
581	13.45917808
582	10.20945205
583	10.20972603
584	10.21
585	10.21027397
586	6.960547945
587	8.060821918
588	2.66109589
589	2.461369863
590	8.061643836
591	10.26191781
592	10.76219178
593	7.662465753
594	2.462739726
595	2.463013699
596	2.163287671
597	1.763561644
598	4.363835616
599	7.764109589
600	5.664383562
601	4.064657534
602	6.964931507
603	11.36520548
604	9.665479452
605	2.565753425
606	2.966027397
607	2.76630137
608	-0.033424658
609	0.166849315
610	3.767123288
611	3.91739726
612	4.067671233
613	3.267945205
614	3.568219178
615	5.268493151
616	2.268767123
617	1.069041096
618	-1.430684932
619	-0.830410959
620	0.769863014
621	0.870136986
622	1.570410959
623	0.370684932
624	0.370958904
625	-1.228767123
626	-1.428493151
627	-3.428219178
628	-3.427945205
629	-4.027671233
630	-3.72739726
631	-5.227123288
632	-5.326849315
633	-4.026575342
634	-1.52630137
635	-1.626027397
636	-3.825753425
637	-3.125479452
638	-5.225205479
639	-3.424931507
640	-4.024657534
641	-0.124383562
642	3.275890411
643	0.576164384
644	-2.623561644
645	-5.223287671
646	-9.723013699
647	-11.02273973
648	-10.82246575
649	-11.92219178
650	-6.821917808
651	-6.121643836
652	-5.721369863
653	-5.22109589
654	-5.920821918
655	-11.02054795
656	-11.52027397
657	-7.42
658	-5.619726027
659	-8.219452055
660	-8.119178082
661	-8.61890411
662	-9.518630137
663	-4.818356164
664	-2.718082192
665	-6.317808219
666	-7.017534247
667	-10.01726027
668	-11.7169863
669	-15.71671233
670	-18.01643836
671	-8.716164384
672	-2.815890411
673	-2.315616438
674	-3.415342466
675	-4.715068493
676	-11.01479452
677	-9.514520548
678	-8.214246575
679	-5.013972603
680	-8.01369863
681	-11.21342466
682	-16.51315068
683	-22.41287671
684	-25.11260274
685	-25.11232877
686	-27.01205479
687	-28.01178082
688	-24.91150685
689	-18.71123288
690	-20.7109589
691	-20.11068493
692	-21.51041096
693	-18.41013699
694	-6.309863014
695	-3.909589041
696	-7.909315068
697	-13.0090411
698	-13.90876712
699	-15.00849315
700	-19.20821918
701	-24.00794521
702	-28.90767123
703	-34.90739726
704	-34.00712329
705	-35.20684932
706	-35.60657534
707	-32.50630137
708	-28.2060274
709	-28.10575342
710	-30.90547945
711	-30.60520548
712	-32.70493151
713	-30.90465753
714	-27.90438356
715	-10.70410959
716	-9.203835616
717	-11.20356164
718	-16.60328767
719	-20.5030137
720	-20.60273973
721	-23.50246575
722	-30.30219178
723	-32.20191781
724	-30.00164384
725	-28.20136986
726	-18.70109589
727	-15.10082192
728	-24.50054795
729	-22.10027397
730	-19.4
731	-13.49972603
732	-11.59945205
733	-10.69917808
734	-8.09890411
735	-11.79863014
736	-14.19835616
737	-15.49808219
738	-15.99780822
739	-2.897534247
740	-3.397260274
741	-12.9969863
742	-25.09671233
743	-25.39643836
744	-30.09616438
745	-28.49589041
746	-28.99561644
747	-23.59534247
748	-19.49506849
749	-20.19479452
750	-14.89452055
751	-12.89424658
752	-22.4939726
753	-24.59369863
754	-27.59342466
755	-31.69315068
756	-31.09287671
757	-27.39260274
758	-25.19232877
759	-21.99205479
760	-22.39178082
761	-10.09150685
762	-11.39123288
763	-9.990958904
764	-7.690684932
765	-16.99041096
766	-27.49013699
767	-23.78986301
768	-27.38958904
769	-29.48931507
770	-26.3890411
771	-26.08876712
772	-25.18849315
773	-34.68821918
774	-37.38794521
775	-35.08767123
776	-31.38739726
777	-27.68712329
778	-12.18684932
779	-6.286575342
780	-1.08630137
781	-2.986027397
782	-9.685753425
783	-14.08547945
784	-15.58520548
785	-12.08493151
786	-3.584657534
787	-8.084383562
788	-2.584109589
789	-3.283835616
790	-7.583561644
791	-23.18328767
792	-9.783013699
793	-3.582739726
794	-16.38246575
795	-22.18219178
796	-14.78191781
797	-7.581643836
798	-22.38136986
799	-27.38109589
800	-27.38082192
801	-30.48054795
802	-33.68027397
803	-34.88
804	-31.57972603
805	-24.07945205
806	-14.67917808
807	-9.77890411
808	-15.57863014
809	-18.87835616
810	-19.47808219
811	-21.47780822
812	-22.17753425
813	-18.97726027
814	-19.6769863
815	-11.97671233
816	-21.07643836
817	-19.67616438
818	-20.07589041
819	-19.77561644
820	-18.77534247
821	-18.67506849
822	-21.07479452
823	-17.07452055
824	-17.67424658
825	-22.1739726
826	-23.17369863
827	-19.37342466
828	-18.17315068
829	-12.17287671
830	-14.17260274
831	-12.87232877
832	-11.77205479
833	-13.37178082
834	-12.97150685
835	-14.07123288
836	-16.8709589
837	-17.07068493
838	-15.67041096
839	-14.37013699
840	-4.369863014
841	3.730410959
842	-4.269315068
843	-1.869041096
844	0.831232877
845	-0.068493151
846	-2.068219178
847	-6.667945205
848	-10.96767123
849	-10.86739726
850	-8.567123288
851	-8.866849315
852	-7.766575342
853	1.63369863
854	1.833972603
855	-6.665753425
856	-7.365479452
857	-6.965205479
858	4.235068493
859	6.535342466
860	4.135616438
861	-0.964109589
862	1.336164384
863	4.636438356
864	0.836712329
865	-0.063013699
866	8.937260274
867	8.937534247
868	11.43780822
869	13.93808219
870	9.038356164
871	9.238630137
872	11.53890411
873	7.939178082
874	5.639452055
875	7.039726027
876	6.94
877	5.840273973
878	9.040547945
879	7.340821918
880	0.64109589
881	3.641369863
882	-0.658356164
883	-0.358082192
884	0.242191781
885	-0.557534247
886	-1.257260274
887	1.643013699
888	3.843287671
889	8.143561644
890	9.943835616
891	9.044109589
892	11.04438356
893	2.344657534
894	7.244931507
895	12.64520548
896	16.14547945
897	14.44575342
898	11.5460274
899	15.04630137
900	14.14657534
901	14.14684932
902	19.64712329
903	20.54739726
904	18.34767123
905	18.44794521
906	18.64821918
907	15.84849315
908	15.54876712
909	10.1490411
910	12.24931507
911	17.64958904
912	16.94986301
913	14.25013699
914	15.65041096
915	11.45068493
916	12.9509589
917	15.35123288
918	19.45150685
919	10.85178082
920	5.852054795
921	5.752328767
922	5.55260274
923	4.752876712
924	5.053150685
925	7.053424658
926	8.45369863
927	7.053972603
928	12.05424658
929	11.75452055
930	14.45479452
931	10.35506849
932	8.855342466
933	12.35561644
934	9.555890411
935	5.956164384
936	6.456438356
937	7.656712329
938	6.556986301
939	7.157260274
940	5.757534247
941	4.757808219
942	6.658082192
943	13.05835616
944	8.658630137
945	12.95890411
946	13.55917808
947	10.30945205
948	10.30972603
949	10.31
950	10.31027397
951	7.060547945
952	8.160821918
953	2.76109589
954	2.561369863
955	8.161643836
956	10.36191781
957	10.86219178
958	7.762465753
959	2.562739726
960	2.563013699
961	2.263287671
962	1.863561644
963	4.463835616
964	7.864109589
965	5.764383562
966	4.164657534
967	7.064931507
968	11.46520548
969	9.765479452
970	2.665753425
971	3.066027397
972	2.86630137
973	0.066575342
974	0.266849315
975	3.867123288
976	4.01739726
977	4.167671233
978	3.367945205
979	3.668219178
980	5.368493151
981	2.368767123
982	1.169041096
983	-1.330684932
984	-0.730410959
985	0.869863014
986	0.970136986
987	1.670410959
988	0.470684932
989	0.470958904
990	-1.128767123
991	-1.328493151
992	-3.328219178
993	-3.327945205
994	-3.927671233
995	-3.62739726
996	-5.127123288
997	-5.226849315
998	-3.926575342
999	-1.42630137
1000	-1.526027397
1001	-3.725753425
1002	-3.025479452
1003	-5.125205479
1004	-3.324931507
1005	-3.924657534
1006	-0.024383562
1007	3.375890411
1008	0.676164384
1009	-2.523561644
1010	-5.123287671
1011	-9.623013699
1012	-10.92273973
1013	-10.72246575
1014	-11.82219178
1015	-6.721917808
1016	-6.021643836
1017	-5.621369863
1018	-5.12109589
1019	-5.820821918
1020	-10.92054795
1021	-11.42027397
1022	-7.32
1023	-5.519726027
1024	-7.947205771
1025	-7.247223797
1026	-7.246166659
1027	-8.646675851
1028	-4.718356164
1029	-2.618082192
1030	-6.217808219
1031	-6.917534247
1032	-9.917260274
1033	-11.6169863
1034	-15.61671233
1035	-17.91643836
1036	-8.616164384
1037	-2.715890411
1038	-2.215616438
1039	-3.03343932
1040	-3.351666246
1041	-8.831796362
1042	-8.151118301
1043	-8.114246575
1044	-4.913972603
1045	-7.91369863
1046	-11.11342466
1047	-16.41315068
1048	-22.31287671
1049	-25.01260274
1050	-25.01232877
1051	-26.91205479
1052	-27.91178082
1053	-24.81150685
1054	-18.61123288
1055	-20.6109589
1056	-20.01068493
1057	-21.41041096
1058	-18.31013699
1059	-6.209863014
1060	-3.809589041
1061	-7.809315068
1062	-12.9090411
1063	-13.80876712
1064	-14.90849315
1065	-19.10821918
1066	-23.90794521
1067	-28.80767123
1068	-34.80739726
1069	-33.90712329
1070	-35.10684932
1071	-35.50657534
1072	-32.40630137
1073	-28.1060274
1074	-28.00575342
1075	-30.80547945
1076	-30.50520548
1077	-32.60493151
1078	-30.80465753
1079	-27.80438356
1080	-10.60410959
1081	-9.103835616
1082	-11.10356164
1083	-16.50328767
1084	-20.4030137
1085	-20.50273973
1086	-23.40246575
1087	-30.20219178
1088	-32.10191781
1089	-29.90164384
1090	-28.10136986
1091	-18.60109589
1092	-15.00082192
1093	-24.40054795
1094	-22.00027397
1095	-19.3
1096	-13.39972603
1097	-11.49945205
1098	-10.59917808
1099	-7.99890411
1100	-11.69863014
1101	-14.09835616
1102	-15.39808219
1103	-15.89780822
1104	-2.797534247
1105	-3.297260274
1106	-12.8969863
1107	-24.99671233
1108	-25.29643836
1109	-29.99616438
1110	-28.39589041
1111	-28.89561644
1112	-23.49534247
1113	-19.39506849
1114	-20.09479452
1115	-14.79452055
1116	-12.79424658
1117	-22.3939726
1118	-24.49369863
1119	-27.49342466
1120	-31.59315068
1121	-30.99287671
1122	-27.29260274
1123	-25.09232877
1124	-21.89205479
1125	-22.29178082
1126	-9.991506849
1127	-11.29123288
1128	-9.890958904
1129	-7.590684932
1130	-16.89041096
1131	-27.39013699
1132	-23.68986301
1133	-27.28958904
1134	-29.38931507
1135	-26.2890411
1136	-25.98876712
1137	-25.08849315
1138	-34.58821918
1139	-37.28794521
1140	-34.98767123
1141	-31.28739726
1142	-27.58712329
1143	-12.08684932
1144	-6.186575342
1145	-0.98630137
1146	-2.886027397
1147	-9.585753425
1148	-13.98547945
1149	-15.48520548
1150	-11.98493151
1151	-3.484657534
1152	-7.984383562
1153	-2.484109589
1154	-3.183835616
1155	-7.483561644
1156	-23.08328767
1157	-9.683013699
1158	-3.482739726
1159	-16.28246575
1160	-22.08219178
1161	-14.68191781
1162	-7.481643836
1163	-22.28136986
1164	-27.28109589
1165	-27.28082192
1166	-30.38054795
1167	-33.58027397
1168	-34.78
1169	-31.47972603
1170	-23.97945205
1171	-14.57917808
1172	-9.67890411
1173	-15.47863014
1174	-18.77835616
1175	-19.37808219
1176	-21.37780822
1177	-22.07753425
1178	-18.87726027
1179	-19.5769863
1180	-11.87671233
1181	-20.97643836
1182	-19.57616438
1183	-19.97589041
1184	-19.67561644
1185	-18.67534247
1186	-18.57506849
1187	-20.97479452
1188	-16.97452055
1189	-17.57424658
1190	-22.0739726
1191	-23.07369863
1192	-19.27342466
1193	-18.07315068
1194	-12.07287671
1195	-14.07260274
1196	-12.77232877
1197	-11.67205479
1198	-13.27178082
1199	-12.87150685
1200	-13.97123288
1201	-16.7709589
1202	-16.97068493
1203	-15.57041096
1204	-14.27013699
1205	-4.269863014
1206	3.830410959
1207	-4.169315068
1208	-1.769041096
1209	0.931232877
1210	0.031506849
1211	-1.968219178
1212	-6.567945205
1213	-10.86767123
1214	-10.76739726
1215	-8.467123288
1216	-8.766849315
1217	-7.666575342
1218	1.73369863
1219	1.933972603
1220	-6.565753425
1221	-7.265479452
1222	-6.865205479
1223	4.335068493
1224	6.635342466
1225	4.235616438
1226	-0.864109589
1227	1.436164384
1228	4.736438356
1229	0.936712329
1230	0.036986301
1231	9.037260274
1232	9.037534247
1233	11.53780822
1234	14.03808219
1235	9.138356164
1236	9.338630137
1237	11.63890411
1238	8.039178082
1239	5.739452055
1240	7.139726027
1241	7.04
1242	5.940273973
1243	9.140547945
1244	7.440821918
1245	0.74109589
1246	3.741369863
1247	-0.558356164
1248	-0.258082192
1249	0.342191781
1250	-0.457534247
1251	-1.157260274
1252	1.743013699
1253	3.943287671
1254	8.243561644
1255	10.04383562
1256	9.403612253
1257	11.58553103
1258	3.135808866
1259	8.34288407
1260	14.07319313
1261	17.8741212
1262	16.38654441
1263	13.56350714
1264	16.98709235
1265	15.87521709
1266	15.57483696
1267	20.74507585
1268	21.33854859
1269	18.8888187
1270	18.54794521
1271	18.74821918
1272	15.94849315
1273	15.64876712
1274	10.2490411
1275	12.34931507
1276	17.74958904
1277	17.04986301
1278	14.35013699
1279	15.75041096
1280	11.55068493
1281	13.0509589
1282	15.45123288
1283	19.55150685
1284	10.95178082
1285	5.952054795
1286	5.852328767
1287	5.65260274
1288	4.852876712
1289	5.153150685
1290	7.153424658
1291	8.55369863
1292	7.153972603
1293	12.15424658
1294	11.85452055
1295	14.55479452
1296	10.45506849
1297	8.955342466
1298	12.45561644
1299	9.655890411
1300	6.056164384
1301	6.556438356
1302	7.756712329
1303	6.656986301
1304	7.257260274
1305	5.857534247
1306	4.857808219
1307	6.758082192
1308	13.15835616
1309	8.758630137
1310	13.05890411
1311	13.65917808
1312	10.40945205
1313	10.40972603
1314	10.41
1315	10.41027397
1316	7.160547945
1317	8.260821918
1318	2.86109589
1319	2.661369863
1320	8.261643836
1321	10.46191781
1322	10.96219178
1323	7.862465753
1324	2.662739726
1325	2.663013699
1326	2.363287671
1327	1.963561644
1328	4.563835616
1329	7.964109589
1330	5.864383562
1331	4.264657534
1332	7.164931507
1333	11.56520548
1334	9.865479452
1335	2.765753425
1336	3.166027397
1337	2.96630137
1338	0.166575342
1339	0.366849315
1340	3.967123288
1341	4.11739726
1342	4.267671233
1343	3.467945205
1344	3.768219178
1345	5.468493151
1346	2.468767123
1347	1.269041096
1348	-1.230684932
1349	-0.630410959
1350	0.969863014
1351	1.070136986
1352	1.770410959
1353	0.570684932
1354	0.570958904
1355	-1.028767123
1356	-1.228493151
1357	-3.228219178
1358	-3.227945205
1359	-3.827671233
1360	-3.52739726
1361	-5.027123288
1362	-5.126849315
1363	-3.826575342
1364	-1.32630137
1365	-1.426027397
1366	-3.625753425
1367	-2.925479452
1368	-5.025205479
1369	-3.224931507
1370	-3.824657534
1371	0.075616438
1372	3.475890411
1373	0.776164384
1374	-2.423561644
1375	-5.023287671
1376	-9.523013699
1377	-10.82273973
1378	-10.62246575
1379	-11.72219178
1380	-6.621917808
1381	-5.921643836
1382	-5.521369863
1383	-5.02109589
1384	-5.720821918
1385	-10.82054795
1386	-11.32027397
1387	-7.22
1388	-5.419726027
1389	-8.019452055
1390	-7.919178082
1391	-8.41890411
1392	-9.318630137
1393	-4.618356164
1394	-2.518082192
1395	-6.117808219
1396	-6.817534247
1397	-9.817260274
1398	-11.5169863
1399	-15.51671233
1400	-17.81643836
1401	-8.516164384
1402	-2.615890411
1403	-2.115616438
1404	-3.215342466
1405	-4.515068493
1406	-10.81479452
1407	-9.314520548
1408	-8.014246575
1409	-4.813972603
1410	-7.81369863
1411	-11.01342466
1412	-16.31315068
1413	-22.21287671
1414	-24.91260274
1415	-24.91232877
1416	-26.81205479
1417	-27.81178082
1418	-24.71150685
1419	-18.51123288
1420	-20.5109589
1421	-19.91068493
1422	-21.31041096
1423	-18.21013699
1424	-6.109863014
1425	-3.709589041
1426	-7.709315068
1427	-12.8090411
1428	-13.70876712
1429	-14.80849315
1430	-19.00821918
1431	-23.80794521
1432	-28.70767123
1433	-34.70739726
1434	-33.80712329
1435	-35.00684932
1436	-35.40657534
1437	-32.30630137
1438	-28.0060274
1439	-27.90575342
1440	-30.70547945
1441	-30.40520548
1442	-32.50493151
1443	-30.70465753
1444	-27.70438356
1445	-10.50410959
1446	-9.003835616
1447	-11.00356164
1448	-16.40328767
1449	-20.3030137
1450	-20.40273973
1451	-23.30246575
1452	-30.10219178
1453	-32.00191781
1454	-29.80164384
1455	-28.00136986
1456	-18.50109589
1457	-14.90082192
1458	-24.30054795
1459	-21.90027397
1460	-19.2
1461	-13.29972603
1462	-11.39945205
1463	-10.49917808
1464	-7.89890411
1465	-11.59863014
1466	-13.99835616
1467	-15.29808219
1468	-15.79780822
1469	-2.697534247
1470	-3.197260274
1471	-12.7969863
1472	-24.89671233
1473	-25.19643836
1474	-29.89616438
1475	-28.29589041
1476	-28.79561644
1477	-23.39534247
1478	-19.29506849
1479	-19.99479452
1480	-14.69452055
1481	-12.69424658
1482	-22.2939726
1483	-24.39369863
1484	-27.39342466
1485	-31.49315068
1486	-30.89287671
1487	-27.19260274
1488	-24.99232877
1489	-21.79205479
1490	-22.19178082
1491	-9.891506849
1492	-11.19123288
1493	-9.790958904
1494	-7.490684932
1495	-16.79041096
1496	-27.29013699
1497	-23.58986301
1498	-27.18958904
1499	-29.28931507
1500	-26.1890411
1501	-25.88876712
1502	-24.98849315
1503	-34.48821918
1504	-37.18794521
1505	-34.88767123
1506	-31.18739726
1507	-27.48712329
1508	-11.98684932
1509	-6.086575342
1510	-0.88630137
1511	-2.786027397
1512	-9.485753425
1513	-13.88547945
1514	-15.38520548
1515	-11.88493151
1516	-3.384657534
1517	-7.884383562
1518	-2.384109589
1519	-3.083835616
1520	-7.383561644
1521	-22.98328767
1522	-9.583013699
1523	-3.382739726
1524	-16.18246575
1525	-21.98219178
1526	-14.58191781
1527	-7.381643836
1528	-22.18136986
1529	-27.18109589
1530	-27.18082192
1531	-30.28054795
1532	-33.48027397
1533	-34.68
1534	-31.37972603
1535	-23.87945205
1536	-14.47917808
1537	-9.57890411
1538	-15.37863014
1539	-18.67835616
1540	-19.27808219
1541	-21.27780822
1542	-21.97753425
1543	-18.77726027
1544	-19.4769863
1545	-11.77671233
1546	-20.87643836
1547	-19.47616438
1548	-19.87589041
1549	-19.57561644
1550	-18.57534247
1551	-18.47506849
1552	-20.87479452
1553	-16.87452055
1554	-17.47424658
1555	-21.9739726
1556	-22.97369863
1557	-19.17342466
1558	-17.97315068
1559	-11.97287671
1560	-13.97260274
1561	-12.67232877
1562	-11.57205479
1563	-13.17178082
1564	-12.77150685
1565	-13.87123288
1566	-16.6709589
1567	-16.87068493
1568	-15.47041096
1569	-14.17013699
1570	-4.169863014
1571	3.930410959
1572	-4.069315068
1573	-1.669041096
1574	1.031232877
1575	0.131506849
1576	-1.868219178
1577	-6.467945205
1578	-10.76767123
1579	-10.66739726
1580	-8.367123288
1581	-8.666849315
1582	-7.566575342
1583	1.83369863
1584	2.033972603
1585	-6.465753425
1586	-7.165479452
1587	-6.765205479
1588	4.435068493
1589	6.735342466
1590	4.335616438
1591	-0.764109589
1592	1.536164384
1593	4.836438356
1594	1.036712329
1595	0.136986301
1596	9.137260274
1597	9.137534247
1598	11.63780822
1599	14.13808219
1600	9.238356164
1601	9.438630137
1602	11.73890411
1603	8.139178082
1604	5.839452055
1605	7.239726027
1606	7.14
1607	6.040273973
1608	9.240547945
1609	7.540821918
1610	0.84109589
1611	3.841369863
1612	-0.458356164
1613	-0.158082192
1614	0.442191781
1615	-0.357534247
1616	-1.057260274
1617	1.843013699
1618	4.043287671
1619	8.343561644
1620	10.14383562
1621	9.244109589
1622	11.24438356
1623	2.544657534
1624	7.444931507
1625	12.84520548
1626	16.34547945
1627	14.64575342
1628	11.7460274
1629	15.24630137
1630	14.34657534
1631	14.34684932
1632	19.84712329
1633	20.74739726
1634	18.54767123
1635	18.64794521
1636	18.84821918
1637	16.04849315
1638	15.74876712
1639	10.3490411
1640	12.44931507
1641	17.84958904
1642	17.14986301
1643	14.45013699
1644	15.85041096
1645	11.65068493
1646	13.1509589
1647	15.55123288
1648	19.65150685
1649	11.05178082
1650	6.052054795
1651	5.952328767
1652	5.75260274
1653	4.952876712
1654	5.253150685
1655	7.253424658
1656	8.65369863
1657	7.253972603
1658	12.25424658
1659	11.95452055
1660	14.65479452
1661	10.55506849
1662	9.055342466
1663	12.55561644
1664	9.755890411
1665	6.156164384
1666	6.656438356
1667	7.856712329
1668	6.756986301
1669	7.357260274
1670	5.957534247
1671	4.957808219
1672	6.858082192
1673	13.25835616
1674	8.858630137
1675	13.15890411
1676	13.75917808
1677	10.50945205
1678	10.50972603
1679	10.51
1680	10.51027397
1681	7.260547945
1682	8.360821918
1683	2.96109589
1684	2.761369863
1685	8.361643836
1686	10.56191781
1687	11.06219178
1688	7.962465753
1689	2.762739726
1690	2.763013699
1691	2.463287671
1692	2.063561644
1693	4.663835616
1694	8.064109589
1695	5.964383562
1696	4.559113185
1697	7.64159837
1698	12.30444982
1699	10.91597262
1700	4.10399032
1701	4.679316824
1702	4.479590797
1703	1.504812238
1704	1.417342487
1705	4.70636763
1706	4.594064123
1707	4.367671233
1708	3.567945205
1709	3.868219178
1710	5.568493151
1711	2.568767123
1712	1.369041096
1713	-1.130684932
1714	-0.530410959
1715	1.069863014
1716	1.170136986
1717	1.870410959
1718	0.670684932
1719	0.670958904
1720	-0.928767123
1721	-1.128493151
1722	-3.128219178
1723	-3.127945205
1724	-3.727671233
1725	-3.42739726
1726	-4.927123288
1727	-5.026849315
1728	-3.726575342
1729	-1.22630137
1730	-1.326027397
1731	-3.525753425
1732	-2.825479452
1733	-4.925205479
1734	-3.124931507
1735	-3.724657534
1736	0.175616438
1737	3.575890411
1738	0.876164384
1739	-2.323561644
1740	-4.923287671
1741	-9.423013699
1742	-10.72273973
1743	-10.52246575
1744	-11.62219178
1745	-6.521917808
1746	-5.821643836
1747	-5.421369863
1748	-4.92109589
1749	-5.620821918
1750	-10.72054795
1751	-11.22027397
1752	-7.12
1753	-5.319726027
1754	-7.919452055
1755	-7.819178082
1756	-8.31890411
1757	-9.218630137
1758	-4.518356164
1759	-2.418082192
1760	-6.017808219
1761	-6.717534247
1762	-9.717260274
1763	-11.4169863
1764	-15.41671233
1765	-17.71643836
1766	-8.416164384
1767	-2.515890411
1768	-2.015616438
1769	-3.115342466
1770	-4.415068493
1771	-10.71479452
1772	-9.214520548
1773	-7.914246575
1774	-4.713972603
1775	-7.71369863
1776	-10.91342466
1777	-16.21315068
1778	-22.11287671
1779	-24.81260274
1780	-24.81232877
1781	-26.71205479
1782	-27.71178082
1783	-24.61150685
1784	-18.41123288
1785	-20.4109589
1786	-19.81068493
1787	-21.21041096
1788	-18.11013699
1789	-6.009863014
1790	-3.609589041
1791	-7.609315068
1792	-12.7090411
1793	-13.60876712
1794	-14.70849315
1795	-18.90821918
1796	-23.70794521
1797	-28.60767123
1798	-34.60739726
1799	-33.70712329
1800	-34.90684932
1801	-35.30657534
1802	-32.20630137
1803	-27.9060274
1804	-27.80575342
1805	-30.60547945
1806	-30.30520548
1807	-32.40493151
1808	-30.60465753
1809	-27.60438356
1810	-10.40410959
1811	-8.903835616
1812	-10.90356164
1813	-16.30328767
1814	-20.2030137
1815	-20.30273973
1816	-23.20246575
1817	-30.00219178
1818	-31.90191781
1819	-29.70164384
1820	-27.90136986
1821	-18.40109589
1822	-14.80082192
1823	-24.20054795
1824	-21.80027397
1825	-19.1
1826	-13.19972603
1827	-11.29945205
1828	-10.39917808
1829	-7.79890411
1830	-11.49863014
1831	-13.89835616
1832	-15.19808219
1833	-15.69780822
1834	-2.597534247
1835	-3.097260274
1836	-12.6969863
1837	-24.79671233
1838	-25.09643836
1839	-29.79616438
1840	-28.19589041
1841	-28.69561644
1842	-23.29534247
1843	-19.19506849
1844	-19.89479452
1845	-14.59452055
1846	-12.59424658
1847	-22.1939726
1848	-24.29369863
1849	-27.29342466
1850	-31.39315068
1851	-30.79287671
1852	-27.09260274
1853	-24.89232877
1854	-21.69205479
1855	-22.09178082
1856	-9.791506849
1857	-11.09123288
1858	-9.690958904
1859	-7.390684932
1860	-16.69041096
1861	-27.19013699
1862	-23.48986301
1863	-27.08958904
1864	-29.18931507
1865	-26.0890411
1866	-25.78876712
1867	-24.88849315
1868	-34.38821918
1869	-37.08794521
1870	-34.78767123
1871	-31.08739726
1872	-27.38712329
1873	-11.88684932
1874	-5.986575342
1875	-0.78630137
1876	-2.686027397
1877	-9.385753425
1878	-13.78547945
1879	-15.28520548
1880	-11.78493151
1881	-3.284657534
1882	-7.784383562
1883	-2.284109589
1884	-2.983835616
1885	-7.283561644
1886	-22.88328767
1887	-9.483013699
1888	-3.282739726
1889	-16.08246575
1890	-21.88219178
1891	-14.48191781
1892	-7.281643836
1893	-22.08136986
1894	-27.08109589
1895	-27.08082192
1896	-30.18054795
1897	-33.38027397
1898	-34.58
1899	-31.27972603
1900	-23.77945205
1901	-14.37917808
1902	-9.47890411
1903	-15.27863014
1904	-18.57835616
1905	-19.17808219
1906	-21.17780822
1907	-21.87753425
1908	-18.67726027
1909	-19.3769863
1910	-11.67671233
1911	-20.77643836
1912	-19.37616438
1913	-19.77589041
1914	-19.47561644
1915	-18.47534247
1916	-18.37506849
1917	-20.77479452
1918	-16.77452055
1919	-17.37424658
1920	-21.8739726
1921	-22.87369863
1922	-19.07342466
1923	-17.87315068
1924	-11.87287671
1925	-13.87260274
1926	-12.57232877
1927	-11.47205479
1928	-13.07178082
1929	-12.67150685
1930	-13.77123288
1931	-16.5709589
1932	-16.77068493
1933	-15.37041096
1934	-14.07013699
1935	-4.069863014
1936	4.030410959
1937	-3.969315068
1938	-1.569041096
1939	1.131232877
1940	0.231506849
1941	-1.768219178
1942	-6.367945205
1943	-10.66767123
1944	-10.56739726
1945	-8.267123288
1946	-8.566849315
1947	-7.466575342
1948	1.93369863
1949	2.133972603
1950	-6.365753425
1951	-7.065479452
1952	-6.665205479
1953	4.535068493
1954	6.835342466
1955	4.435616438
1956	-0.664109589
1957	1.636164384
1958	4.936438356
1959	1.136712329
1960	0.236986301
1961	9.237260274
1962	9.237534247
1963	11.73780822
1964	14.23808219
1965	9.338356164
1966	9.538630137
1967	11.83890411
1968	8.239178082
1969	5.939452055
1970	7.339726027
1971	7.24
1972	6.140273973
1973	9.340547945
1974	7.640821918
1975	0.94109589
1976	3.941369863
1977	-0.358356164
1978	-0.058082192
1979	0.542191781
1980	-0.257534247
1981	-0.957260274
1982	1.943013699
1983	4.143287671
1984	8.443561644
1985	10.24383562
1986	9.344109589
1987	11.34438356
1988	2.644657534
1989	7.544931507
1990	12.94520548
1991	16.44547945
1992	14.74575342
1993	11.8460274
1994	15.34630137
1995	14.77958584
1996	15.01295811
1997	20.83405311
1998	22.12803415
1999	20.35183036
2000	20.837923
2001	21.31044051
2002	18.60912643
2003	18.21098846
2004	12.53901889
2005	14.2534742
2006	19.23022593
2007	18.13679284
2008	15.11624578
2009	15.95041096
2010	11.75068493
2011	13.2509589
2012	15.65123288
2013	19.75150685
2014	11.15178082
2015	6.152054795
2016	6.052328767
2017	5.85260274
2018	5.052876712
2019	5.353150685
2020	7.353424658
2021	8.75369863
2022	7.353972603
2023	12.35424658
2024	12.05452055
2025	14.75479452
2026	10.65506849
2027	9.155342466
2028	12.65561644
2029	9.855890411
2030	6.256164384
2031	6.756438356
2032	7.956712329
2033	6.856986301
2034	7.457260274
2035	6.057534247
2036	5.057808219
2037	6.958082192
2038	13.35835616
2039	8.958630137
2040	13.25890411
2041	13.85917808
2042	10.60945205
2043	10.60972603
2044	10.61
2045	10.61027397
2046	7.360547945
2047	8.460821918
2048	3.06109589
2049	2.861369863
2050	8.461643836
2051	10.66191781
2052	11.16219178
2053	8.062465753
2054	2.862739726
2055	2.863013699
2056	2.563287671
2057	2.163561644
2058	4.763835616
2059	8.164109589
2060	6.064383562
2061	4.464657534
2062	7.364931507
2063	11.76520548
2064	10.06547945
2065	2.965753425
2066	3.366027397
2067	3.16630137
2068	0.366575342
2069	0.711614168
2070	4.447537474
2071	4.793290416
2072	5.175277332
2073	4.589765588
2074	5.020359527
2075	6.7206335
2076	3.590587505
2077	2.176647195
2078	-0.554791776
2079	-0.149996773
2080	1.169863014
2081	1.270136986
2082	1.970410959
2083	0.770684932
2084	0.770958904
2085	-0.828767123
2086	-1.028493151
2087	-3.028219178
2088	-3.027945205
2089	-3.627671233
2090	-3.32739726
2091	-4.827123288
2092	-4.926849315
2093	-3.626575342
2094	-1.12630137
2095	-1.226027397
2096	-3.212777239
2097	-1.95948084
2098	-3.372503759
2099	-1.572229786
2100	-2.858658923
2101	0.275616438
2102	3.675890411
2103	0.976164384
2104	-2.223561644
2105	-4.823287671
2106	-9.323013699
2107	-10.62273973
2108	-10.42246575
2109	-11.52219178
2110	-6.421917808
2111	-5.721643836
2112	-5.321369863
2113	-4.82109589
2114	-5.520821918
2115	-10.62054795
2116	-11.12027397
2117	-7.02
2118	-5.219726027
2119	-7.819452055
2120	-7.719178082
2121	-8.21890411
2122	-9.118630137
2123	-4.418356164
2124	-2.318082192
2125	-5.917808219
2126	-6.617534247
2127	-9.617260274
2128	-11.3169863
2129	-15.31671233
2130	-17.61643836
2131	-8.316164384
2132	-2.415890411
2133	-1.915616438
2134	-3.015342466
2135	-4.315068493
2136	-10.61479452
2137	-9.114520548
2138	-7.814246575
2139	-4.613972603
2140	-7.61369863
2141	-10.81342466
2142	-16.11315068
2143	-22.01287671
2144	-24.71260274
2145	-24.71232877
2146	-26.61205479
2147	-27.61178082
2148	-24.51150685
2149	-18.31123288
2150	-20.3109589
2151	-19.71068493
2152	-21.11041096
2153	-18.01013699
2154	-5.909863014
2155	-3.509589041
2156	-7.509315068
2157	-12.6090411
2158	-13.50876712
2159	-14.60849315
2160	-18.80821918
2161	-23.60794521
2162	-28.50767123
2163	-34.50739726
2164	-33.60712329
2165	-34.80684932
2166	-35.20657534
2167	-32.10630137
2168	-27.8060274
2169	-27.70575342
2170	-30.50547945
2171	-30.20520548
2172	-32.30493151
2173	-30.50465753
2174	-27.50438356
2175	-10.30410959
2176	-8.803835616
2177	-10.80356164
2178	-16.20328767
2179	-20.1030137
2180	-20.20273973
2181	-23.10246575
2182	-29.90219178
2183	-31.80191781
2184	-29.60164384
2185	-27.80136986
2186	-18.30109589
2187	-14.70082192
2188	-24.10054795
2189	-21.70027397
2190	-19
2191	-13.09972603
2192	-11.19945205
2193	-10.29917808
2194	-7.69890411
2195	-11.39863014
2196	-13.79835616
2197	-15.09808219
2198	-15.59780822
2199	-2.497534247
2200	-2.997260274
2201	-12.5969863
2202	-24.69671233
2203	-24.99643836
2204	-29.48258842
2205	-27.13870936
2206	-27.01749168
2207	-22.23816142
2208	-19.09506849
2209	-19.79479452
2210	-14.49452055
2211	-12.49424658
2212	-22.0939726
2213	-24.19369863
2214	-27.19342466
2215	-31.29315068
2216	-30.69287671
2217	-26.99260274
2218	-24.79232877
2219	-21.59205479
2220	-21.99178082
2221	-9.691506849
2222	-10.99123288
2223	-9.590958904
2224	-7.290684932
2225	-16.59041096
2226	-27.09013699
2227	-23.38986301
2228	-26.98958904
2229	-29.08931507
2230	-25.9890411
2231	-25.68876712
2232	-24.78849315
2233	-34.28821918
2234	-36.98794521
2235	-34.68767123
2236	-30.98739726
2237	-27.28712329
2238	-11.78684932
2239	-5.886575342
2240	-0.68630137
2241	-2.586027397
2242	-9.285753425
2243	-13.68547945
2244	-15.18520548
2245	-11.68493151
2246	-3.184657534
2247	-7.684383562
2248	-2.184109589
2249	-2.883835616
2250	-7.183561644
2251	-22.78328767
2252	-9.383013699
2253	-3.182739726
2254	-15.98246575
2255	-21.78219178
2256	-14.38191781
2257	-7.181643836
2258	-21.98136986
2259	-26.98109589
2260	-26.98082192
2261	-30.08054795
2262	-33.28027397
2263	-34.48
2264	-31.17972603
2265	-23.67945205
2266	-14.27917808
2267	-9.37890411
2268	-15.17863014
2269	-18.47835616
2270	-19.07808219
2271	-21.07780822
2272	-21.77753425
2273	-18.57726027
2274	-19.2769863
2275	-11.57671233
2276	-20.67643836
2277	-19.27616438
2278	-19.67589041
2279	-19.37561644
2280	-18.37534247
2281	-18.27506849
2282	-20.67479452
2283	-16.67452055
2284	-17.27424658
2285	-21.7739726
2286	-22.77369863
2287	-18.97342466
2288	-17.77315068
2289	-11.77287671
2290	-13.77260274
2291	-12.47232877
2292	-11.37205479
2293	-12.97178082
2294	-12.57150685
2295	-13.67123288
2296	-16.4709589
2297	-16.67068493
2298	-15.27041096
2299	-13.97013699
2300	-3.969863014
2301	4.130410959
2302	-3.869315068
2303	-1.469041096
2304	1.231232877
2305	0.331506849
2306	-1.668219178
2307	-6.267945205
2308	-10.56767123
2309	-10.46739726
2310	-8.167123288
2311	-8.466849315
2312	-7.366575342
2313	2.03369863
2314	2.233972603
2315	-6.265753425
2316	-6.965479452
2317	-6.565205479
2318	4.635068493
2319	6.935342466
2320	4.535616438
2321	-0.564109589
2322	1.736164384
2323	5.036438356
2324	1.236712329
2325	0.56377425
2326	9.941280251
2327	10.49810651
2328	13.44653626
2329	15.94681023
2330	10.59892843
2331	10.24265011
2332	11.93890411
2333	8.339178082
2334	6.039452055
2335	7.439726027
2336	7.34
2337	6.240273973
2338	9.440547945
2339	7.740821918
2340	1.04109589
2341	4.041369863
2342	-0.258356164
2343	0.041917808
2344	0.642191781
2345	-0.157534247
2346	-0.857260274
2347	2.043013699
2348	4.243287671
2349	8.543561644
2350	10.34383562
2351	9.444109589
2352	11.44438356
2353	2.744657534
2354	7.644931507
2355	13.04520548
2356	16.54547945
2357	14.84575342
2358	11.9460274
2359	15.44630137
2360	14.54657534
2361	14.54684932
2362	20.04712329
2363	20.94739726
2364	18.74767123
2365	18.84794521
2366	19.04821918
2367	16.24849315
2368	15.94876712
2369	10.5490411
2370	12.64931507
2371	18.04958904
2372	17.34986301
2373	14.65013699
2374	16.05041096
2375	11.85068493
2376	13.3509589
2377	15.75123288
2378	19.85150685
2379	11.25178082
2380	6.252054795
2381	6.152328767
2382	5.95260274
2383	5.152876712
2384	5.453150685
2385	7.453424658
2386	8.85369863
2387	7.453972603
2388	12.45424658
2389	12.15452055
2390	14.85479452
2391	10.75506849
2392	9.255342466
2393	12.75561644
2394	9.955890411
2395	6.356164384
2396	6.856438356
2397	8.056712329
2398	6.956986301
2399	7.557260274
2400	6.157534247
2401	5.157808219
2402	7.058082192
2403	13.45835616
2404	9.058630137
2405	13.35890411
2406	13.95917808
2407	10.70945205
2408	10.70972603
2409	10.71
2410	10.71027397
2411	7.460547945
2412	8.560821918
2413	3.16109589
2414	2.961369863
2415	8.561643836
2416	10.76191781
2417	11.26219178
2418	8.162465753
2419	2.962739726
2420	2.963013699
2421	2.663287671
2422	2.263561644
2423	4.863835616
2424	8.264109589
2425	6.164383562
2426	4.564657534
2427	7.464931507
2428	11.86520548
2429	10.16547945
2430	3.065753425
2431	3.466027397
2432	3.26630137
2433	0.466575342
2434	0.666849315
2435	4.267123288
2436	4.41739726
2437	4.567671233
2438	3.767945205
2439	4.068219178
2440	5.768493151
2441	2.768767123
2442	1.569041096
2443	-0.930684932
2444	-0.330410959
2445	1.269863014
2446	1.370136986
2447	2.070410959
2448	0.870684932
2449	0.870958904
2450	-0.728767123
2451	-0.928493151
2452	-2.928219178
2453	-2.927945205
2454	-3.527671233
2455	-3.22739726
2456	-4.727123288
2457	-4.826849315
2458	-3.526575342
2459	-1.02630137
2460	-1.126027397
2461	-3.325753425
2462	-2.625479452
2463	-4.725205479
2464	-2.598326511
2465	-2.532519161
2466	2.308038122
2467	6.189193044
2468	3.008586067
2469	-1.13142327
2470	-4.723287671
2471	-9.223013699
2472	-10.52273973
2473	-10.32246575
2474	-11.42219178
2475	-6.321917808
2476	-5.621643836
2477	-5.221369863
2478	-4.72109589
2479	-5.420821918
2480	-10.52054795
2481	-11.02027397
2482	-6.92
2483	-5.119726027
2484	-7.719452055
2485	-7.619178082
2486	-8.11890411
2487	-9.018630137
2488	-4.318356164
2489	-2.218082192
2490	-5.817808219
2491	-6.517534247
2492	-9.517260274
2493	-11.2169863
2494	-15.21671233
2495	-17.51643836
2496	-8.216164384
2497	-2.315890411
2498	-1.815616438
2499	-2.915342466
2500	-4.215068493
2501	-10.51479452
2502	-9.014520548
2503	-7.714246575
2504	-4.513972603
2505	-7.51369863
2506	-10.71342466
2507	-16.01315068
2508	-21.91287671
2509	-24.61260274
2510	-24.61232877
2511	-26.51205479
2512	-27.51178082
2513	-24.41150685
2514	-18.21123288
2515	-20.2109589
2516	-19.61068493
2517	-21.01041096
2518	-17.91013699
2519	-5.809863014
2520	-3.409589041
2521	-7.409315068
2522	-12.5090411
2523	-13.40876712
2524	-14.50849315
2525	-18.70821918
2526	-23.50794521
2527	-28.40767123
2528	-34.40739726
2529	-33.50712329
2530	-34.70684932
2531	-35.10657534
2532	-32.00630137
2533	-27.7060274
2534	-27.60575342
2535	-30.40547945
2536	-30.10520548
2537	-32.20493151
2538	-30.40465753
2539	-27.40438356
2540	-10.20410959
2541	-8.703835616
2542	-10.70356164
2543	-16.10328767
2544	-20.0030137
2545	-20.10273973
2546	-23.00246575
2547	-29.80219178
2548	-31.70191781
2549	-29.50164384
2550	-27.70136986
2551	-18.20109589
2552	-14.60082192
2553	-24.00054795
2554	-21.60027397
2555	-18.9
2556	-12.99972603
2557	-11.09945205
2558	-10.19917808
2559	-7.59890411
2560	-11.29863014
2561	-13.69835616
2562	-14.99808219
2563	-15.49780822
2564	-2.397534247
2565	-2.897260274
2566	-12.4969863
2567	-24.59671233
2568	-24.89643836
2569	-29.59616438
2570	-27.99589041
2571	-28.49561644
2572	-23.09534247
2573	-18.99506849
2574	-19.69479452
2575	-14.39452055
2576	-12.39424658
2577	-21.9939726
2578	-24.09369863
2579	-27.09342466
2580	-31.19315068
2581	-30.59287671
2582	-26.89260274
2583	-24.69232877
2584	-21.49205479
2585	-21.89178082
2586	-9.591506849
2587	-10.89123288
2588	-9.490958904
2589	-7.190684932
2590	-16.49041096
2591	-26.99013699
2592	-23.28986301
2593	-26.88958904
2594	-28.98931507
2595	-25.8890411
2596	-25.58876712
2597	-24.68849315
2598	-34.18821918
2599	-36.88794521
2600	-34.58767123
2601	-30.88739726
2602	-27.18712329
2603	-11.68684932
2604	-5.786575342
2605	-0.58630137
2606	-2.486027397
2607	-9.185753425
2608	-13.31124286
2609	-13.85616236
2610	-9.558581967
2611	-1.855614411
2612	-7.584383562
2613	-2.084109589
2614	-2.783835616
2615	-7.083561644
2616	-22.68328767
2617	-9.283013699
2618	-3.082739726
2619	-15.88246575
2620	-21.68219178
2621	-14.28191781
2622	-7.081643836
2623	-21.88136986
2624	-26.88109589
2625	-26.88082192
2626	-29.98054795
2627	-33.18027397
2628	-34.38
2629	-31.07972603
2630	-23.57945205
2631	-14.17917808
2632	-9.27890411
2633	-15.07863014
2634	-18.37835616
2635	-18.97808219
2636	-20.97780822
2637	-21.67753425
2638	-18.47726027
2639	-19.1769863
2640	-11.47671233
2641	-20.57643836
2642	-19.17616438
2643	-19.57589041
2644	-19.27561644
2645	-18.27534247
2646	-18.17506849
2647	-20.57479452
2648	-16.57452055
2649	-17.17424658
2650	-21.6739726
2651	-22.67369863
2652	-18.87342466
2653	-17.67315068
2654	-11.67287671
2655	-13.67260274
2656	-12.37232877
2657	-11.27205479
2658	-12.87178082
2659	-12.47150685
2660	-13.57123288
2661	-16.3709589
2662	-16.57068493
2663	-15.17041096
2664	-13.87013699
2665	-3.869863014
2666	4.230410959
2667	-3.769315068
2668	-1.369041096
2669	1.331232877
2670	0.431506849
2671	-1.568219178
2672	-6.167945205
2673	-10.46767123
2674	-10.36739726
2675	-8.067123288
2676	-8.366849315
2677	-7.266575342
2678	2.13369863
2679	2.333972603
2680	-6.165753425
2681	-6.865479452
2682	-6.465205479
2683	4.735068493
2684	7.035342466
2685	4.635616438
2686	-0.464109589
2687	1.836164384
2688	5.136438356
2689	1.336712329
2690	0.436986301
2691	9.437260274
2692	9.437534247
2693	11.93780822
2694	14.43808219
2695	9.538356164
2696	9.738630137
2697	12.03890411
2698	8.439178082
2699	6.139452055
2700	7.539726027
2701	7.44
2702	6.340273973
2703	9.540547945
2704	7.840821918
2705	1.14109589
2706	4.141369863
2707	-0.158356164
2708	0.141917808
2709	0.742191781
2710	-0.057534247
2711	-0.757260274
2712	2.143013699
2713	4.343287671
2714	8.643561644
2715	10.44383562
2716	9.544109589
2717	11.54438356
2718	2.844657534
2719	7.744931507
2720	13.14520548
2721	16.64547945
2722	14.94575342
2723	12.0460274
2724	15.54630137
2725	14.64657534
2726	14.64684932
2727	20.14712329
2728	21.04739726
2729	18.84767123
2730	18.94794521
2731	19.14821918
2732	16.34849315
2733	16.04876712
2734	10.6490411
2735	12.74931507
2736	18.14958904
2737	17.44986301
2738	14.75013699
2739	16.15041096
2740	11.95068493
2741	13.4509589
2742	15.85123288
2743	19.95150685
2744	11.35178082
2745	6.352054795
2746	6.252328767
2747	6.05260274
2748	5.252876712
2749	5.553150685
2750	7.553424658
2751	8.95369863
2752	7.553972603
2753	12.55424658
2754	12.25452055
2755	14.95479452
2756	10.85506849
2757	9.355342466
2758	12.85561644
2759	10.05589041
2760	6.456164384
2761	6.956438356
2762	8.156712329
2763	7.056986301
2764	7.657260274
2765	6.257534247
2766	5.257808219
2767	7.158082192
2768	13.55835616
2769	9.158630137
2770	13.45890411
2771	14.05917808
2772	10.80945205
2773	10.80972603
2774	10.81
2775	10.81027397
2776	7.560547945
2777	8.660821918
2778	3.26109589
2779	3.061369863
2780	8.661643836
2781	10.86191781
2782	11.36219178
2783	8.262465753
2784	3.062739726
2785	3.063013699
2786	2.763287671
2787	2.363561644
2788	4.963835616
2789	8.364109589
2790	6.264383562
2791	4.664657534
2792	7.564931507
2793	11.96520548
2794	10.26547945
2795	3.165753425
2796	3.566027397
2797	3.36630137
2798	0.566575342
2799	0.766849315
2800	4.367123288
2801	4.51739726
2802	4.667671233
2803	3.867945205
2804	4.168219178
2805	5.868493151
2806	2.868767123
2807	1.669041096
2808	-0.830684932
2809	-0.230410959
2810	1.369863014
2811	1.470136986
2812	2.170410959
2813	0.970684932
2814	0.970958904
2815	-0.628767123
2816	-0.828493151
2817	-2.828219178
2818	-2.827945205
2819	-3.107741248
2820	-1.976724369
2821	-2.44489415
2822	-2.544620178
2823	-2.275902451
2824	-0.92630137
2825	-1.026027397
2826	-3.225753425
2827	-2.525479452
2828	-4.625205479
2829	-2.824931507
2830	-3.424657534
2831	0.475616438
2832	3.875890411
2833	1.176164384
2834	-2.023561644
2835	-4.623287671
2836	-9.123013699
2837	-10.42273973
2838	-10.22246575
2839	-11.32219178
2840	-6.221917808
2841	-5.521643836
2842	-5.121369863
2843	-4.62109589
2844	-5.320821918
2845	-10.42054795
2846	-10.92027397
2847	-6.82
2848	-5.019726027
2849	-7.619452055
2850	-7.519178082
2851	-8.01890411
2852	-8.918630137
2853	-4.218356164
2854	-2.118082192
2855	-5.717808219
2856	-6.417534247
2857	-9.417260274
2858	-11.1169863
2859	-15.11671233
2860	-17.41643836
2861	-8.116164384
2862	-2.215890411
2863	-1.715616438
2864	-2.815342466
2865	-4.115068493
2866	-10.41479452
2867	-8.914520548
2868	-7.614246575
2869	-4.413972603
2870	-7.41369863
2871	-10.61342466
2872	-15.91315068
2873	-21.81287671
2874	-24.51260274
2875	-24.51232877
2876	-26.41205479
2877	-27.41178082
2878	-24.31150685
2879	-18.11123288
2880	-20.1109589
2881	-19.51068493
2882	-20.91041096
2883	-17.81013699
2884	-5.709863014
2885	-3.309589041
2886	-7.309315068
2887	-12.4090411
2888	-13.30876712
2889	-14.40849315
2890	-18.60821918
2891	-23.40794521
2892	-28.30767123
2893	-34.30739726
2894	-33.40712329
2895	-34.60684932
2896	-35.00657534
2897	-31.90630137
2898	-27.6060274
2899	-27.50575342
2900	-30.30547945
2901	-30.00520548
2902	-32.10493151
2903	-30.30465753
2904	-27.30438356
2905	-10.10410959
2906	-8.603835616
2907	-10.60356164
2908	-16.00328767
2909	-19.9030137
2910	-20.00273973
2911	-22.90246575
2912	-29.70219178
2913	-31.60191781
2914	-29.40164384
2915	-27.60136986
2916	-18.10109589
2917	-14.50082192
2918	-23.90054795
2919	-21.50027397
2920	-18.8
2921	-12.89972603
2922	-10.82190401
2923	-9.673262454
2924	-6.703188959
2925	-10.04087142
2926	-12.28644367
2927	-13.74032348
2928	-14.60209307
2929	-1.871618618
2930	-2.797260274
2931	-12.3969863
2932	-24.49671233
2933	-24.79643836
2934	-29.49616438
2935	-27.89589041
2936	-28.39561644
2937	-22.99534247
2938	-18.89506849
2939	-19.59479452
2940	-14.29452055
2941	-12.29424658
2942	-21.8939726
2943	-23.99369863
2944	-26.99342466
2945	-31.09315068
2946	-30.49287671
2947	-26.79260274
2948	-24.59232877
2949	-21.39205479
2950	-21.79178082
2951	-9.491506849
2952	-10.79123288
2953	-9.390958904
2954	-7.090684932
2955	-16.39041096
2956	-26.89013699
2957	-23.18986301
2958	-26.78958904
2959	-28.88931507
2960	-25.7890411
2961	-25.48876712
2962	-24.58849315
2963	-34.08821918
2964	-36.78794521
2965	-34.48767123
2966	-30.78739726
2967	-27.08712329
2968	-11.58684932
2969	-5.686575342
2970	-0.48630137
2971	-2.386027397
2972	-9.085753425
2973	-13.48547945
2974	-14.98520548
2975	-11.48493151
2976	-2.984657534
2977	-7.484383562
2978	-1.984109589
2979	-2.683835616
2980	-6.983561644
2981	-22.58328767
2982	-9.183013699
2983	-2.982739726
2984	-15.78246575
2985	-21.58219178
2986	-14.18191781
2987	-6.981643836
2988	-21.78136986
2989	-26.78109589
2990	-26.78082192
2991	-29.88054795
2992	-33.08027397
2993	-34.28
2994	-30.97972603
2995	-23.47945205
2996	-14.07917808
2997	-9.17890411
2998	-14.97863014
2999	-18.27835616
3000	-18.87808219
3001	-20.87780822
3002	-21.57753425
3003	-18.37726027
3004	-19.0769863
3005	-11.37671233
3006	-20.47643836
3007	-19.07616438
3008	-19.47589041
3009	-19.17561644
3010	-18.17534247
3011	-18.07506849
3012	-20.47479452
3013	-16.47452055
3014	-17.07424658
3015	-21.5739726
3016	-22.57369863
3017	-18.77342466
3018	-17.57315068
3019	-11.57287671
3020	-13.57260274
3021	-12.27232877
3022	-11.17205479
3023	-12.77178082
3024	-12.37150685
3025	-13.47123288
3026	-16.2709589
3027	-16.47068493
3028	-15.07041096
3029	-13.77013699
3030	-3.769863014
3031	4.330410959
3032	-3.669315068
3033	-1.269041096
3034	1.431232877
3035	0.531506849
3036	-1.468219178
3037	-6.067945205
3038	-10.36767123
3039	-10.26739726
3040	-7.967123288
3041	-8.266849315
3042	-7.166575342
3043	2.23369863
3044	2.433972603
3045	-6.065753425
3046	-6.765479452
3047	-6.365205479
3048	4.835068493
3049	7.135342466
3050	4.735616438
3051	-0.364109589
3052	1.936164384
3053	5.236438356
3054	1.436712329
3055	0.536986301
3056	9.537260274
3057	9.537534247
3058	12.03780822
3059	14.53808219
3060	9.638356164
3061	9.838630137
3062	12.13890411
3063	8.539178082
3064	6.239452055
3065	7.639726027
3066	7.54
3067	6.440273973
3068	9.640547945
3069	7.940821918
3070	1.24109589
3071	4.241369863
3072	-0.058356164
3073	0.241917808
3074	0.842191781
3075	0.042465753
3076	-0.657260274
3077	2.243013699
3078	4.443287671
3079	8.743561644
3080	10.54383562
3081	9.644109589
3082	11.64438356
3083	2.944657534
3084	7.844931507
3085	13.24520548
3086	16.74547945
3087	15.04575342
3088	12.1460274
3089	15.64630137
3090	14.74657534
3091	14.74684932
3092	20.24712329
3093	21.14739726
3094	18.94767123
3095	19.04794521
3096	19.24821918
3097	16.44849315
3098	16.14876712
3099	10.7490411
3100	12.84931507
3101	18.24958904
3102	17.54986301
3103	14.85013699
3104	16.25041096
3105	12.05068493
3106	13.5509589
3107	15.95123288
3108	20.05150685
3109	11.45178082
3110	6.452054795
3111	6.352328767
3112	6.15260274
3113	5.352876712
3114	5.653150685
3115	7.653424658
3116	9.05369863
3117	7.653972603
3118	12.65424658
3119	12.35452055
3120	15.05479452
3121	10.95506849
3122	9.455342466
3123	12.95561644
3124	10.15589041
3125	6.556164384
3126	7.056438356
3127	8.256712329
3128	7.156986301
3129	7.757260274
3130	6.357534247
3131	5.357808219
3132	7.258082192
3133	13.65835616
3134	9.258630137
3135	13.55890411
3136	14.15917808
3137	10.90945205
3138	10.90972603
3139	10.91
3140	10.91027397
3141	7.660547945
3142	8.760821918
3143	3.36109589
3144	3.161369863
3145	8.761643836
3146	10.96191781
3147	11.46219178
3148	8.362465753
3149	3.162739726
3150	3.163013699
3151	2.863287671
3152	2.463561644
3153	5.063835616
3154	8.464109589
3155	6.364383562
3156	4.764657534
3157	7.664931507
3158	12.06520548
3159	10.36547945
3160	3.265753425
3161	3.666027397
3162	3.46630137
3163	0.666575342
3164	0.866849315
3165	4.467123288
3166	4.61739726
3167	4.767671233
3168	3.967945205
3169	4.268219178
3170	5.968493151
3171	2.968767123
3172	1.769041096
3173	-0.730684932
3174	-0.130410959
3175	1.469863014
3176	1.570136986
3177	2.270410959
3178	1.070684932
3179	1.070958904
3180	-0.38707515
3181	-0.388591777
3182	-2.09319981
3183	-1.803997477
3184	-2.280701294
3185	-2.103449532
3186	-3.89210392
3187	-4.286947941
3188	-3.326575342
3189	-0.82630137
3190	-0.926027397
3191	-3.125753425
3192	-2.425479452
3193	-4.525205479
3194	-2.724931507
3195	-3.324657534
3196	0.575616438
3197	3.975890411
3198	1.276164384
3199	-1.923561644
3200	-4.523287671
3201	-9.023013699
3202	-10.32273973
3203	-10.12246575
3204	-11.22219178
3205	-6.121917808
3206	-5.421643836
3207	-5.021369863
3208	-4.52109589
3209	-5.220821918
3210	-10.32054795
3211	-10.82027397
3212	-6.72
3213	-4.919726027
3214	-7.519452055
3215	-7.419178082
3216	-7.91890411
3217	-8.818630137
3218	-4.118356164
3219	-2.018082192
3220	-5.617808219
3221	-6.317534247
3222	-9.317260274
3223	-11.0169863
3224	-15.01671233
3225	-17.31643836
3226	-8.016164384
3227	-2.115890411
3228	-1.615616438
3229	-2.715342466
3230	-4.015068493
3231	-10.31479452
3232	-8.814520548
3233	-7.514246575
3234	-4.313972603
3235	-7.31369863
3236	-10.51342466
3237	-15.81315068
3238	-21.71287671
3239	-24.41260274
3240	-24.41232877
3241	-26.31205479
3242	-27.31178082
3243	-24.21150685
3244	-18.01123288
3245	-20.0109589
3246	-19.41068493
3247	-20.81041096
3248	-17.71013699
3249	-5.609863014
3250	-3.209589041
3251	-7.209315068
3252	-12.3090411
3253	-13.20876712
3254	-14.30849315
3255	-18.50821918
3256	-23.30794521
3257	-28.20767123
3258	-34.20739726
3259	-33.30712329
3260	-34.50684932
3261	-34.90657534
3262	-31.80630137
3263	-27.5060274
3264	-27.40575342
3265	-30.20547945
3266	-29.90520548
3267	-32.00493151
3268	-30.20465753
3269	-27.20438356
3270	-10.00410959
3271	-8.503835616
3272	-10.50356164
3273	-15.90328767
3274	-19.8030137
3275	-19.90273973
3276	-22.80246575
3277	-29.60219178
3278	-31.50191781
3279	-29.30164384
3280	-27.50136986
3281	-18.00109589
3282	-14.40082192
3283	-23.80054795
3284	-21.40027397
3285	-18.7
3286	-12.79972603
3287	-10.89945205
3288	-9.999178082
3289	-7.39890411
3290	-11.09863014
3291	-13.49835616
3292	-14.79808219
3293	-15.29780822
3294	-2.197534247
3295	-2.697260274
3296	-12.2969863
3297	-24.39671233
3298	-24.69643836
3299	-29.39616438
3300	-27.79589041
3301	-28.29561644
3302	-22.89534247
3303	-18.79506849
3304	-19.49479452
3305	-14.19452055
3306	-12.19424658
3307	-21.7939726
3308	-23.89369863
3309	-26.89342466
3310	-30.99315068
3311	-30.39287671
3312	-26.69260274
3313	-24.49232877
3314	-21.29205479
3315	-21.69178082
3316	-9.391506849
3317	-10.69123288
3318	-9.290958904
3319	-6.990684932
3320	-16.29041096
3321	-26.79013699
3322	-23.08986301
3323	-26.68958904
3324	-28.78931507
3325	-25.6890411
3326	-25.38876712
3327	-24.48849315
3328	-33.98821918
3329	-36.68794521
3330	-34.38767123
3331	-30.68739726
3332	-26.98712329
3333	-11.48684932
3334	-5.586575342
3335	-0.38630137
3336	-2.286027397
3337	-8.985753425
3338	-13.38547945
3339	-14.88520548
3340	-11.38493151
3341	-2.884657534
3342	-7.384383562
3343	-1.884109589
3344	-2.583835616
3345	-6.883561644
3346	-22.48328767
3347	-9.083013699
3348	-2.882739726
3349	-15.68246575
3350	-21.48219178
3351	-14.08191781
3352	-6.881643836
3353	-21.68136986
3354	-26.68109589
3355	-26.68082192
3356	-29.78054795
3357	-32.98027397
3358	-34.18
3359	-30.87972603
3360	-23.37945205
3361	-13.97917808
3362	-9.07890411
3363	-14.87863014
3364	-18.17835616
3365	-18.77808219
3366	-20.77780822
3367	-21.47753425
3368	-18.27726027
3369	-18.9769863
3370	-11.27671233
3371	-20.37643836
3372	-18.97616438
3373	-19.37589041
3374	-19.07561644
3375	-18.07534247
3376	-17.97506849
3377	-20.37479452
3378	-16.37452055
3379	-16.97424658
3380	-21.4739726
3381	-22.47369863
3382	-18.67342466
3383	-17.47315068
3384	-11.47287671
3385	-13.47260274
3386	-12.17232877
3387	-11.07205479
3388	-12.67178082
3389	-12.27150685
3390	-13.37123288
3391	-16.1709589
3392	-16.37068493
3393	-14.97041096
3394	-13.67013699
3395	-3.669863014
3396	4.430410959
3397	-3.569315068
3398	-1.169041096
3399	1.531232877
3400	0.631506849
3401	-1.368219178
3402	-5.967945205
3403	-10.26767123
3404	-10.16739726
3405	-7.867123288
3406	-8.166849315
3407	-7.066575342
3408	2.33369863
3409	2.533972603
3410	-5.965753425
3411	-6.665479452
3412	-6.265205479
3413	4.935068493
3414	7.235342466
3415	4.835616438
3416	-0.264109589
3417	2.036164384
3418	5.336438356
3419	1.536712329
3420	0.636986301
3421	9.637260274
3422	9.637534247
3423	12.13780822
3424	14.63808219
3425	9.738356164
3426	9.938630137
3427	12.23890411
3428	8.639178082
3429	6.339452055
3430	7.739726027
3431	7.64
3432	6.540273973
3433	9.740547945
3434	8.040821918
3435	1.34109589
3436	4.341369863
3437	0.041643836
3438	0.341917808
3439	0.942191781
3440	0.142465753
3441	-0.557260274
3442	2.343013699
3443	4.543287671
3444	8.843561644
3445	10.64383562
3446	9.744109589
3447	11.74438356
3448	3.044657534
3449	7.944931507
3450	13.34520548
3451	16.84547945
3452	15.14575342
3453	12.2460274
3454	15.74630137
3455	14.84657534
3456	14.84684932
3457	20.34712329
3458	21.24739726
3459	19.04767123
3460	19.14794521
3461	19.34821918
3462	16.54849315
3463	16.24876712
3464	10.8490411
3465	12.94931507
3466	18.34958904
3467	17.64986301
3468	14.95013699
3469	16.35041096
3470	12.15068493
3471	13.6509589
3472	16.05123288
3473	20.15150685
3474	11.55178082
3475	6.552054795
3476	6.452328767
3477	6.25260274
3478	5.452876712
3479	5.753150685
3480	7.753424658
3481	9.15369863
3482	7.753972603
3483	12.75424658
3484	12.45452055
3485	15.15479452
3486	11.05506849
3487	9.555342466
3488	13.05561644
3489	10.25589041
3490	6.656164384
3491	7.156438356
3492	8.356712329
3493	7.256986301
3494	7.857260274
3495	6.457534247
3496	5.457808219
3497	7.358082192
3498	13.75835616
3499	9.358630137
3500	13.65890411
3501	14.25917808
3502	11.00945205
3503	11.33578234
3504	11.56428687
3505	11.87868224
3506	9.014441573
3507	10.52939346
3508	5.507429135
3509	5.574261448
3510	11.27089225
3511	13.37480939
3512	13.60852503
3513	10.1310373
3514	4.516633354
3515	4.131421961
3516	3.517574537
3517	2.563561644
3518	5.163835616
3519	8.564109589
3520	6.464383562
3521	4.864657534
3522	7.764931507
3523	12.16520548
3524	10.46547945
3525	3.365753425
3526	3.766027397
3527	3.56630137
3528	0.766575342
3529	0.966849315
3530	4.567123288
3531	4.71739726
3532	4.867671233
3533	4.067945205
3534	4.368219178
3535	6.068493151
3536	3.068767123
3537	1.869041096
3538	-0.630684932
3539	-0.030410959
3540	1.569863014
3541	1.670136986
3542	2.370410959
3543	1.170684932
3544	1.170958904
3545	-0.428767123
3546	-0.628493151
3547	-2.628219178
3548	-2.627945205
3549	-3.227671233
3550	-2.92739726
3551	-4.427123288
3552	-4.526849315
3553	-3.226575342
3554	-0.72630137
3555	-0.574890319
3556	-2.50980907
3557	-1.422229859
3558	-3.077715428
3559	-0.911935924
3560	-1.368991573
3561	2.388612021
3562	5.423380462
3563	2.279413977
3564	-1.307617289
3565	-4.423287671
3566	-8.923013699
3567	-10.22273973
3568	-10.02246575
3569	-11.12219178
3570	-6.021917808
3571	-5.321643836
3572	-4.921369863
3573	-4.42109589
3574	-5.120821918
3575	-10.22054795
3576	-10.72027397
3577	-6.62
3578	-4.819726027
3579	-7.419452055
3580	-7.319178082
3581	-7.81890411
3582	-8.718630137
3583	-4.018356164
3584	-1.918082192
3585	-5.517808219
3586	-6.217534247
3587	-9.217260274
3588	-10.9169863
3589	-14.91671233
3590	-17.21643836
3591	-7.916164384
3592	-2.015890411
3593	-1.515616438
3594	-2.615342466
3595	-3.915068493
3596	-10.21479452
3597	-8.714520548
3598	-7.414246575
3599	-4.213972603
3600	-7.21369863
3601	-10.41342466
3602	-15.71315068
3603	-21.61287671
3604	-24.31260274
3605	-24.31232877
3606	-26.21205479
3607	-27.21178082
3608	-24.11150685
3609	-17.91123288
3610	-19.9109589
3611	-19.31068493
3612	-20.71041096
3613	-17.61013699
3614	-5.509863014
3615	-3.109589041
3616	-7.109315068
3617	-12.2090411
3618	-13.10876712
3619	-14.20849315
3620	-18.40821918
3621	-23.20794521
3622	-28.10767123
3623	-34.10739726
3624	-33.20712329
3625	-34.40684932
3626	-34.80657534
3627	-31.70630137
3628	-27.4060274
3629	-27.30575342
3630	-30.10547945
3631	-29.80520548
3632	-31.90493151
3633	-30.10465753
3634	-27.10438356
3635	-9.904109589
3636	-8.403835616
3637	-10.40356164
3638	-15.80328767
3639	-19.7030137
3640	-19.80273973
3641	-22.70246575
3642	-29.50219178
3643	-31.40191781
3644	-29.20164384
3645	-27.40136986
3646	-17.90109589
3647	-14.30082192
3648	-23.70054795
3649	-21.30027397
3650	-18.6