          1      183.000   -6.163    0.241   -1.520   -2.964   -3.356   -3.611   -3.828   -4.027   -4.175    0.000      331.000      331.000
          1      548.000   -6.163    0.241   -0.954   -2.268   -2.627   -2.834   -2.991   -3.149   -3.266    0.000      708.000      343.000
          1      913.000   -6.163    0.241   -0.765   -2.018   -2.364   -2.559   -2.703   -2.853   -2.962    0.000     1079.000      349.000
          1     1278.000   -6.163    0.241   -0.669   -1.899   -2.239   -2.422   -2.551   -2.690   -2.793    0.000     1445.000      350.000
          1     1643.000   -6.163    0.241   -0.621   -1.838   -2.175   -2.354   -2.479   -2.616   -2.715    0.000     1812.000      352.000
          1     2008.000   -6.163    0.241   -0.577   -1.783   -2.115   -2.291   -2.410   -2.543   -2.640    0.000     2177.000      352.000
          1     2373.000   -6.163    0.241   -0.547   -1.740   -2.071   -2.242   -2.360   -2.491   -2.587    0.000     2544.000      354.000
          1     2738.000   -6.163    0.241   -0.518   -1.705   -2.035   -2.203   -2.317   -2.445   -2.537    0.000     2909.000      354.000
          1     3103.000   -6.163    0.241   -0.505   -1.687   -2.016   -2.182   -2.294   -2.421   -2.513    0.000     3276.000      356.000
          1     3468.000   -6.163    0.241   -0.482   -1.659   -1.986   -2.152   -2.262   -2.388   -2.478    0.000     3641.000      356.000
          1     3833.000   -6.163    0.241   -0.466   -1.640   -1.965   -2.128   -2.236   -2.360   -2.448    0.000     4007.000      357.000
          1     4198.000   -6.163    0.241   -0.455   -1.627   -1.952   -2.115   -2.222   -2.345   -2.434    0.000     4373.000      358.000
          1     4563.000   -6.163    0.241   -0.442   -1.608   -1.931   -2.093   -2.198   -2.320   -2.408    0.000     4738.000      358.000
          1     4928.000   -6.163    0.241   -0.433   -1.596   -1.918   -2.079   -2.184   -2.306   -2.394    0.000     5104.000      359.000
          1     5293.000   -6.163    0.241   -0.416   -1.576   -1.896   -2.057   -2.161   -2.281   -2.369    0.000     5469.000      359.000
          1     5658.000   -6.163    0.241   -0.412   -1.569   -1.889   -2.048   -2.150   -2.270   -2.356    0.000     5834.000      359.000
          1     6023.000   -6.163    0.241   -0.409   -1.564   -1.884   -2.042   -2.143   -2.262   -2.348    0.000     6200.000      360.000
          1     6388.000   -6.163    0.241   -0.401   -1.555   -1.873   -2.032   -2.133   -2.252   -2.338    0.000     6566.000      361.000
          1     6753.000   -6.163    0.241   -0.385   -1.537   -1.854   -2.012   -2.112   -2.230   -2.316    0.000     6931.000      361.000
          1     7118.000   -6.163    0.241   -0.376   -1.525   -1.843   -2.000   -2.098   -2.214   -2.298    0.000     7296.000      361.000
          1     7483.000   -6.163    0.241   -0.384   -1.532   -1.849   -2.006   -2.104   -2.221   -2.305    0.000     7661.000      361.000
          1     7848.000   -6.163    0.241   -0.379   -1.527   -1.843   -2.000   -2.098   -2.215   -2.299    0.000     8027.000      362.000
          1     8213.000   -6.163    0.241   -0.367   -1.511   -1.827   -1.982   -2.078   -2.195   -2.278    0.000     8391.000      361.000
          1     8578.000   -6.163    0.241   -0.369   -1.512   -1.828   -1.984   -2.079   -2.195   -2.279    0.000     8757.000      362.000
          1     8943.000   -6.163    0.241   -0.364   -1.506   -1.822   -1.977   -2.072   -2.188   -2.271    0.000     9122.000      362.000
          1     9308.000   -6.163    0.241   -0.361   -1.503   -1.818   -1.973   -2.068   -2.183   -2.266    0.000     9486.000      361.000
          1     9673.000   -6.163    0.241   -0.362   -1.503   -1.819   -1.974   -2.068   -2.183   -2.265    0.000     9851.000      361.000
          1    10038.000   -6.163    0.241   -0.363   -1.503   -1.819   -1.973   -2.066   -2.181   -2.263    0.000    10216.000      361.000
          1    10403.000   -6.163    0.241   -0.359   -1.498   -1.814   -1.967   -2.060   -2.175   -2.257    0.000    10581.000      361.000
          1    10768.000   -6.163    0.241   -0.353   -1.489   -1.805   -1.959   -2.052   -2.167   -2.249    0.000    10947.000      362.000
          1    11133.000   -6.163    0.241   -0.348   -1.484   -1.799   -1.952   -2.045   -2.160   -2.241    0.000    11312.000      362.000
          1    11498.000   -6.163    0.241   -0.344   -1.479   -1.793   -1.947   -2.038   -2.152   -2.232    0.000    11676.000      361.000
          1    11863.000   -6.163    0.241   -0.346   -1.480   -1.795   -1.948   -2.039   -2.153   -2.235    0.000    12042.000      362.000
          1    12228.000   -6.163    0.241   -0.341   -1.474   -1.788   -1.939   -2.031   -2.144   -2.225    0.000    12407.000      362.000
          1    12593.000   -6.163    0.241   -0.338   -1.469   -1.783   -1.935   -2.027   -2.141   -2.222    0.000    12773.000      363.000
          1    12958.000   -6.163    0.241   -0.330   -1.461   -1.773   -1.926   -2.017   -2.131   -2.212    0.000    13138.000      363.000
          1    13323.000   -6.163    0.241   -0.324   -1.452   -1.765   -1.916   -2.007   -2.120   -2.200    0.000    13503.000      363.000
          1    13688.000   -6.163    0.241   -0.328   -1.458   -1.772   -1.922   -2.011   -2.123   -2.202    0.000    13868.000      363.000
          1    14053.000   -6.163    0.241   -0.335   -1.464   -1.777   -1.929   -2.019   -2.132   -2.213    0.000    14234.000      364.000
          1    14418.000   -6.163    0.241   -0.329   -1.459   -1.772   -1.922   -2.011   -2.122   -2.201    0.000    14598.000      363.000
