   1.0000000000000000     
  -18.600000000000001     
  -18.599981133804754     
  -18.599962267601981     
  -18.599943401384159     
  -18.599924535143767     
  -18.599905668873284     
  -18.599886802565187     
  -18.599867936211950     
  -18.599849069806055     
  -18.599830203339984     
  -18.599811336806205     
  -18.599792470197205     
  -18.599773603505461     
  -18.599754736723451     
  -18.599735869843652     
  -18.599717002858540     
  -18.599698135760601     
  -18.599679268542317     
  -18.599660401196164     
  -18.599641533714628     
  -18.599622666090191     
  -17.341771008738036     
  -16.050496947075686     
  -14.699118988644221     
  -13.271827341026999     
  -11.764283980773161     
  -10.181469946776893     
  -8.5343416253213604     
  -6.8366738256562343     
  -6.1474832437078817     
  -5.4534066626669899     
  -4.7553257124463633     
  -4.4051071414120315     
  -4.0542093349447317     
  -3.7027374018570183     
  -3.5268251942218511     
  -3.4212276834828823     
  -3.3860207680958729     
  -3.3745031211477525     
  -3.3629828539453159     
  -3.3514561385999961     
  -3.3168331196463989     
  -3.2589935690716576     
  -3.1428068450215054     
  -3.0260208199505194     
  -2.9086599006230069     
  -2.7907474227608424     
  -2.4330702006673928     
  -2.1924933929104942     
  -2.1227107079244738     
  -2.0877797561879166     
  -1.9828415604603888     
  -1.9128186250221297     
  -1.8427614167124349     
  -1.7386122640355015     
  -1.6345549692699062     
  -1.5308280873458151     
  -1.4276846232808733     
  -1.3254482325595576     
  -1.2245385813640111     
  -1.1649229853664338     
  -1.1058760246824206     
  -1.0471737843682638     
 -0.98887056747614521     
 -0.93102608611503279     
 -0.87370638852968519     
 -0.81698499348421250     
 -0.76094428864037345     
 -0.70567726741410808     
 -0.65128970245469364     
 -0.62447647347288582     
 -0.54561353555068548     
 -0.49467293146880076     
 -0.44523018874666087     
 -0.39751441469278248     
 -0.35180007574374889     
 -0.30841807524507608     
 -0.28774698716772179     
 -0.23025345238568179     
 -0.19659284396696736     
 -0.16736441939638755     
 -0.14323428539261740     
 -0.12476249506572176     
 -0.11220503405283296     
 -0.10533316798676667     
 -0.10342606927065526     
 -0.10547917000330756     
 -0.11047556836219921     
 -0.11755977020868869     
 -0.12608679725417485     
 -0.13559933198663468     
 -0.14578301251119452     
 -0.15642443083744514     
 -0.16737892058401388     
 -0.19566040129750728     
 -0.22450450326518220     
 -0.25358948438773476     
 -0.28277445313354871     
 -0.31199342287915122     
 -0.34121296684771751     
 -0.37041445972002096     
 -0.39958630505769244     
 -0.42872040219143026     
 -0.45781048415630804     
 -0.48685130995900638     
 -0.51583825891054702     
 -0.54476711945730982     
 -0.57363397457111054     
 -0.60243513632059997     
 -0.63116710617641825     
 -0.65982654919486450     
 -0.68841027596045612     
 -0.71691522906144112     
 -0.74533847235901562     
 -0.80191979864992469     
 -0.85814268280110850     
 -0.91398709406961776     
 -0.96943434688847119     
  -1.0244669648717968     
  -1.0790685711473049     
  -1.1332237998444343     
  -1.1869182247078718     
  -1.2401383015622596     
  -1.2928713219225361     
  -1.3451053755037057     
  -1.3968293197679000     
  -1.4480327549720142     
  -1.4987060034555830     
  -1.5488400921425769     
  -1.5984267374277334     
  -1.6474583317825848     
  -1.6959279315527291     
  -1.7438292455300370     
  -1.7911566239749770     
  -1.8379050478383270     
  -1.8840701179911041     
  -1.9296480443191490     
  -1.9746356345766407     
  -2.0190302829227242     
  -2.0628299580891132     
  -2.1060331911451184     
  -2.1486390628413745     
  -2.2237134876183973     
  -2.3300871092812141     
  -2.4601038065215115     
  -2.5490403105101880     
  -2.6815675203551854     
  -2.7960601537166383     
  -2.8944506160892187     
  -2.9788554539074568     
  -3.0514544556628200     
  -3.1143854283063943     
  -3.1696586857980447     
  -3.2190933889468782     
  -3.2642760209596400     
  -3.3065396508302336     
  -3.3469613544211279     
  -3.3863743043633057     
  -3.4253906234486835     
  -3.4644310898326154     
  -3.5433685623576405     
  -3.6240552370149954     
  -3.7060586018530328     
  -3.7885910420904345     
  -3.8708957078307886     
  -3.9524063650041130     
  -4.0327687562008760     
  -4.1117967642592088     
  -4.2545935825026797     
  -4.5862733656067185     
  -4.8808002775028649     
  -5.6062008355860877     
  -5.8701625227734597     
  -6.0368833922110525     
  -6.1272583913084429     
  -6.1556824634301393     
