          1        1.000 -12.799726030000   0.430000000000  -3.485625827815  -2.440000000000  -2.087000000000  -1.627000000000  -1.043000000000  -0.636000000000  -0.325000000000
          1        2.000 -10.899452050000   0.430000000000  -3.179391317167  -2.362282547222  -2.059580328391  -1.657342453496  -1.142056472495  -0.796900660159  -0.549492621152
          1        3.000  -9.999178082000   0.430000000000  -3.221433020424  -2.377255983480  -2.072316043554  -1.683524808308  -1.217389789907  -0.909116055595  -0.672332361754
          1        4.000  -7.398904110000   0.430000000000  -3.172100744880  -2.390715986861  -2.100697348173  -1.729067350306  -1.289022940210  -0.998420380266  -0.768173151180
          1        5.000 -11.098630140000   0.410000000000  -3.069630995885  -2.365547574712  -2.104872334174  -1.766384035980  -1.354238511698  -1.075761279898  -0.849952061944
          1        6.000 -13.498356160000   0.410000000000  -3.210420636998  -2.411575945924  -2.139647184960  -1.803894722954  -1.409837213633  -1.142313153133  -0.921404200711
          1        7.000 -14.798082190000   0.410000000000  -3.509706874146  -2.561863952903  -2.248059145206  -1.875950656057  -1.470032355783  -1.204702545446  -0.985909396180
          1        8.000 -15.297808220000   0.410000000000  -3.827922094113  -2.762882338651  -2.407218581706  -1.988912079836  -1.550010191353  -1.274515618082  -1.050836215734
          1        9.000  -2.197534247000   0.410000000000  -3.895233014173  -2.919581224844  -2.562150859191  -2.123923377656  -1.652145671920  -1.358458318922  -1.123023385035
          1       10.000  -2.697260274000   0.410000000000  -3.303345057024  -2.777338863309  -2.535692913992  -2.191469119813  -1.749225456313  -1.448620679031  -1.202582542611
          1       11.000 -12.296986300000   0.410000000000  -2.953507588257  -2.561105490062  -2.397963652662  -2.154698055826  -1.791935015863  -1.514195111255  -1.273854169000
          1       12.000 -24.396712330000   0.410000000000  -3.421661714357  -2.634678277710  -2.404416579057  -2.134758036515  -1.800265061910  -1.548161868836  -1.323632568426
          1       13.000 -24.696438360000   0.410000000000  -4.511387030557  -3.115907351210  -2.702261687592  -2.263926952963  -1.847303859730  -1.586132229721  -1.364871167100
          1       14.000 -29.396164380000   0.380000000000  -5.610069322729  -3.758250815707  -3.183802752260  -2.562576805230  -1.993735355201  -1.676057559953  -1.428688374661
          1       15.000 -27.795890410000   0.410000000000  -6.757731739954  -4.534638490499  -3.810270594753  -3.007001231338  -2.253114197991  -1.843686093456  -1.541389503954
          1       16.000 -28.295616440000   0.410000000000  -7.308399529357  -5.121721228367  -4.373029004063  -3.498754632971  -2.604438713880  -2.093189947830  -1.716958614006
          1       17.000 -22.895342470000   0.430000000000  -7.612591437950  -5.534977932323  -4.805479815175  -3.926413022789  -2.967000272591  -2.383222449662  -1.940872810341
          1       18.000 -18.795068490000   0.430000000000  -7.544412729159  -5.738844015945  -5.080449821457  -4.253494368660  -3.291379103770  -2.670216872952  -2.182418366246
          1       19.000 -19.494794520000   0.480000000000  -7.285061347343  -5.756827573150  -5.187904206288  -4.448751862778  -3.539639959727  -2.918791838092  -2.412013569613
          1       20.000 -14.194520550000   0.480000000000  -7.054999839709  -5.717993709119  -5.215776477777  -4.552579099069  -3.710415328677  -3.112488173809  -2.608532345152
          1       21.000 -12.194246580000   0.500000000000  -6.696819338760  -5.599310598976  -5.172868006585  -4.590987150210  -3.822391028181  -3.257117093314  -2.767964070089
          1       22.000 -21.793972600000   0.480000000000  -6.409999360776  -5.440475902764  -5.072324009689  -4.565909542052  -3.877947540631  -3.354734248200  -2.890050105068
          1       23.000 -23.893698630000   0.480000000000  -6.641206825029  -5.484214988290  -5.082464165476  -4.569638745444  -3.912122804525  -3.419911659508  -2.979746354186
          1       24.000 -26.893424660000   0.460000000000  -7.102319904664  -5.723292313348  -5.254252881260  -4.680215166715  -3.988422275432  -3.494722096676  -3.061951336376
          1       25.000 -30.993150680000   0.430000000000  -7.727467594735  -6.082503279036  -5.534795655620  -4.881717079862  -4.124741672306  -3.605336835550  -3.161361770989
          1       26.000 -30.392876710000   0.410000000000  -8.579481856338  -6.618929171217  -5.964191518161  -5.195748066552  -4.333417713359  -3.764442989798  -3.291750182593
          1       27.000 -26.692602740000   0.410000000000  -9.157318965399  -7.122965720920  -6.420238340161  -5.575674465678  -4.612788773480  -3.981162794034  -3.464869795988
          1       28.000 -24.492328770000   0.480000000000  -9.331213045762  -7.431688323823  -6.752835232894  -5.906908608648  -4.902874582250  -4.227147328521  -3.670940557190
          1       29.000 -21.292054790000   0.460000000000  -9.235520023404  -7.549655339892  -6.930664715433  -6.133084328235  -5.146657110947  -4.458840583259  -3.881123180149
          1       30.000 -21.691780820000   0.460000000000  -9.022542565577  -7.539026122040  -6.986367876888  -6.256423737348  -5.322652791147  -4.649219457119  -4.070128334458
          1       31.000  -9.391506849000   0.430000000000  -8.728812728022  -7.462885189424  -6.973829539687  -6.310613371399  -5.438618365371  -4.792972725580  -4.226368182150
          1       32.000 -10.691232880000   0.410000000000  -7.959898064794  -7.130944176815  -6.775064182472  -6.243532373434  -5.482420970043  -4.885737621019  -4.345460371721
          1       33.000  -9.290958904000   0.410000000000  -7.366365971259  -6.748911744163  -6.480629306113  -6.063374169423  -5.430425436272  -4.905381687186  -4.410991205383
          1       34.000  -6.990684932000   0.410000000000  -6.889800260470  -6.418335992973  -6.206053988844  -5.865686024526  -5.330690162114  -4.871138162824  -4.426182112840
          1       35.000 -16.290410960000   0.410000000000  -6.580518279103  -6.135323440075  -5.953498260474  -5.667120606746  -5.209919687614  -4.806633881271  -4.407431374625
          1       36.000 -26.790136990000   0.410000000000  -7.018284450382  -6.177887330820  -5.907856245867  -5.568498400765  -5.112734386783  -4.737931931409  -4.371705781232
          1       37.000 -23.089863010000   0.410000000000  -7.939671421732  -6.611460668702  -6.184571752817  -5.693252574328  -5.128724526811  -4.725169941391  -4.357812390257
          1       38.000 -26.689589040000   0.410000000000  -8.536629766402  -7.044976417616  -6.543034839405  -5.948268383010  -5.266276852478  -4.802340139048  -4.402641076237
          1       39.000 -28.789315070000   0.410000000000  -9.126554858008  -7.461505164767  -6.899286403288  -6.229357317342  -5.458179821274  -4.938719929831  -4.500316453729
          1       40.000 -25.689041100000   0.410000000000  -9.660544074452  -7.887974024523  -7.277681827297  -6.541537249893  -5.687577153597  -5.114370126683  -4.635855917052
          1       41.000 -25.388767120000   0.410000000000  -9.905488029056  -8.189556086473  -7.582754261132  -6.829240915762  -5.928867127175  -5.313974704805  -4.799080947748
          1       42.000 -24.488493150000   0.410000000000 -10.041708950715  -8.391558134953  -7.801697384354  -7.056433478659  -6.145138929554  -5.509364042766  -4.970536475029
          1       43.000 -33.988219180000   0.410000000000 -10.287017627547  -8.585495249979  -7.991732260526  -7.246980778649  -6.333093221443  -5.688107577839  -5.135782496666
          1       44.000 -36.687945210000   0.410000000000 -11.065059037835  -9.026917989811  -8.339867730764  -7.513220927431  -6.538852822065  -5.868064215152  -5.298528564655
          1       45.000 -34.387671230000   0.410000000000 -11.869497918927  -9.607222025588  -8.833655528143  -7.903919037487  -6.822118724830  -6.094084116287  -5.487280377130
          1       46.000 -30.687397260000   0.460000000000 -12.296322648378 -10.065454314783  -9.278679507995  -8.306871428465  -7.150501589169  -6.366030235646  -5.714195743382
          1       47.000 -26.987123290000   0.460000000000 -12.290137401097 -10.282705128455  -9.550337115901  -8.611115142627  -7.450314318018  -6.639869862717  -5.956813875322
          1       48.000 -11.486849320000   0.460000000000 -11.906532867158 -10.255565443193  -9.621988321515  -8.770283016800  -7.668932052410  -6.870279322002  -6.180836570844
          1       49.000  -5.586575342000   0.410000000000 -10.776721996063  -9.810357578575  -9.374728234390  -8.709837584010  -7.759244634172  -7.019827114563  -6.355403632528
          1       50.000  -0.386301370000   0.410000000000  -9.340527289304  -9.018090500128  -8.800085812806  -8.376051461279  -7.660551251996  -7.037799050187  -6.440772490315
          1       51.000  -2.286027397000   0.410000000000  -8.064973438207  -8.159446429863  -8.102713972496  -7.883995609888  -7.402786957712  -6.918767722050  -6.416769601172
          1       52.000  -8.985753425000   0.410000000000  -7.359798038543  -7.499002679153  -7.497419782472  -7.387652135059  -7.071996330153  -6.708780735291  -6.302838884082
          1       53.000 -13.385479450000   0.410000000000  -7.326945601358  -7.207119124318  -7.154211308350  -7.035171948509  -6.774076092102  -6.481136849171  -6.146183347497
          1       54.000 -14.885205480000   0.410000000000  -7.614797766653  -7.201144200323  -7.061801883723  -6.870554748871  -6.578101710129  -6.301095677614  -6.000140184883
          1       55.000 -11.384931510000   0.410000000000  -7.841752944949  -7.285369968677  -7.088437452348  -6.831403103127  -6.482585475415  -6.190948830584  -5.895531488238
          1       56.000  -2.884657534000   0.410000000000  -7.640425945116  -7.231236644690  -7.056334190471  -6.800554379207  -6.433556704103  -6.129893594952  -5.831289703379
          1       57.000  -7.384383562000   0.410000000000  -7.040925829626  -6.917823295596  -6.831168907045  -6.657298207124  -6.349362763519  -6.066458604048  -5.778666888670
          1       58.000  -1.884109589000   0.410000000000  -6.673117998979  -6.624758277401  -6.573384131472  -6.452048539985  -6.209542308616  -5.966158652150  -5.705949931457
          1       59.000  -2.583835616000   0.480000000000  -6.182059267422  -6.295453140382  -6.295310760488  -6.230966581484  -6.049044831097  -5.843776115520  -5.613499356283
          1       60.000  -6.883561644000   0.380000000000  -5.876485249128  -5.998888833060  -6.019235583880  -5.993676493974  -5.867631954664  -5.701980610089  -5.503991769206
          1       61.000 -22.483287670000   0.410000000000  -6.290423916556  -5.991787786349  -5.922323991298  -5.841455894163  -5.707861040247  -5.560722922510  -5.386576210064
          1       62.000  -9.083013699000   0.410000000000  -7.133615997453  -6.392627811342  -6.165439436238  -5.923832581395  -5.666559069365  -5.480485302376  -5.297544448769
          1       63.000  -2.882739726000   0.410000000000  -6.969267754970  -6.496643499725  -6.303217267674  -6.045070110494  -5.720000784339  -5.484243619027  -5.269836014535
          1       64.000 -15.682465750000   0.410000000000  -6.537234440157  -6.283431256239  -6.172544028208  -5.994067020481  -5.717546524915  -5.485960525220  -5.263620908182
          1       65.000 -21.482191780000   0.410000000000  -6.971834254306  -6.360019067461  -6.173878735472  -5.953803153952  -5.675712703399  -5.454428574822  -5.239719635118
          1       66.000 -14.081917810000   0.410000000000  -7.632980248389  -6.718363728483  -6.422188117912  -6.086349037188  -5.713291077091  -5.456799345392  -5.227596604478
          1       67.000  -6.881643836000   0.410000000000  -7.615971419228  -6.876261142374  -6.598114439291  -6.243600961381  -5.813956455519  -5.515101083042  -5.256264335504
          1       68.000 -21.681369860000   0.410000000000  -7.356298495437  -6.776207265363  -6.561081702420  -6.266336591742  -5.869745781373  -5.569131292537  -5.298668700465
          1       69.000 -26.681095890000   0.410000000000  -8.007608232020  -7.001753570160  -6.687385266776  -6.324988314289  -5.901802284255  -5.598523637957  -5.326831968984
          1       70.000 -26.680821920000   0.410000000000  -8.933663020744  -7.530725983259  -7.081233865447  -6.576623892181  -6.029806616697  -5.673910225518  -5.374884643154
          1       71.000 -29.780547950000   0.410000000000  -9.682900750369  -8.073164875686  -7.541022515117  -6.928127057755  -6.254840545810  -5.824957604233  -5.476381812930
          1       72.000 -32.980273970000   0.410000000000 -10.436333214532  -8.621612892755  -8.017274248952  -7.313836325792  -6.531136382051  -6.029759441911  -5.626935269968
          1       73.000 -34.180000000000   0.410000000000 -11.224810174618  -9.210696766919  -8.533875034681  -7.739782775520  -6.848405752982  -6.275438360908  -5.816645124505
          1       74.000 -30.879726030000   0.410000000000 -11.861132643049  -9.767265427283  -9.047210222010  -8.185178641702  -7.198290214722  -6.556394069795  -6.041034541666
          1       75.000 -23.379452050000   0.410000000000 -12.052001746660 -10.125367340535  -9.433545478743  -8.570252797198  -7.540730477324  -6.850435840413  -6.287608277116
          1       76.000 -13.979178080000   0.410000000000 -11.621347399022 -10.130855789975  -9.555548689408  -8.785745004698  -7.804400913524  -7.110209995996  -6.525642663475
          1       77.000  -9.078904110000   0.410000000000 -10.687856379542  -9.759726171792  -9.358428558190  -8.760611817024  -7.921409829362  -7.279773957697  -6.712138013004
          1       78.000 -14.878630140000   0.410000000000  -9.815522161233  -9.236868468326  -8.972870707582  -8.542340314055  -7.879743823863  -7.329212033458  -6.813514626464
          1       79.000 -18.178356160000   0.410000000000  -9.579932311252  -8.939915736582  -8.690826402497  -8.319165632553  -7.762935051725  -7.291269845100  -6.834784807068
          1       80.000 -18.778082190000   0.380000000000  -9.747597834054  -8.911762756140  -8.615480644155  -8.219709556559  -7.678940927686  -7.241496290749  -6.822214543068
          1       81.000 -20.777808220000   0.410000000000 -10.041816988100  -9.037335663205  -8.686552190531  -8.239408198680  -7.665353539021  -7.226505401384  -6.818468178318
          1       82.000 -21.477534250000   0.410000000000 -10.264462996018  -9.184754023599  -8.803766531263  -8.319318331988  -7.707526396658  -7.253047224285  -6.840544388251
          1       83.000 -18.277260270000   0.430000000000 -10.397850521327  -9.309029493392  -8.917067822837  -8.413356605901  -7.775828987584  -7.306188776909  -6.884839103534
          1       84.000 -18.976986300000   0.410000000000 -10.337538411581  -9.335856868023  -8.966132934094  -8.476977005597  -7.841801190892  -7.367313550291  -6.940451813307
          1       85.000 -11.276712330000   0.430000000000 -10.177822768341  -9.297768900870  -8.959376046336  -8.498219804735  -7.884311813226  -7.417227314331  -6.992807438924
          1       86.000 -20.376438360000   0.410000000000  -9.814775007613  -9.110973616778  -8.835634509687  -8.440353973013  -7.884073790625  -7.441994307872  -7.030656960923
          1       87.000 -18.976164380000   0.410000000000  -9.967022493768  -9.103221741689  -8.796721027969  -8.393592161154  -7.857582233989  -7.437917234720  -7.045018639235
          1       88.000 -19.375890410000   0.430000000000 -10.123485520369  -9.190963768903  -8.857758114854  -8.426390723385  -7.869655662162  -7.447323441111  -7.058805079507
          1       89.000 -19.075616440000   0.430000000000 -10.227304562839  -9.269901855555  -8.925818448435  -8.479830683038  -7.906822464119  -7.476869180420  -7.085493915052
          1       90.000 -18.075342470000   0.430000000000 -10.272050280196  -9.326527259578  -8.982592235217  -8.532802606457  -7.951972131790  -7.516467228067  -7.121504164681
          1       91.000 -17.975068490000   0.430000000000 -10.248377874030  -9.343186059164  -9.010303236275  -8.569197738144  -7.992592620040  -7.556919413542  -7.160802363610
          1       92.000 -20.374794520000   0.430000000000 -10.263745948292  -9.355279879519  -9.025958050759  -8.591589557208  -8.023182627629  -7.591588001095  -7.197586091849
          1       93.000 -16.374520550000   0.430000000000 -10.349911138137  -9.414852073269  -9.075032836990  -8.631136519712  -8.057284517917  -7.625376162379  -7.232396975062
          1       94.000 -16.974246580000   0.460000000000 -10.230886169403  -9.394832803395  -9.080284552636  -8.655349047036  -8.091458710488  -7.661552968900  -7.269054822306
          1       95.000 -21.473972600000   0.460000000000 -10.150473597291  -9.343978051334  -9.046023778378  -8.643263787834  -8.103140216445  -7.685048353984  -7.299213864520
          1       96.000 -22.473698630000   0.460000000000 -10.310428386648  -9.395859423662  -9.072887045976  -8.655079181732  -8.113578188789  -7.701043868377  -7.321392690121
          1       97.000 -18.673424660000   0.460000000000 -10.509953906455  -9.521807150798  -9.170602680807  -8.722077560797  -8.153994169958  -7.731840120062  -7.349234506540
          1       98.000 -17.473150680000   0.500000000000 -10.494011655190  -9.574251922746  -9.234918543169  -8.787977538355  -8.210166261484  -7.778850272673  -7.389589789538
          1       99.000 -11.472876710000   0.500000000000 -10.310759291215  -9.523453790799  -9.219948031418  -8.803758308994  -8.246362916082  -7.820076428263  -7.431061517883
          1      100.000 -13.472602740000   0.500000000000  -9.917997627212  -9.336482120362  -9.096660318498  -8.743389691597  -8.239477651762  -7.836027641709  -7.458603672040
          1      101.000 -12.172328770000   0.500000000000  -9.622626703368  -9.130418919560  -8.929079021718  -8.627378251188  -8.183462615140  -7.814533402553  -7.459693029380
          1      102.000 -11.072054790000   0.500000000000  -9.374098358108  -8.949338637022  -8.773253053314  -8.506038143181  -8.106709079685  -7.768390409742  -7.437345455048
          1      103.000 -12.671780820000   0.500000000000  -9.142305620962  -8.771184149344  -8.617170086004  -8.380240236148  -8.019802203310  -7.708744870145  -7.399984723190
          1      104.000 -12.271506850000   0.500000000000  -9.017644518523  -8.639092326278  -8.489003376389  -8.265499209639  -7.930715626505  -7.641608040457  -7.352614253594
          1      105.000 -13.371232880000   0.500000000000  -8.937587051849  -8.546202612902  -8.394637596556  -8.174707372120  -7.852199580862  -7.576957017112  -7.302545757069
          1      106.000 -16.170958900000   0.500000000000  -8.941824497254  -8.497386174314  -8.334066763101  -8.107718578216  -7.787475495189  -7.519843122550  -7.255259286524
          1      107.000 -16.370684930000   0.500000000000  -9.078185572125  -8.529167121389  -8.335935499168  -8.083450472584  -7.746638327529  -7.476915006225  -7.215816257648
          1      108.000 -14.970410960000   0.500000000000  -9.206717623864  -8.597515492395  -8.380708836287  -8.100643741413  -7.737226248612  -7.456342635382  -7.191276865694
          1      109.000 -13.670136990000   0.500000000000  -9.220161086378  -8.628216387984  -8.410530790977  -8.122518623387  -7.744247811142  -7.453321339877  -7.181984159036
          1      110.000  -3.669863014000   0.500000000000  -9.040855674871  -8.573447806312  -8.383618518689  -8.114885159824  -7.744541987549  -7.452934951803  -7.179360069154
          1      111.000   4.430410959000   0.500000000000  -8.359574395906  -8.271019341234  -8.183509098961  -8.004501485733  -7.699309505549  -7.431251734534  -7.168190227870
          1      112.000  -3.569315068000   0.500000000000  -7.431690095739  -7.723718800401  -7.766125119938  -7.727324915292  -7.552782782997  -7.346886498382  -7.119598575720
          1      113.000  -1.169041096000   0.500000000000  -6.955335717750  -7.281728322771  -7.362717222200  -7.397193913389  -7.327926153086  -7.192182323911  -7.015919830339
          1      114.000   1.531232877000   0.500000000000  -6.591459901208  -6.957092769685  -7.053890887100  -7.118859927326  -7.103236611546  -7.014098797375  -6.879813612341
          1      115.000   0.631506849000   0.500000000000  -6.162959735431  -6.620327400338  -6.748450175831  -6.852537139031  -6.885957051196  -6.833946451701  -6.733236345407
          1      116.000  -1.368219178000   0.500000000000  -5.837941780368  -6.313797643079  -6.457602774743  -6.590262648301  -6.666973349503  -6.649119383343  -6.579179867606
          1      117.000  -5.967945205000   0.500000000000  -5.718697455761  -6.107437739718  -6.235947538100  -6.366976792822  -6.462073907452  -6.467545070885  -6.422319565505
          1      118.000 -10.267671230000   0.500000000000  -5.876966576174  -6.058723915129  -6.133409034220  -6.221798155410  -6.297192917592  -6.307012123920  -6.274760058003
          1      119.000 -10.167397260000   0.500000000000  -6.219851175524  -6.164083601838  -6.164403217805  -6.179241510462  -6.196950520446  -6.188045067274  -6.152569299321
          1      120.000  -7.867123288000   0.500000000000  -6.479981775136  -6.305622884304  -6.256271979402  -6.208727387236  -6.160764350113  -6.119412947582  -6.067205700893
          1      121.000  -8.166849315000   0.500000000000  -6.545487444838  -6.373837696669  -6.314464594153  -6.242506184652  -6.154762199119  -6.085880519823  -6.014482984765
          1      122.000  -7.066575342000   0.500000000000  -6.541936528603  -6.385996598381  -6.328039548508  -6.250963585912  -6.147497694993  -6.063430587257  -5.978748774357
          1      123.000   2.333698630000   0.000000000000   0.426420121205  -5.607178083829  -6.021982794646  -6.162400192212  -6.118839182387  -6.037366208257  -5.947527406242
          1      124.000   2.533972603000   0.000000000000   2.333635247764  -2.709995284688  -3.700555238354  -4.693349556119  -5.457855771500  -5.711281385047  -5.781071373690
          1      125.000  -5.965753425000   0.000000000000  -5.904464881339  -3.805995883210  -3.712047157963  -4.066574665980  -4.745153611206  -5.142265488539  -5.371666655709
          1      126.000  -6.665479452000   0.000000000000  -6.646595388882  -5.471542091967  -5.137845581208  -4.888631036907  -4.864461912786  -4.983819862405  -5.116205733346
          1      127.000  -6.265205479000   0.000000000000  -6.259435704479  -5.744663004796  -5.551459197176  -5.336579273371  -5.163499695130  -5.118697112902  -5.121483675195
          1      128.000   4.935068493000   0.000000000000   4.447911261038  -2.918490336965  -3.816369799324  -4.584607842496  -5.027597140639  -5.125742642326  -5.142221935710
          1      129.000   7.235342466000   0.000000000000   6.989896265284  -1.735133915304  -2.622857204218  -3.559597277487  -4.365756288806  -4.719977831403  -4.905472591322
          1      130.000   4.835616438000   0.000000000000   4.723121401413  -1.204896718619  -2.011737391014  -2.918747141998  -3.795364419980  -4.254083088010  -4.546158088256
          1      131.000  -0.264109589000   0.000000000000  -0.183672729114  -1.011866696405  -1.702398717966  -2.517254141056  -3.365887449886  -3.853861229434  -4.195745978936
          1      132.000   2.036164384000   0.000000000000   1.961105404858  -0.954903333733  -1.548415621385  -2.266200130824  -3.052000001336  -3.532802028489  -3.890507263342
          1      133.000   5.336438356000   0.000000000000   5.189373696889  -0.868341024025  -1.426587637484  -2.088490411176  -2.818444647224  -3.279497315356  -3.635516033301
          1      134.000   1.536712329000   0.000000000000   1.513584894411  -0.750982079116  -1.286973581594  -1.923545298548  -2.623065317333  -3.068553005860  -3.419037205557
          1      135.000   0.636986301000   0.000000000000   0.624471993630  -0.705659375861  -1.195366051345  -1.788104780769  -2.453541781156  -2.884501057925  -3.228841008810
          1      136.000   9.637260274000   0.000000000000   9.399589231261  -0.610513313968  -1.108059913078  -1.679299007932  -2.311176901245  -2.725212920893  -3.060883226390
          1      137.000   9.637534247000   0.000000000000   9.463593987915  -0.347225585080  -0.933128186218  -1.543825049576  -2.176446864998  -2.581689508689  -2.910675632915
          1      138.000  12.137808220000   0.000000000000  11.964666343222   0.078057956624  -0.636913822604  -1.344920991726  -2.023102742490  -2.435615667035  -2.766136802258
          1      139.000  14.638082190000   0.000000000000  14.447414360327   1.213456847286  -0.371461862350  -1.156673481442  -1.857373223154  -2.279803851403  -2.617577567781
          1      140.000   9.738356164000   0.000000000000   9.672827240167   2.217695183177  -0.183978108964  -0.959909033737  -1.687727518761  -2.121708003373  -2.467809220122
          1      141.000   9.938630137000   0.000000000000   9.836210976204   2.028988838045  -0.135682195705  -0.839880988945  -1.539328557490  -1.971432268784  -2.321010397084
          1      142.000  12.238904110000   0.000000000000  12.098950707093   2.526973497628  -0.060084464240  -0.750723235200  -1.420162355655  -1.841365034080  -2.187185933895
          1      143.000   8.639178082000   0.000000000000   8.581794885548   2.332359052910  -0.015843217267  -0.672962096615  -1.318875685793  -1.728303798120  -2.067639632403
          1      144.000   6.339452055000   0.000000000000   6.296333025466   1.777123223135   0.007554285326  -0.610660938011  -1.231243385233  -1.628328896882  -1.960090361123
          1      145.000   7.739726027000   0.000000000000   7.655151094620   1.845465865463   0.018771487012  -0.562664199521  -1.155949242729  -1.539968607943  -1.863258822514
          1      146.000   7.640000000000   0.000000000000   7.567661605982   1.943617606864   0.034265686386  -0.522793675377  -1.091071776982  -1.461880940347  -1.776117501806
          1      147.000   6.540273973000   0.000000000000   6.486378810755   1.761316216808   0.048737234576  -0.488189267859  -1.034456042406  -1.392552179479  -1.697646953223
          1      148.000   9.740547945000   0.000000000000   9.623365147759   2.235264454869   0.064851582234  -0.457713447383  -0.984085054577  -1.330271707004  -1.626479937155
          1      149.000   8.040821918000   0.000000000000   7.978479819211   2.310641118133   0.226571044143  -0.427513191009  -0.938622847494  -1.273788040529  -1.561506494884
          1      150.000   1.341095890000   0.000000000000   1.381055687955   0.971452046381   0.106232682446  -0.396924037765  -0.896148401166  -1.221689260470  -1.501622485331
          1      151.000   4.341369863000   0.000000000000   4.278106081903   0.921069116864   0.084887772494  -0.373198708079  -0.856506764287  -1.173085033369  -1.445843926276
          1      152.000   0.041643836000   0.000000000000   0.074451035131   0.383698127052   0.033611675126  -0.355033071788  -0.820760418774  -1.128227579133  -1.393925531717
          1      153.000   0.341917808000   0.000000000000   0.336908897972   0.084987775179   0.018534392985  -0.343432847107  -0.788993803081  -1.087253490057  -1.345866289355
          1      154.000   0.942191781000   0.000000000000   0.928692310004   0.197728445289   0.011859230586  -0.339098436730  -0.761769428066  -1.050315383626  -1.301651881897
          1      155.000   0.142465753000   0.000000000000   0.147229944838   0.103127316968   0.005764248860  -0.334579148884  -0.738812866784  -1.017521438551  -1.261368084800
          1      156.000  -0.557260274000   0.000000000000  -0.512232753794   0.000158472933  -0.000007944772  -0.329651217753  -0.718659952462  -0.988099589824  -1.224611616235
          1      157.000   2.343013699000   0.000000000000   2.295864408737   0.268132837892  -0.022557223421  -0.325282064758  -0.700463047726  -0.961354669646  -1.190909079756
          1      158.000   4.543287671000   0.000000000000   4.480658623227   0.781131906817  -0.033452857391  -0.323071321787  -0.683985702827  -0.936830357156  -1.159801705489
          1      159.000   8.843561644000   0.000000000000   8.722018329144   1.581600591654  -0.036031260537  -0.321112763572  -0.669197940152  -0.914324913183  -1.130975292853
          1      160.000  10.643835620000   0.000000000000  10.526106977598   2.431681288855   0.000600321095  -0.316739717680  -0.655695638718  -0.893579095242  -1.104191881752
          1      161.000   9.744109589000   0.000000000000   9.657484794397   2.523673888695   0.024070707824  -0.307718278779  -0.642576583540  -0.874111256938  -1.079152767459
          1      162.000  11.744383560000   0.000000000000  11.617450304775   2.915088002206   0.269077636717  -0.296686203884  -0.628966448323  -0.855204453586  -1.055325977226
          1      163.000   3.044657534000   0.000000000000   3.085790568952   1.766858375691   0.390967111126  -0.281293290485  -0.614644247263  -0.836444375480  -1.032274022698
          1      164.000   7.944931507000   0.000000000000   7.835203506455   1.878954793926   0.374661857456  -0.265759880153  -0.599269107156  -0.817504816890  -1.009669855201
          1      165.000  13.345205480000   0.000000000000  13.181181704011   3.399181352128   0.755832616404  -0.252532536920  -0.583309316117  -0.798338534537  -0.987301275407
          1      166.000  16.845479450000   0.000000000000  16.668718114387   4.949639619169   1.444064879917  -0.237043998917  -0.567398118909  -0.779265566908  -0.965230808665
          1      167.000  15.145753420000   0.000000000000  15.030376229358   5.345716742256   1.978686309578  -0.214460921720  -0.551280717038  -0.760354154474  -0.943542320148
          1      168.000  12.246027400000   0.000000000000  12.170591185512   4.850917429836   2.072446089444  -0.153293273189  -0.533743422291  -0.741145861272  -0.922050176041
          1      169.000  15.746301370000   0.000000000000  15.590354567586   5.420382963107   2.426933183235   0.155043647642  -0.509383811350  -0.719629084619  -0.899893202743
          1      170.000  14.846575340000   0.000000000000  14.737516741994   5.932393920677   2.930418054397   0.527430274342  -0.467366762606  -0.690250679899  -0.874217855686
          1      171.000  14.846849320000   0.000000000000  14.734097891023   6.065545204793   3.170304217663   0.837432324903  -0.399997392359  -0.646964367541  -0.840810468747
          1      172.000  20.347123290000   0.000000000000  20.144137941276   7.447103201656   3.881022102805   1.267608503639  -0.301002171136  -0.586927281553  -0.796701097110
          1      173.000  21.247397260000   0.000000000000  21.080478751647   8.821598999145   4.927192421023   1.955238509701  -0.136354370120  -0.496119873057  -0.735971770503
          1      174.000  19.047671230000   0.000000000000  18.932370095873   8.951693280643   5.390396404955   2.459947651054  -0.050742719222  -0.411126169186  -0.665377233271
          1      175.000  19.147945210000   0.000000000000  19.016173244244   8.916336191466   5.530528620992   2.749768276256   0.031881980738  -0.344776292592  -0.603038088756
          1      176.000  19.348219180000   0.000000000000  19.215764345576   9.138199191595   5.791298931579   3.076852359860   0.519951363908  -0.285551107093  -0.547083485335
          1      177.000  16.548493150000   0.000000000000  16.467508135398   8.763448721563   5.843457129204   3.331555648181   0.867647481647  -0.229622530275  -0.495039282915
          1      178.000  16.248767120000   0.000000000000  16.150331573500   8.370051854240   5.677572910599   3.391790335308   1.130196499116  -0.177581846126  -0.446558963708
          1      179.000  10.849041100000   0.000000000000  10.838443941712   7.143638575769   5.213445650341   3.319344231941   1.269305065749  -0.133390083853  -0.402260843401
          1      180.000  12.949315070000   0.000000000000  12.855661902690   6.645810835484   4.707060488548   3.040970328403   1.281496585365  -0.095438864489  -0.362101415502
          1      181.000  18.349589040000   0.000000000000  18.179689291035   7.968507828116   5.208510923347   3.200368718378   1.399246226275  -0.058940251421  -0.325909289304
          1      182.000  17.649863010000   0.000000000000  17.540896433236   8.887329616658   5.996281971124   3.739766767848   1.713364862597  -0.021240202599  -0.293672759351
          1      183.000  14.950136990000   0.000000000000  14.886249048976   8.563480132079   6.133190517321   4.049188889056   2.000028111615   0.015422645442  -0.261904057006
          1      184.000  16.350410960000   0.000000000000  16.241476952574   8.554905977450   6.104276203264   4.095896327680   2.123383045375   0.223087709880  -0.232876446344
          1      185.000  12.150684930000   0.000000000000  12.124254662284   7.878168436788   5.942773980232   4.151440478686   2.277690044702   0.395694038047  -0.200074975826
          1      186.000  13.650958900000   0.000000000000  13.563455237127   7.540605101046   5.622328244169   3.994467402428   2.309813626738   0.583627013103  -0.168891736185
          1      187.000  16.051232880000   0.000000000000  15.933980172446   8.179529505184   5.866986574867   4.065902335187   2.356517254360   0.715719354308  -0.140965170554
          1      188.000  20.151506850000   0.000000000000  19.987354834889   9.569006799125   6.620128942840   4.462746346898   2.566547457226   0.834770000728  -0.116478660853
          1      189.000  11.551780820000   0.000000000000  11.571913760028   8.661263653325   6.713231342588   4.827179659428   2.894361053805   1.059117633675  -0.088712694532
          1      190.000   6.552054795000   0.000000000000   6.585170839561   6.346143684792   5.512254236696   4.374685147591   2.873550450389   1.206490927481  -0.059463262430
          1      191.000   6.452328767000   0.000000000000   6.437384443468   5.079969036163   4.452901603211   3.667043393984   2.549599207488   1.164493065080  -0.034298469086
          1      192.000   6.252602740000   0.000000000000   6.233144962888   4.555795173487   3.884918359753   3.166826755834   2.230409314604   1.084157196133  -0.010333682344
          1      193.000   5.452876712000   0.000000000000   5.441353316166   4.081173601721   3.469076353308   2.816941796485   1.990280406788   0.998034062367   0.007049192806
          1      194.000   5.753150685000   0.000000000000   5.726960500870   3.821234725160   3.164512715861   2.539221862786   1.790188858149   0.903984403018   0.017304150472
          1      195.000   7.753424658000   0.000000000000   7.693916942097   4.149881642612   3.179452142074   2.424260280463   1.660480549951   0.832304910002   0.026313905510
          1      196.000   9.153698630000   0.000000000000   9.087376583612   4.747661728956   3.483350275815   2.535375851846   1.670475474839   0.838635101945   0.083400225099
          1      197.000   7.753972603000   0.000000000000   7.724940601287   4.780948947616   3.649750660328   2.694586612423   1.770020316041   0.887548733524   0.103215347286
          1      198.000  12.754246580000   0.000000000000  12.630434663617   5.737644003044   4.030237282643   2.859839242604   1.866542292947   0.961335984668   0.170221852547
          1      199.000  12.454520550000   0.000000000000  12.380402771633   6.614783542847   4.736859083790   3.323173834458   2.112843982455   1.071401664187   0.195005715518
          1      200.000  15.154794520000   0.000000000000  15.037727376044   7.489639100934   5.324855889398   3.747382438870   2.400144947034   1.236107832534   0.274462510247
          1      201.000  11.055068490000   0.000000000000  11.033723021374   7.291192208472   5.599827340606   4.122809516967   2.709562637880   1.435891262947   0.371867909339
          1      202.000   9.555342466000   0.000000000000   9.527047740521   6.502612732779   5.253049191867   4.084490614959   2.831824492353   1.567592920292   0.454944325081
          1      203.000  13.055616440000   0.000000000000  12.953704465394   6.919822085670   5.281179981502   4.032903649976   2.833573725983   1.633860325745   0.542485151064
          1      204.000  10.255890410000   0.000000000000  10.230782811763   6.865204061123   5.433686301080   4.175684474882   2.917401750122   1.686780954668   0.594790901755
          1      205.000   6.656164384000   0.000000000000   6.669378792856   5.734022633878   4.929364722799   4.017241050150   2.926146914920   1.755508935156   0.681216738220
          1      206.000   7.156438356000   0.000000000000   7.127728619994   5.090177474673   4.373352597982   3.653455781417   2.764542634472   1.721664359942   0.698729545105
          1      207.000   8.356712329000   0.000000000000   8.308227052409   5.180259641662   4.240576828017   3.451281621916   2.600389768694   1.651654970866   0.727299596360
          1      208.000   7.256986301000   0.000000000000   7.236126896997   5.048625423249   4.173778893435   3.379256357656   2.522902414116   1.602658767832   0.716253460462
          1      209.000   7.857260274000   0.000000000000   7.816574479607   4.972056322758   4.058193411204   3.278235003764   2.453334068481   1.569455441081   0.728029390147
          1      210.000   6.457534247000   0.000000000000   6.444562106766   4.698581267705   3.929640362780   3.202952200067   2.404719071288   1.552228312746   0.747109427627
          1      211.000   5.457808219000   0.000000000000   5.449040955532   4.207038984931   3.626744837695   3.031037587925   2.322266349318   1.522409208984   0.743308747752
          1      212.000   7.358082192000   0.000000000000   7.306904486968   4.334192227231   3.528272424466   2.884773519454   2.210926891630   1.466306962375   0.737653075957
          1      213.000  13.758356160000   0.000000000000  13.614643120606   5.963739045606   4.203245913457   3.092785439491   2.225332126320   1.443804145728   0.737646557767
          1      214.000   9.358630137000   0.000000000000   9.347051926502   6.257492634314   4.804103348315   3.584407479381   2.488427287725   1.550900046444   0.782088840730
          1      215.000  13.658904110000   0.000000000000  13.542395663691   6.814524652809   5.055865834769   3.793027406025   2.689057481839   1.696840019586   0.859299387734
          1      216.000  14.259178080000   0.000000000000  14.170402690173   7.736463715861   5.729804191479   4.234060896746   2.954085513259   1.858548403150   0.963548846383
          1      217.000  11.009452050000   0.000000000000  10.985186582237   7.440817331490   5.895447121043   4.544363590367   3.241454440050   2.062769450564   1.091130532406
          1      218.000  11.335782340000   0.000000000000  11.280238981348   7.134895594790   5.743528564576   4.562574336809   3.373610216655   2.211660318236   1.200791732652
          1      219.000  11.564286870000   0.000000000000  11.506853414171   7.201384267758   5.776327685310   4.600524125601   3.441804053590   2.305374157618   1.298289898946
          1      220.000  11.878682240000   0.000000000000  11.818313157800   7.338530606132   5.871987606065   4.676835799909   3.513475953561   2.375828543513   1.355701207071
          1      221.000   9.014441573000   0.000000000000   9.005723496290   6.818533759997   5.729573635627   4.687775941970   3.572474359374   2.443286008628   1.430031691716
          1      222.000  10.529393460000   0.000000000000  10.470306444037   6.664929761832   5.514586300144   4.549106645414   3.537877538548   2.473111045537   1.478630681347
          1      223.000   5.507429135000   0.000000000000   5.544101137168   5.708711359040   5.139977935639   4.404009291468   3.484231547579   2.468027881683   1.507265565022
          1      224.000   5.574261448000   0.000000000000   5.565276978683   4.799242186174   4.439744942831   3.968897973141   3.281130244632   2.405493163569   1.512113319728
          1      225.000  11.270892250000   0.000000000000  11.161850863652   5.739958407203   4.572081427245   3.798012353652   3.078366841826   2.279245153311   1.462597294147
          1      226.000  13.374809390000   0.000000000000  13.278843095827   7.092547220884   5.355290766433   4.142352612452   3.140973840469   2.243406389507   1.436360398877
          1      227.000  13.608525030000   0.000000000000  13.531419291618   7.789264016290   5.959297148988   4.578255816384   3.383355094078   2.345143735171   1.474421176670
          1      228.000  10.131037300000   0.000000000000  10.118489835287   7.343863521909   6.016816421655   4.813194077803   3.616788167097   2.506270885345   1.574637941419
          1      229.000   4.516633354000   0.000000000000   4.570024299391   5.649651231505   5.263373070437   4.584232033420   3.650033413607   2.617922770301   1.682216431447
          1      230.000   4.131421961000   0.000000000000   4.139403629706   4.413997502296   4.321886455179   4.006441871316   3.404914936565   2.572530258922   1.709552830879
          1      231.000   3.517574537000   0.000000000000   3.526310412718   3.805419554258   3.747587678535   3.527720035866   3.081971309932   2.409891501582   1.657871742680
          1      232.000   2.563561644000   0.000000000000   2.579180836847   3.220829254561   3.256571070405   3.120722058675   2.775755486221   2.216037343521   1.558930373466
          1      233.000   5.163835616000   0.000000000000   5.124142517144   3.391136408457   3.070598685393   2.825177382130   2.499460607877   2.014029968644   1.434478257885
          1      234.000   8.564109589000   0.000000000000   8.487398365662   4.403923412285   3.467425582461   2.872638237553   2.379648620079   1.866760275527   1.327244709643
          1      235.000   6.464383562000   0.000000000000   6.453873961238   4.598572177961   3.778133908117   3.087752704651   2.441806139333   1.834203874247   1.277092543112
          1      236.000   4.864657534000   0.000000000000   4.865459887241   4.057430392057   3.567217023324   3.054311600946   2.468366451968   1.849919033081   1.274740872237
          1      237.000   7.764931507000   0.000000000000   7.702119961719   4.363446156238   3.560399835060   2.978963510229   2.420471174199   1.834515294991   1.272504515348
          1      238.000  12.165205480000   0.000000000000  12.052626139230   5.760261184343   4.230895794352   3.248328041134   2.491962178346   1.842725174124   1.274558534356
          1      239.000  10.465479450000   0.000000000000  10.422848806856   6.343841934723   4.865221624199   3.723476237441   2.754675193133   1.957669009464   1.323573002715
          1      240.000   3.365753425000   0.000000000000   3.432690337804   4.829364782850   4.428497736430   3.767234348845   2.939516035827   2.115683251969   1.424721705435
          1      241.000   3.766027397000   0.000000000000   3.764080387885   3.689024502227   3.579335862190   3.304635923078   2.806494983284   2.145701582774   1.490762012342
          1      242.000   3.566301370000   0.000000000000   3.565424076576   3.346667340745   3.196948185642   2.965025699512   2.583910628254   2.049961651021   1.470317987449
          1      243.000   0.766575342000   0.000000000000   0.808500911583   2.518052556205   2.706248823036   2.643301157317   2.368168778299   1.918412999121   1.400484868085
          1      244.000   0.966849315000   0.000000000000   0.978474904294   1.897642277910   2.146148694552   2.214866748241   2.084033868740   1.746179815791   1.300492310480
          1      245.000   4.567123288000   0.000000000000   4.515834108671   2.437839558210   2.142798992190   1.996067253904   1.834340680332   1.552774325879   1.174468023896
          1      246.000   4.717397260000   0.000000000000   4.693397960837   2.972543768134   2.454440753100   2.085115870610   1.763526914909   1.428667956844   1.069393494222
          1      247.000   4.867671233000   0.000000000000   4.844284668959   3.135989228396   2.592620419648   2.169782039922   1.776529201691   1.389715171803   1.019079609767
          1      248.000   4.067945205000   0.000000000000   4.060054049715   3.034649040955   2.596377714912   2.202159747056   1.795959131954   1.384823270954   1.001162576682
          1      249.000   4.368219178000   0.000000000000   4.348587167895   2.980929647359   2.543004199520   2.172082570589   1.786029238353   1.380263555902   0.995460695171
          1      250.000   6.068493151000   0.000000000000   6.022411263912   3.375161764452   2.694520439855   2.213580844447   1.787271776235   1.373954004452   0.990461459430
          1      251.000   3.068767123000   0.000000000000   3.088368796521   3.039431380857   2.681216636809   2.278364706239   1.834121970487   1.392311288402   0.995654888986
          1      252.000   1.869041096000   0.000000000000   1.883655083244   2.321335072030   2.269433546148   2.089456599422   1.781272670949   1.390867953676   1.003664988189
          1      253.000  -0.630684932000   0.000000000000  -0.524236644472   1.440782273505   1.735839173430   1.780015623365   1.626232524606   1.327870425120   0.985204441326
          1      254.000  -0.030410959000   0.000000000000  -0.053655883732   0.932833274855   1.257321222575   1.407637149080   1.389311461511   1.202665310285   0.928212616919
          1      255.000   1.569863014000   0.000000000000   1.550584840276   1.023855617194   1.080859035994   1.155371398518   1.164496262007   1.046655884790   0.834255956360
          1      256.000   1.670136986000   0.000000000000   1.664314321451   1.288409044137   1.189094564860   1.121731143552   1.046512047026   0.918912636502   0.734862844790
          1      257.000   2.370410959000   0.000000000000   2.354151091517   1.474797471636   1.266217332607   1.125631127144   0.995966411113   0.842108210305   0.660749350835
          1      258.000   1.170684932000   0.000000000000   1.180800937678   1.334875514820   1.247701729996   1.126822012090   0.975210651045   0.799430790872   0.613284286255
          1      259.000   1.170958904000   0.000000000000   1.170822460881   1.137314308231   1.102928610871   1.037187544444   0.923026421026   0.761272439144   0.580543278498
          1      260.000  -0.428767123000   0.000000000000  -0.358639931863   0.736855382077   0.887216907494   0.913560323925   0.847276478852   0.711747800783   0.546671023897
          1      261.000  -0.628493151000   0.000000000000  -0.606784606423   0.471611350422   0.646923768755   0.730683139632   0.729097121714   0.641031993764   0.503673330784
          1      262.000  -2.628219178000   0.000000000000  -2.562392322465   0.304703045308   0.484604369640   0.581805033207   0.608030138930   0.555175000703   0.447806603630
          1      263.000  -2.627945205000   0.000000000000  -2.578437200496   0.136257844536   0.331671836970   0.446878368456   0.495279663816   0.468676920769   0.386700482346
          1      264.000  -3.227671233000   0.000000000000  -3.193828566341  -0.003550641466   0.211991632932   0.333137657921   0.392293247365   0.385128495743   0.325145474272
          1      265.000  -2.927397260000   0.000000000000  -2.895598580218  -0.187440541604   0.107677517620   0.221277473863   0.293982879514   0.305983178911   0.265851586246
          1      266.000  -4.427123288000   0.000000000000  -4.382969821503  -1.552192489825   0.028406919182   0.137871077769   0.211883478779   0.234191027014   0.210042068309
          1      267.000  -4.526849315000   0.000000000000  -4.483476262450  -1.213852485616   0.003871021546   0.086318004601   0.147702219212   0.172842594630   0.160349572201
          1      268.000  -3.226575342000   0.000000000000  -3.203590740018  -1.018067543860  -0.007571180655   0.053790737606   0.102103417856   0.125078936029   0.119237605843
          1      269.000  -0.726301370000   0.000000000000  -0.747028171329  -0.628561727397  -0.175976159307   0.031546584603   0.069764622098   0.089273398383   0.087052538265
          1      270.000  -0.574890319000   0.000000000000  -0.575996097387  -0.367859520985  -0.104517157504   0.019629864465   0.047231686329   0.062770908097   0.062611581106
          1      271.000  -2.509809070000   0.000000000000  -2.471927772582  -0.475549447712  -0.120673452893   0.012829386012   0.032529658795   0.044078213565   0.044643131361
          1      272.000  -1.422229859000   0.000000000000  -1.419012671526  -0.629597617386  -0.203119480159   0.007470485813   0.021981074633   0.030809239312   0.031715331187
          1      273.000  -3.077715428000   0.000000000000  -3.040580275138  -0.841755199097  -0.244421713665   0.004631645912   0.014921155797   0.021448680515   0.022430271237
          1      274.000  -0.911935924000   0.000000000000  -0.926753995717  -0.751116982841  -0.395498948398  -0.060312998829   0.005481722496   0.013376161217   0.015379785433
          1      275.000  -1.368991573000   0.000000000000  -1.355862938451  -0.594383626426  -0.347276259581  -0.070886372307   0.002186965808   0.007383498999   0.009563093068
          1      276.000   2.388612021000   0.000000000000   2.150228175696  -0.409651465428  -0.297607455181  -0.080662670036   0.001325979941   0.004367484191   0.005847793703
          1      277.000   5.423380462000   0.000000000000   5.252015152139  -0.271419960673  -0.230787338763  -0.088378412163   0.000851202569   0.002732505566   0.003654105696
          1      278.000   2.279413977000   0.000000000000   2.239648531475  -0.186024468227  -0.185443625027  -0.093200810616   0.000362675827   0.001626497297   0.002258819012
          1      279.000  -1.307617289000   0.380000000000   0.244085109060  -0.142925858624  -0.155446308883  -0.094916129376   0.000192333231   0.000958160340   0.001331010585
          1      280.000  -4.423287671000   0.380000000000   0.008595879800  -0.120505826108  -0.136355576129  -0.094568616663   0.000112740032   0.000535754152   0.000728821683
          1      281.000  -8.923013699000   0.360000000000  -0.011262778543  -0.106591343614  -0.123428671018  -0.093106861011   0.000082159573   0.000300693186   0.000395051416
          1      282.000 -10.222739730000   0.280000000000  -0.031702108815  -0.097010961029  -0.114032121512  -0.091103261543   0.000065528331   0.000174591048   0.000217548135
          1      283.000 -10.022465750000   0.360000000000  -0.083094324985  -0.089927742007  -0.106796780723  -0.088836437780   0.000055723405   0.000107854609   0.000125975185
          1      284.000 -11.122191780000   0.330000000000  -0.143607463417  -0.084430426648  -0.100991765825  -0.086432723890   0.000043403210   0.000072088766   0.000080095565
          1      285.000  -6.021917808000   0.380000000000  -0.158237025199  -0.079997438111  -0.096173939238  -0.083974442552   0.000004598259   0.000039848657   0.000052120987
          1      286.000  -5.321643836000   0.380000000000  -0.191015664070  -0.076328488952  -0.092078172231  -0.081563979405   0.000000924035   0.000020716781   0.000031687302
          1      287.000  -4.921369863000   0.380000000000  -0.191621817744  -0.073217714274  -0.088519499897  -0.079247408509   0.000000719632   0.000013055566   0.000021444967
          1      288.000  -4.421095890000   0.380000000000  -0.172098794498  -0.070532357508  -0.085376526562  -0.076843569883   0.000000719207   0.000009695856   0.000016634952
          1      289.000  -5.120821918000   0.380000000000  -0.163747903572  -0.068180624805  -0.082555249823  -0.074206270422   0.000000718612   0.000008133215   0.000014379153
          1      290.000 -10.220547950000   0.380000000000  -0.173097688003  -0.066096983218  -0.079977206930  -0.071083988841   0.000000717534   0.000007398853   0.000013316521
          1      291.000 -10.720273970000   0.380000000000  -0.214577013390  -0.064233914441  -0.077551277318  -0.064173583332   0.000000715244   0.000007050266   0.000012810114
          1      292.000  -6.620000000000   0.380000000000  -0.266113367148  -0.062554746500  -0.074865624640  -0.054911934675   0.000000709887   0.000006879302   0.000012559218
          1      293.000  -4.819726027000   0.360000000000  -0.283611820393  -0.060976837803  -0.068845367954  -0.043372129158   0.000000696978   0.000006785159   0.000012418281
          1      294.000  -7.419452055000   0.360000000000  -0.279486273289  -0.059421247906  -0.064060167627  -0.038998594045   0.000000667192   0.000006713916   0.000012309936
          1      295.000  -7.319178082000   0.360000000000  -0.292335686307  -0.058093778865  -0.060315891521  -0.036176867411   0.000000602361   0.000006627301   0.000012179983
          1      296.000  -7.818904110000   0.360000000000  -0.318815278441  -0.057334568836  -0.057265763987  -0.034034982531   0.000000468431   0.000006482429   0.000011968120
          1      297.000  -8.718630137000   0.360000000000  -0.351937889410  -0.057563526704  -0.054770421643  -0.032316045347   0.000000205021   0.000006212758   0.000011579318
          1      298.000  -4.018356164000   0.410000000000  -0.386133260148  -0.059376485136  -0.052789888888  -0.030923546931  -0.000000288157   0.000005704028   0.000010845174
          1      299.000  -1.918082192000   0.410000000000  -0.384122766933  -0.063637562903  -0.051366866675  -0.029828842342  -0.000000767081   0.000004836298   0.000009479914
          1      300.000  -5.517808219000   0.410000000000  -0.356341174302  -0.070860962833  -0.050632251038  -0.029052838831  -0.000000801764   0.000003774865   0.000007200222
          1      301.000  -6.217534247000   0.410000000000  -0.346403622598  -0.080083559353  -0.050748021148  -0.028655197500  -0.000000849350   0.000002139551   0.000003748783
          1      302.000  -9.217260274000   0.410000000000  -0.364518410527  -0.089812426728  -0.051843732295  -0.028726764589  -0.000000902531   0.000000638249   0.000001323698
          1      303.000 -10.916986300000   0.410000000000  -0.410667850613  -0.099713336224  -0.053946211845  -0.029332550463  -0.000000940478  -0.000000074401   0.000000224174
          1      304.000 -14.916712330000   0.410000000000  -0.486029696595  -0.111140799291  -0.057145575730  -0.030532987790  -0.000000987997  -0.000000377410  -0.000000241652
          1      305.000 -17.216438360000   0.410000000000  -0.600541060410  -0.127472719015  -0.061858574861  -0.032455378604  -0.000001047003  -0.000000505593  -0.000000438565
          1      306.000  -7.916164384000   0.430000000000  -0.743393657176  -0.155618365672  -0.069460264978  -0.035509258546  -0.000001120102  -0.000000559798  -0.000000521825
          1      307.000  -2.015890411000   0.430000000000  -0.808873269900  -0.201977250922  -0.083840245427  -0.041038794600  -0.000001211168  -0.000000582746  -0.000000557075
          1      308.000  -1.515616438000   0.410000000000  -0.753395923272  -0.249132970453  -0.110492084049  -0.051885119341  -0.000001326817  -0.000000592492  -0.000000572036
          1      309.000  -2.615342466000   0.410000000000  -0.654508597962  -0.275048012872  -0.139646236158  -0.058000053569  -0.000001480679  -0.000000596669  -0.000000578441
          1      310.000  -3.915068493000   0.410000000000  -0.578016799963  -0.281438522471  -0.159184699263  -0.063047464166  -0.000001698778  -0.000000598520  -0.000000581281
          1      311.000 -10.214794520000   0.410000000000  -0.543933648768  -0.278815148583  -0.168866807992  -0.066718703238  -0.000002023286  -0.000000599442  -0.000000582713
          1      312.000  -8.714520548000   0.410000000000  -0.576645359295  -0.276457784888  -0.173123960714  -0.069326036143  -0.000002520062  -0.000000600076  -0.000000583746
          1      313.000  -7.414246575000   0.410000000000  -0.638726589312  -0.282594100177  -0.177171527323  -0.072045932266  -0.000003333208  -0.000000600728  -0.000000585013
          1      314.000  -4.213972603000   0.410000000000  -0.679512574421  -0.297450476811  -0.184267591251  -0.074676390461  -0.000004654303  -0.000000601741  -0.000000587272
          1      315.000  -7.213698630000   0.410000000000  -0.680299913562  -0.313339530703  -0.193878071063  -0.077246145900  -0.000006853585  -0.000000603825  -0.000000592194
          1      316.000 -10.413424660000   0.410000000000  -0.684310648602  -0.324022588234  -0.202952746640  -0.079894259272  -0.000010651664  -0.000000608670  -0.000000604048
          1      317.000 -15.713150680000   0.410000000000  -0.736678027884  -0.334792570075  -0.210878611502  -0.082836472425  -0.000017508204  -0.000000620563  -0.000000632536
          1      318.000 -21.612876710000   0.410000000000  -0.865419130753  -0.357456286838  -0.221393792248  -0.086036440470  -0.000030511357  -0.000000635936  -0.000000656914
          1      319.000 -24.312602740000   0.410000000000  -1.090646754992  -0.409865883212  -0.242337082369  -0.089550687755  -0.000056716586  -0.000000650357  -0.000000674009
          1      320.000 -24.312328770000   0.410000000000  -1.383225227985  -0.510986932857  -0.286438977678  -0.093837422770  -0.000112959865  -0.000000675539  -0.000000689334
          1      321.000 -26.212054790000   0.410000000000  -1.677633039121  -0.654817377926  -0.361583167920  -0.100218114391  -0.000241084690  -0.000000720772  -0.000000716240
          1      322.000 -27.211780820000   0.410000000000  -1.949986888558  -0.811098629438  -0.456243828785  -0.111228966921  -0.000543182491  -0.000000737649  -0.000000732995
          1      323.000 -24.111506850000   0.430000000000  -2.189333063800  -0.960354781477  -0.555372580831  -0.129994905479  -0.001243014344  -0.000000745161  -0.000000742965
          1      324.000 -17.911232880000   0.430000000000  -2.334046558892  -1.081313558662  -0.646150729016  -0.158499608814  -0.002682476895  -0.000000747427  -0.000000746679
          1      325.000 -19.910958900000   0.430000000000  -2.331135039065  -1.143450224867  -0.709624219905  -0.194921106146  -0.005087584719  -0.000000748269  -0.000000748078
          1      326.000 -19.310684930000   0.460000000000  -2.277212619925  -1.157468119650  -0.742157315531  -0.232566740401  -0.008268008441  -0.000000748609  -0.000000748634
          1      327.000 -20.710410960000   0.460000000000  -2.228247471502  -1.159138431700  -0.761303580001  -0.266238463577  -0.011555377090  -0.000000748800  -0.000000748915
          1      328.000 -17.610136990000   0.460000000000  -2.185642238930  -1.156934947158  -0.774609667874  -0.295523434227  -0.014475022544  -0.000000749003  -0.000000749134
          1      329.000  -5.509863014000   0.430000000000  -2.126579638111  -1.151649665632  -0.784583814065  -0.321196715091  -0.016959029674  -0.000000749244  -0.000000749349
          1      330.000  -3.109589041000   0.410000000000  -1.923463066737  -1.108079809142  -0.776444991416  -0.342475065264  -0.018708205749  -0.000000750009  -0.000000749780
          1      331.000  -7.109315068000   0.460000000000  -1.628026756702  -1.008752664524  -0.733853456776  -0.354756083834  -0.020107588858  -0.000000752484  -0.000000751205
          1      332.000 -12.209041100000   0.380000000000  -1.414932883785  -0.904469420983  -0.677477273236  -0.356329303443  -0.021521070563  -0.000000753153  -0.000000752486
          1      333.000 -13.108767120000   0.380000000000  -1.387959475762  -0.844600363162  -0.636103647696  -0.351905498703  -0.023453241079  -0.000000753574  -0.000000753478
          1      334.000 -14.208493150000   0.380000000000  -1.472781097020  -0.843867894586  -0.625671548040  -0.348166633995  -0.029870047402  -0.000000753789  -0.000000753885
          1      335.000 -18.408219180000   0.380000000000  -1.595354194470  -0.879306227823  -0.640068739621  -0.349356060738  -0.040060587683  -0.000000753901  -0.000000754030
          1      336.000 -23.207945210000   0.360000000000  -1.794554102215  -0.948093932983  -0.675784362765  -0.356967875713  -0.046677026106  -0.000000754075  -0.000000754136
          1      337.000 -28.107671230000   0.360000000000  -2.100962572868  -1.068313878862  -0.742699003013  -0.373574365743  -0.050556381036  -0.000000754505  -0.000000754368
          1      338.000 -34.107397260000   0.360000000000  -2.512071563447  -1.250985368679  -0.851383387772  -0.404412412817  -0.053238614910  -0.000000754573  -0.000000754493
          1      339.000 -33.207123290000   0.360000000000  -3.003595524693  -1.496350648573  -1.007276899041  -0.456496590282  -0.056378187816  -0.000000754590  -0.000000754529
          1      340.000 -34.406849320000   0.360000000000  -3.426470581096  -1.754674897634  -1.189932870809  -0.534657333760  -0.067417345756  -0.000000754605  -0.000000754543
          1      341.000 -34.806575340000   0.360000000000  -3.753812374569  -1.979736153072  -1.365261866919  -0.632406936164  -0.085536605833  -0.000000754701  -0.000000754582
          1      342.000 -31.706301370000   0.360000000000  -3.999713305677  -2.170788447883  -1.525701671353  -0.741051065386  -0.106310912206  -0.000000754748  -0.000000754634
          1      343.000 -27.406027400000   0.360000000000  -4.105068993533  -2.306766807027  -1.658194171452  -0.853101205182  -0.134886881906  -0.000000754753  -0.000000754652
          1      344.000 -27.305753420000   0.360000000000  -4.061653641120  -2.366972555845  -1.744142888601  -0.955516303618  -0.187931960934  -0.000000754773  -0.000000754666
          1      345.000 -30.105479450000   0.360000000000  -4.003347618605  -2.389518879317  -1.797423588532  -1.043093668897  -0.254364265525  -0.000000754780  -0.000000754690
          1      346.000 -29.805205480000   0.330000000000  -4.077906227650  -2.444995468039  -1.860114996387  -1.122014232547  -0.311105600465  -0.000000754798  -0.000000754718
          1      347.000 -31.904931510000   0.360000000000  -4.312102408277  -2.581129170495  -1.970446428048  -1.211790619694  -0.378940049329  -0.000000754802  -0.000000754766
          1      348.000 -30.104657530000   0.360000000000  -4.471796549837  -2.725183339705  -2.099558349103  -1.316642984229  -0.452409605100  -0.000000754818  -0.000000754808
          1      349.000 -27.104383560000   0.360000000000  -4.508279589426  -2.815695748858  -2.200346728147  -1.419738551352  -0.520378999041  -0.000000754839  -0.000000754821
          1      350.000  -9.904109589000   0.380000000000  -4.389940341422  -2.838418551920  -2.256955752638  -1.504205767139  -0.608920531496  -0.000003030986  -0.000000754824
          1      351.000  -8.403835616000   0.380000000000  -3.889022615294  -2.692390039553  -2.206835509054  -1.541561774624  -0.664206307389  -0.000529123075  -0.000000754824
          1      352.000 -10.403561640000   0.380000000000  -3.306264730081  -2.421819110957  -2.043982163939  -1.497696113843  -0.700794969621  -0.129116152629  -0.000000754824
          1      353.000 -15.803287670000   0.410000000000  -2.927243594873  -2.183288585320  -1.872901275864  -1.421496511511  -0.718610449040  -0.145707751297  -0.000000754824
          1      354.000 -19.703013700000   0.410000000000  -2.779300829715  -2.041673172467  -1.753381498108  -1.347335190012  -0.716670574242  -0.194752266142  -0.000000754824
          1      355.000 -19.802739730000   0.410000000000  -2.783721640614  -1.986348501637  -1.691956334792  -1.294662502359  -0.701582778183  -0.224045235209  -0.000000754824
          1      356.000 -22.702465750000   0.410000000000  -2.856350328098  -1.988479224251  -1.676256880214  -1.268372903225  -0.696845156231  -0.233922682967  -0.000000754824
          1      357.000 -29.502191780000   0.410000000000  -2.981114952962  -2.027627667104  -1.692089638937  -1.263658273718  -0.696256481267  -0.262928440313  -0.000000754824
          1      358.000 -31.401917810000   0.410000000000  -3.215460349375  -2.121765161683  -1.747472779211  -1.283287677215  -0.707816147607  -0.273841262442  -0.000000754825
          1      359.000 -29.201643840000   0.460000000000  -3.513174945390  -2.273188766409  -1.849638148763  -1.332437751758  -0.728297564671  -0.301268281353  -0.000000754825
          1      360.000 -27.401369860000   0.460000000000  -3.735861939817  -2.427759053526  -1.970487950218  -1.408395948885  -0.769322713783  -0.327287283883  -0.000000754825
          1      361.000 -17.901095890000   0.460000000000  -3.823968747728  -2.533145752500  -2.070163543689  -1.490278699851  -0.818409266734  -0.360092965265  -0.000000754965
          1      362.000 -14.300821920000   0.460000000000  -3.758077549185  -2.567418773222  -2.125940054461  -1.558837114986  -0.877909105651  -0.406672331233  -0.000001937548
          1      363.000 -23.700547950000   0.460000000000  -3.567022658446  -2.522257106854  -2.123985076936  -1.597806419153  -0.929225406656  -0.445654695716  -0.000030378586
          1      364.000 -21.300273970000   0.460000000000  -3.429859846396  -2.457751522823  -2.091868620497  -1.605151151852  -0.957065905034  -0.464502348462  -0.003234607753
          1      365.000 -18.600000000000   0.500000000000  -3.384485236336  -2.425782568190  -2.070149197525  -1.600571022398  -0.970977938131  -0.493367869008  -0.092481259742
