   1.0000000000000000     
  -18.600000000000001     
  -18.599981090595925     
  -18.599962181184328     
  -18.599943271757695     
  -18.599924362308517     
  -18.599905452829269     
  -18.599886543312437     
  -18.599867633750506     
  -18.599848724135963     
  -18.599829814461287     
  -18.599810904718968     
  -18.599791994901487     
  -18.599773085001331     
  -18.599754175010986     
  -18.599735264922934     
  -18.599716354729662     
  -18.599697444423651     
  -18.599678533997391     
  -18.599659623443372     
  -18.599640712754081     
  -18.599621801921998     
  -17.338889643106128     
  -16.044761876022729     
  -14.690581758173062     
  -13.260559849499026     
  -11.750371027172431     
  -10.164997578018591     
  -8.5153796138834679     
  -6.8152500770447038     
  -6.1250607255219496     
  -5.4299700925562604     
  -4.7308511290970010     
  -4.3801007062889372     
  -4.0286610291695233     
  -3.6766356322800648     
  -3.5004417079638399     
  -3.3946734641658782     
  -3.3594093427999288     
  -3.3478696887938004     
  -3.3363273438894590     
  -3.3247783017817851     
  -3.2900867296411929     
  -3.2321276816156597     
  -3.1156813373638390     
  -2.9986069858855400     
  -2.8809264378226467     
  -2.7626598938847633     
  -2.4036687626569977     
  -2.1619504623522867     
  -2.0918066715500614     
  -2.0566739879104672     
  -1.9510573340004420     
  -1.8805145529270830     
  -1.8098787474419065     
  -1.7047127514736431     
  -1.5993540030264302     
  -1.4939088915977399     
  -1.3885268976116618     
  -1.2833860278872253     
  -1.1786978897370008     
  -1.1162617818371761     
  -1.0540352295306079     
 -0.99191602800032652     
 -0.92991932406962152     
 -0.86806002152770945     
 -0.80635246584280140     
 -0.74481002474550440     
 -0.68344451983406740     
 -0.62226543877024487     
 -0.56127881335136520     
 -0.53086985359965033     
 -0.43985303828515343     
 -0.37941331111032273     
 -0.31910498284727085     
 -0.25885924978843711     
 -0.19854832751319740     
 -0.13791754965618197     
 -0.10736474725613952     
  -4.7296514056369225E-004
  -7.5757493200396737E-007
  -7.5482440475360698E-007
  -7.5482424431886748E-007
  -7.5482408558581283E-007
  -7.5482392814395011E-007
  -7.5482377167004509E-007
  -7.5482361590571493E-007
  -7.5482346063966757E-007
  -7.5482330569330081E-007
  -7.5482315090862037E-007
  -7.5483991001893203E-007
  -1.1043503405507832E-006
  -2.1932223037018895E-003
  -7.0031159762097735E-003
  -1.2257737344561629E-002
  -2.5866117623757717E-002
  -3.9569620741974745E-002
  -5.3225195360981893E-002
  -6.6791118578521352E-002
  -8.0250266376174245E-002
  -9.3593531889637788E-002
 -0.10681498262593377     
 -0.11991016363533934     
 -0.13287542016069825     
 -0.14570759652204074     
 -0.15840388809706146     
 -0.17096176080587144     
 -0.18337890260551423     
 -0.19565319130283537     
 -0.20778267134991979     
 -0.21976553600644755     
 -0.23160011298761096     
 -0.24328485255897336     
 -0.25481831746581496     
 -0.26619917430910323     
 -0.28849730460663164     
 -0.31017170652401510     
 -0.33121470855823187     
 -0.35161980750032168     
 -0.37138156466358602     
 -0.39049552760065115     
 -0.40895817085948127     
 -0.42676685094379552     
 -0.44391977181747205     
 -0.46041595816514341     
 -0.47625523427880767     
 -0.49143820694043266     
 -0.50596625105332782     
 -0.51984149706928318     
 -0.53306681948525292     
 -0.54564582585842436     
 -0.55758284592369367     
 -0.56888292050190514     
 -0.57955178996759904     
 -0.58959588210679892     
 -0.59902229924269224     
 -0.60783880454314609     
 -0.61605380745136284     
 -0.62367634820161677     
 -0.63071608139743440     
 -0.63718325864103698     
 -0.64308871021130209     
 -0.64844382579374971     
 -0.65631272906012095     
 -0.66233980108565949     
 -0.65974985822418708     
 -0.65091252466535454     
 -0.62471412492663148     
 -0.58815536856357764     
 -0.54543813157155674     
 -0.50075989508552143     
 -0.45797469604605934     
 -0.42018490616675186     
 -0.38935231252851893     
 -0.36609915917213909     
 -0.34984840570040460     
 -0.33927034221068469     
 -0.33281192028989892     
 -0.32908337941679300     
 -0.32702728888461152     
 -0.32592373896078258     
 -0.32521294811163926     
 -0.32504503620739345     
 -0.32500882325441727     
 -0.32500161355706514     
 -0.32500027715053481     
 -0.32500004493002871     
 -0.32500000681541880     
 -0.32500000033659804     
 -0.32500000000201640     
 -0.32500000000022189     
 -0.32499999999991425     
 -0.32499999999999057     
 -0.32499999999998741     
 -0.32500000000000051     
 -0.32500000000000140     
 -0.32499999999999868     
