          1      183.000   -7.042    0.245   -3.790   -5.336   -6.040   -6.330   -6.599   -6.773   -6.931    0.000      269.000      269.000
          1      548.000   -7.015    0.245   -2.965   -4.312   -4.940   -5.182   -5.368   -5.490   -5.595    0.000      637.000      272.000
          1      913.000   -6.927    0.245   -2.570   -3.864   -4.473   -4.702   -4.868   -4.982   -5.071    0.000     1006.000      276.000
          1     1278.000   -6.805    0.243   -2.134   -3.413   -4.026   -4.257   -4.418   -4.539   -4.623    0.000     1366.000      271.000
          1     1643.000   -6.723    0.243   -1.922   -3.179   -3.782   -4.005   -4.150   -4.267   -4.341    0.000     1747.000      287.000
          1     2008.000   -6.560    0.243   -1.622   -2.886   -3.497   -3.725   -3.873   -3.999   -4.078    0.000     2128.000      303.000
          1     2373.000   -6.496    0.243   -1.420   -2.662   -3.270   -3.490   -3.630   -3.753   -3.828    0.000     2502.000      312.000
          1     2738.000   -6.416    0.243   -1.283   -2.500   -3.094   -3.311   -3.446   -3.568   -3.644    0.000     2874.000      319.000
          1     3103.000   -6.318    0.243   -1.157   -2.364   -2.965   -3.181   -3.306   -3.426   -3.502    0.000     3242.000      322.000
          1     3468.000   -6.163    0.243   -0.926   -2.165   -2.789   -3.013   -3.147   -3.276   -3.363    0.000     3617.000      332.000
