   1.0000000000000000     
  -18.600000000000001     
  -18.599988815655983     
  -18.599977631301712     
  -18.599966446926945     
  -18.599955262521433     
  -18.599944078074923     
  -18.599932893577165     
  -18.599921709017913     
  -18.599910524386921     
  -18.599899339673939     
  -18.599888154868726     
  -18.599876969961027     
  -18.599865784940601     
  -18.599854599797197     
  -18.599843414520567     
  -18.599832229100468     
  -18.599821043526646     
  -18.599809857788863     
  -18.599798671876872     
  -18.599787485780432     
  -17.854034743167826     
  -17.062743134787656     
  -16.189150246221079     
  -15.210839647876142     
  -14.120861204713135     
  -12.925200028461933     
  -11.638442354191749     
  -10.279392569890764     
  -8.8677236497042280     
  -8.2935284941671981     
  -7.7150000917111825     
  -7.1332040187577341     
  -6.8414640779820814     
  -6.5492871163442610     
  -6.2567951886986757     
  -6.1104761392975577     
  -6.0226684474113732     
  -5.9933972149817523     
  -5.9839939316809643     
  -5.9745899619412715     
  -5.9651847096848618     
  -5.9369602294206372     
  -5.8898947134653605     
  -5.7956822156398928     
  -5.7014125442822357     
  -5.6071215748225640     
  -5.5128440675955144     
  -5.2301439334087085     
  -5.0424390146289699     
  -4.8555469301771428     
  -4.7625223245566399     
  -4.6805448769341860     
  -4.6263709124611552     
  -4.5725706753887314     
  -4.5191590921439042     
  -4.4661507078278593     
  -4.3883170684784760     
  -4.3113942385636621     
  -4.2355471064882684     
  -4.1608329011385470     
  -4.0873084942806166     
  -4.0150303794407964     
  -3.9723059570930577     
  -3.9301089118341537     
  -3.8883592648324838     
  -3.8470649568873720     
  -3.8062337601389893     
  -3.7658732720601664     
  -3.7259909089114607     
  -3.6865938987736104     
  -3.6670805472484505     
  -3.6092813103528587     
  -3.5713817046921172     
  -3.5339943362100712     
  -3.4971253800598063     
  -3.4607807781851303     
  -3.4249662321000125     
  -3.4072602173052253     
  -3.3549468858189107     
  -3.3207541725687904     
  -3.2871117843737592     
  -3.2540241238612158     
  -3.2214953174698580     
  -3.1895292111487463     
  -3.1581293666084114     
  -3.1272990581412370     
  -3.0970412700234671     
  -3.0673586945066420     
  -3.0382537304020012     
  -3.0097284822574064     
  -2.9817847601226628     
  -2.9544240798957624     
  -2.9276476642394651     
  -2.9014564440548636     
  -2.8385390910491468     
  -2.7792856662911340     
  -2.7236873872993215     
  -2.6717250284706653     
  -2.6233694589577574     
  -2.5785822567300674     
  -2.5373163819068436     
  -2.4995168928398908     
  -2.4651216892761485     
  -2.4340622681363229     
  -2.4062644789083523     
  -2.3816492672839171     
  -2.3601333973830956     
  -2.3416301446474206     
  -2.3260499531761858     
  -2.3133010528868230     
  -2.3032900333598758     
  -2.2959223725551809     
  -2.2911029197408235     
  -2.2887363329516965     
  -2.2910760472551899     
  -2.3020915577137284     
  -2.3210469702546073     
  -2.3472314885911429     
  -2.3799645035920789     
  -2.4185991434414134     
  -2.4625245838977947     
  -2.5111673702963011     
  -2.5639919563335480     
  -2.6205006237467967     
  -2.6802329134750513     
  -2.7427646727056580     
  -2.8077068023558773     
  -2.8747037746716497     
  -2.9434319794258377     
  -3.0135979485482975     
  -3.0849365020631474     
  -3.1572088523380715     
  -3.2302006984706213     
  -3.3037203379111992     
  -3.3775968180293656     
  -3.4516781462202655     
  -3.5258295733160292     
  -3.5999319615294407     
  -3.6738802449373917     
  -3.7475819876314640     
  -3.8209560421367512     
  -3.8939313085331153     
  -4.0726015451553632     
  -4.3322273039181063     
  -4.6597104872175166     
  -4.8903125731637704     
  -5.2459237204545728     
  -5.5673725651787507     
  -5.8576152421978840     
  -6.1202402501607827     
  -6.3590880473911753     
  -6.5779738623544590     
  -6.7804823575611470     
  -6.9698255244527871     
  -7.1487582574580344     
  -7.3195442263729706     
  -7.4839625604395534     
  -7.6433447566188084     
  -7.7986312924744965     
  -7.9504384427256616     
  -8.2446774478467155     
  -8.5270695350868078     
  -8.7969437135479538     
  -9.0534125521462983     
  -9.2958837907054548     
  -9.5242000478893765     
  -9.7385885941977808     
  -9.9395467974652441     
  -10.188621122470149     
  -10.672704582007583     
  -11.004782228258499     
  -11.320452397433581     
  -11.366256507996308     
  -11.378425883971836     
  -11.381251985065109     
  -11.381733259283777     
