3650
1	0.43644999999999995
2	0.43644999999999995
3	0.43644999999999995
4	0.43644999999999995
5	0.4161499999999999
6	0.4161499999999999
7	0.4161499999999999
8	0.4161499999999999
9	0.4161499999999999
10	0.4161499999999999
11	0.4161499999999999
12	0.4161499999999999
13	0.4161499999999999
14	0.3857
15	0.4161499999999999
16	0.4161499999999999
17	0.43644999999999995
18	0.43644999999999995
19	0.4871999999999999
20	0.4871999999999999
21	0.5075
22	0.4871999999999999
23	0.4871999999999999
24	0.4669
25	0.43644999999999995
26	0.4161499999999999
27	0.4161499999999999
28	0.4871999999999999
29	0.4669
30	0.4669
31	0.43644999999999995
32	0.4161499999999999
33	0.4161499999999999
34	0.4161499999999999
35	0.4161499999999999
36	0.4161499999999999
37	0.4161499999999999
38	0.4161499999999999
39	0.4161499999999999
40	0.4161499999999999
41	0.4161499999999999
42	0.4161499999999999
43	0.4161499999999999
44	0.4161499999999999
45	0.4161499999999999
46	0.4669
47	0.4669
48	0.4669
49	0.4161499999999999
50	0.4161499999999999
51	0.4161499999999999
52	0.4161499999999999
53	0.4161499999999999
54	0.4161499999999999
55	0.4161499999999999
56	0.4161499999999999
57	0.4161499999999999
58	0.4161499999999999
59	0.4871999999999999
60	0.3857
61	0.41
62	0.41
63	0.41
64	0.41
65	0.41
66	0.41
67	0.41
68	0.41
69	0.41
70	0.41
71	0.41
72	0.41
73	0.41
74	0.41
75	0.41
76	0.41
77	0.41
78	0.41
79	0.41
80	0.38
81	0.41
82	0.41
83	0.43
84	0.41
85	0.43
86	0.41
87	0.41
88	0.43
89	0.43
90	0.43
91	0.43
92	0.43
93	0.43
94	0.46
95	0.46
96	0.46
97	0.46
98	0.5
99	0.5
100	0.5
101	0.5
102	0.5
103	0.5
104	0.5
105	0.5
106	0.5
107	0.5
108	0.5
109	0.5
110	0.5
111	0.0
112	0.5
113	0.5
114	0.0
115	0.5
116	0.5
117	0.5
118	0.5
119	0.5
120	0.5
121	0.5
122	0.5
123	0.0
124	0.0
125	0.0
126	0.0
127	0.0
128	0.0
129	0.0
130	0.0
131	0.0
132	0.0
133	0.0
134	0.0
135	0.0
136	0.0
137	0.0
138	0.0
139	0.0
140	0.0
141	0.0
142	0.0
143	0.0
144	0.0
145	0.0
146	0.0
147	0.0
148	0.0
149	0.0
150	0.0
151	0.0
152	0.0
153	0.0
154	0.0
155	0.0
156	0.0
157	0.0
158	0.0
159	0.0
160	0.0
161	0.0
162	0.0
163	0.0
164	0.0
165	0.0
166	0.0
167	0.0
168	0.0
169	0.0
170	0.0
171	0.0
172	0.0
173	0.0
174	0.0
175	0.0
176	0.0
177	0.0
178	0.0
179	0.0
180	0.0
181	0.0
182	0.0
183	0.0
184	0.0
185	0.0
186	0.0
187	0.0
188	0.0
189	0.0
190	0.0
191	0.0
192	0.0
193	0.0
194	0.0
195	0.0
196	0.0
197	0.0
198	0.0
199	0.0
200	0.0
201	0.0
202	0.0
203	0.0
204	0.0
205	0.0
206	0.0
207	0.0
208	0.0
209	0.0
210	0.0
211	0.0
212	0.0
213	0.0
214	0.0
215	0.0
216	0.0
217	0.0
218	0.0
219	0.0
220	0.0
221	0.0
222	0.0
223	0.0
224	0.0
225	0.0
226	0.0
227	0.0
228	0.0
229	0.0
230	0.0
231	0.0
232	0.0
233	0.0
234	0.0
235	0.0
236	0.0
237	0.0
238	0.0
239	0.0
240	0.0
241	0.0
242	0.0
243	0.0
244	0.0
245	0.0
246	0.0
247	0.0
248	0.0
249	0.0
250	0.0
251	0.0
252	0.0
253	0.0
254	0.0
255	0.0
256	0.0
257	0.0
258	0.0
259	0.0
260	0.0
261	0.0
262	0.0
263	0.0
264	0.0
265	0.0
266	0.0
267	0.0
268	0.0
269	0.0
270	0.0
271	0.0
272	0.0
273	0.0
274	0.0
275	0.0
276	0.41
277	0.0
278	0.0
279	0.38
280	0.38
281	0.36
282	0.28
283	0.36
284	0.33
285	0.38
286	0.38
287	0.38
288	0.38
289	0.38
290	0.38
291	0.38
292	0.38
293	0.36
294	0.36
295	0.36
296	0.36
297	0.36
298	0.41
299	0.41
300	0.41
301	0.41
302	0.41
303	0.41
304	0.41
305	0.41
306	0.43
307	0.43
308	0.41
309	0.41
310	0.41
311	0.41
312	0.41
313	0.41
314	0.41
315	0.41
316	0.41
317	0.41
318	0.41
319	0.41
320	0.41
321	0.41
322	0.41
323	0.43
324	0.43
325	0.43
326	0.46
327	0.46
328	0.46
329	0.43
330	0.41
331	0.46
332	0.38
333	0.38
334	0.38
335	0.38
336	0.36
337	0.36
338	0.36
339	0.36
340	0.36
341	0.36
342	0.36
343	0.36
344	0.36
345	0.36
346	0.33
347	0.36
348	0.36
349	0.36
350	0.38
351	0.38
352	0.38
353	0.41
354	0.41
355	0.41
356	0.41
357	0.41
358	0.41
359	0.46
360	0.46
361	0.46
362	0.46
363	0.46
364	0.46
365	0.515
366	0.4429
367	0.4429
368	0.4429
369	0.4429
370	0.4223
371	0.4223
372	0.4223
373	0.4223
374	0.4223
375	0.4223
376	0.4223
377	0.4223
378	0.4223
379	0.3914
380	0.4223
381	0.4223
382	0.4429
383	0.4429
384	0.4944
385	0.4944
386	0.515
387	0.4944
388	0.4944
389	0.47380000000000005
390	0.4429
391	0.4223
392	0.4223
393	0.4944
394	0.47380000000000005
395	0.47380000000000005
396	0.4429
397	0.4223
398	0.4223
399	0.4223
400	0.4223
401	0.4223
402	0.4223
403	0.4223
404	0.4223
405	0.4223
406	0.4223
407	0.4223
408	0.4223
409	0.4223
410	0.4223
411	0.47380000000000005
412	0.47380000000000005
413	0.47380000000000005
414	0.4223
415	0.4223
416	0.4223
417	0.4223
418	0.4223
419	0.4223
420	0.4223
421	0.4223
422	0.4223
423	0.4223
424	0.4944
425	0.3914
426	0.41
427	0.41
428	0.41
429	0.41
430	0.41
431	0.41
432	0.41
433	0.41
434	0.41
435	0.41
436	0.41
437	0.41
438	0.41
439	0.41
440	0.41
441	0.41
442	0.41
443	0.41
444	0.41
445	0.38
446	0.41
447	0.41
448	0.43
449	0.41
450	0.43
451	0.41
452	0.41
453	0.43
454	0.43
455	0.43
456	0.43
457	0.43
458	0.43
459	0.46
460	0.46
461	0.46
462	0.46
463	0.5
464	0.5
465	0.5
466	0.5
467	0.5
468	0.5
469	0.5
470	0.5
471	0.5
472	0.5
473	0.5
474	0.5
475	0.5
476	0.0
477	0.5
478	0.5
479	0.0
480	0.5
481	0.5
482	0.5
483	0.5
484	0.5
485	0.5
486	0.5
487	0.5
488	0.0
489	0.0
490	0.0
491	0.0
492	0.0
493	0.0
494	0.0
495	0.0
496	0.0
497	0.0
498	0.0
499	0.0
500	0.0
501	0.0
502	0.0
503	0.0
504	0.0
505	0.0
506	0.0
507	0.0
508	0.0
509	0.0
510	0.0
511	0.0
512	0.0
513	0.0
514	0.0
515	0.0
516	0.0
517	0.0
518	0.0
519	0.0
520	0.0
521	0.0
522	0.0
523	0.0
524	0.0
525	0.0
526	0.0
527	0.0
528	0.0
529	0.0
530	0.0
531	0.0
532	0.0
533	0.0
534	0.0
535	0.0
536	0.0
537	0.0
538	0.0
539	0.0
540	0.0
541	0.0
542	0.0
543	0.0
544	0.0
545	0.0
546	0.0
547	0.0
548	0.0
549	0.0
550	0.0
551	0.0
552	0.0
553	0.0
554	0.0
555	0.0
556	0.0
557	0.0
558	0.0
559	0.0
560	0.0
561	0.0
562	0.0
563	0.0
564	0.0
565	0.0
566	0.0
567	0.0
568	0.0
569	0.0
570	0.0
571	0.0
572	0.0
573	0.0
574	0.0
575	0.0
576	0.0
577	0.0
578	0.0
579	0.0
580	0.0
581	0.0
582	0.0
583	0.0
584	0.0
585	0.0
586	0.0
587	0.0
588	0.0
589	0.0
590	0.0
591	0.0
592	0.0
593	0.0
594	0.0
595	0.0
596	0.0
597	0.0
598	0.0
599	0.0
600	0.0
601	0.0
602	0.0
603	0.0
604	0.0
605	0.0
606	0.0
607	0.0
608	0.0
609	0.0
610	0.0
611	0.0
612	0.0
613	0.0
614	0.0
615	0.0
616	0.0
617	0.0
618	0.0
619	0.0
620	0.0
621	0.0
622	0.0
623	0.0
624	0.0
625	0.0
626	0.0
627	0.0
628	0.0
629	0.0
630	0.0
631	0.0
632	0.0
633	0.0
634	0.0
635	0.0
636	0.0
637	0.0
638	0.0
639	0.0
640	0.0
641	0.41
642	0.0
643	0.0
644	0.38
645	0.38
646	0.36
647	0.28
648	0.36
649	0.33
650	0.38
651	0.38
652	0.38
653	0.38
654	0.38
655	0.38
656	0.38
657	0.38
658	0.36
659	0.36
660	0.36
661	0.36
662	0.36
663	0.41
664	0.41
665	0.41
666	0.41
667	0.41
668	0.41
669	0.41
670	0.41
671	0.43
672	0.43
673	0.41
674	0.41
675	0.41
676	0.41
677	0.41
678	0.41
679	0.41
680	0.41
681	0.41
682	0.41
683	0.41
684	0.41
685	0.41
686	0.41
687	0.41
688	0.43
689	0.43
690	0.43
691	0.46
692	0.46
693	0.46
694	0.43
695	0.41
696	0.46
697	0.38
698	0.38
699	0.38
700	0.38
701	0.36
702	0.36
703	0.36
704	0.36
705	0.36
706	0.36
707	0.36
708	0.36
709	0.36
710	0.36
711	0.33
712	0.36
713	0.36
714	0.36
715	0.38
716	0.38
717	0.38
718	0.41
719	0.41
720	0.41
721	0.41
722	0.41
723	0.41
724	0.46
725	0.46
726	0.46
727	0.46
728	0.46
729	0.46
730	0.5225
731	0.44934999999999997
732	0.44934999999999997
733	0.44934999999999997
734	0.44934999999999997
735	0.42844999999999994
736	0.42844999999999994
737	0.42844999999999994
738	0.42844999999999994
739	0.42844999999999994
740	0.42844999999999994
741	0.42844999999999994
742	0.42844999999999994
743	0.42844999999999994
744	0.39709999999999995
745	0.42844999999999994
746	0.42844999999999994
747	0.44934999999999997
748	0.44934999999999997
749	0.5015999999999999
750	0.5015999999999999
751	0.5225
752	0.5015999999999999
753	0.5015999999999999
754	0.48069999999999996
755	0.44934999999999997
756	0.42844999999999994
757	0.42844999999999994
758	0.5015999999999999
759	0.48069999999999996
760	0.48069999999999996
761	0.44934999999999997
762	0.42844999999999994
763	0.42844999999999994
764	0.42844999999999994
765	0.42844999999999994
766	0.42844999999999994
767	0.42844999999999994
768	0.42844999999999994
769	0.42844999999999994
770	0.42844999999999994
771	0.42844999999999994
772	0.42844999999999994
773	0.42844999999999994
774	0.42844999999999994
775	0.42844999999999994
776	0.48069999999999996
777	0.48069999999999996
778	0.48069999999999996
779	0.42844999999999994
780	0.42844999999999994
781	0.42844999999999994
782	0.42844999999999994
783	0.42844999999999994
784	0.42844999999999994
785	0.42844999999999994
786	0.42844999999999994
787	0.42844999999999994
788	0.42844999999999994
789	0.5015999999999999
790	0.39709999999999995
791	0.41
792	0.41
793	0.41
794	0.41
795	0.41
796	0.41
797	0.41
798	0.41
799	0.41
800	0.41
801	0.41
802	0.41
803	0.41
804	0.41
805	0.41
806	0.41
807	0.41
808	0.41
809	0.41
810	0.38
811	0.41
812	0.41
813	0.43
814	0.41
815	0.43
816	0.41
817	0.41
818	0.43
819	0.43
820	0.43
821	0.43
822	0.43
823	0.43
824	0.46
825	0.46
826	0.46
827	0.46
828	0.5
829	0.5
830	0.5
831	0.5
832	0.5
833	0.5
834	0.5
835	0.5
836	0.5
837	0.5
838	0.5
839	0.5
840	0.5
841	0.0
842	0.5
843	0.5
844	0.0
845	0.5
846	0.5
847	0.5
848	0.5
849	0.5
850	0.5
851	0.5
852	0.5
853	0.0
854	0.0
855	0.0
856	0.0
857	0.0
858	0.0
859	0.0
860	0.0
861	0.0
862	0.0
863	0.0
864	0.0
865	0.0
866	0.0
867	0.0
868	0.0
869	0.0
870	0.0
871	0.0
872	0.0
873	0.0
874	0.0
875	0.0
876	0.0
877	0.0
878	0.0
879	0.0
880	0.0
881	0.0
882	0.0
883	0.0
884	0.0
885	0.0
886	0.0
887	0.0
888	0.0
889	0.0
890	0.0
891	0.0
892	0.0
893	0.0
894	0.0
895	0.0
896	0.0
897	0.0
898	0.0
899	0.0
900	0.0
901	0.0
902	0.0
903	0.0
904	0.0
905	0.0
906	0.0
907	0.0
908	0.0
909	0.0
910	0.0
911	0.0
912	0.0
913	0.0
914	0.0
915	0.0
916	0.0
917	0.0
918	0.0
919	0.0
920	0.0
921	0.0
922	0.0
923	0.0
924	0.0
925	0.0
926	0.0
927	0.0
928	0.0
929	0.0
930	0.0
931	0.0
932	0.0
933	0.0
934	0.0
935	0.0
936	0.0
937	0.0
938	0.0
939	0.0
940	0.0
941	0.0
942	0.0
943	0.0
944	0.0
945	0.0
946	0.0
947	0.0
948	0.0
949	0.0
950	0.0
951	0.0
952	0.0
953	0.0
954	0.0
955	0.0
956	0.0
957	0.0
958	0.0
959	0.0
960	0.0
961	0.0
962	0.0
963	0.0
964	0.0
965	0.0
966	0.0
967	0.0
968	0.0
969	0.0
970	0.0
971	0.0
972	0.0
973	0.0
974	0.0
975	0.0
976	0.0
977	0.0
978	0.0
979	0.0
980	0.0
981	0.0
982	0.0
983	0.0
984	0.0
985	0.0
986	0.0
987	0.0
988	0.0
989	0.0
990	0.0
991	0.0
992	0.0
993	0.0
994	0.0
995	0.0
996	0.0
997	0.0
998	0.0
999	0.0
1000	0.0
1001	0.0
1002	0.0
1003	0.0
1004	0.0
1005	0.0
1006	0.41
1007	0.0
1008	0.0
1009	0.38
1010	0.38
1011	0.36
1012	0.28
1013	0.36
1014	0.33
1015	0.38
1016	0.38
1017	0.38
1018	0.38
1019	0.38
1020	0.38
1021	0.38
1022	0.38
1023	0.36
1024	0.36
1025	0.36
1026	0.36
1027	0.36
1028	0.41
1029	0.41
1030	0.41
1031	0.41
1032	0.41
1033	0.41
1034	0.41
1035	0.41
1036	0.43
1037	0.43
1038	0.41
1039	0.41
1040	0.41
1041	0.41
1042	0.41
1043	0.41
1044	0.41
1045	0.41
1046	0.41
1047	0.41
1048	0.41
1049	0.41
1050	0.41
1051	0.41
1052	0.41
1053	0.43
1054	0.43
1055	0.43
1056	0.46
1057	0.46
1058	0.46
1059	0.43
1060	0.41
1061	0.46
1062	0.38
1063	0.38
1064	0.38
1065	0.38
1066	0.36
1067	0.36
1068	0.36
1069	0.36
1070	0.36
1071	0.36
1072	0.36
1073	0.36
1074	0.36
1075	0.36
1076	0.33
1077	0.36
1078	0.36
1079	0.36
1080	0.38
1081	0.38
1082	0.38
1083	0.41
1084	0.41
1085	0.41
1086	0.41
1087	0.41
1088	0.41
1089	0.46
1090	0.46
1091	0.46
1092	0.46
1093	0.46
1094	0.46
1095	0.53
1096	0.45580000000000004
1097	0.45580000000000004
1098	0.45580000000000004
1099	0.45580000000000004
1100	0.4346
1101	0.4346
1102	0.4346
1103	0.4346
1104	0.4346
1105	0.4346
1106	0.4346
1107	0.4346
1108	0.4346
1109	0.40280000000000005
1110	0.4346
1111	0.4346
1112	0.45580000000000004
1113	0.45580000000000004
1114	0.5088
1115	0.5088
1116	0.53
1117	0.5088
1118	0.5088
1119	0.48760000000000003
1120	0.45580000000000004
1121	0.4346
1122	0.4346
1123	0.5088
1124	0.48760000000000003
1125	0.48760000000000003
1126	0.45580000000000004
1127	0.4346
1128	0.4346
1129	0.4346
1130	0.4346
1131	0.4346
1132	0.4346
1133	0.4346
1134	0.4346
1135	0.4346
1136	0.4346
1137	0.4346
1138	0.4346
1139	0.4346
1140	0.4346
1141	0.48760000000000003
1142	0.48760000000000003
1143	0.48760000000000003
1144	0.4346
1145	0.4346
1146	0.4346
1147	0.4346
1148	0.4346
1149	0.4346
1150	0.4346
1151	0.4346
1152	0.4346
1153	0.4346
1154	0.5088
1155	0.40280000000000005
1156	0.41
1157	0.41
1158	0.41
1159	0.41
1160	0.41
1161	0.41
1162	0.41
1163	0.41
1164	0.41
1165	0.41
1166	0.41
1167	0.41
1168	0.41
1169	0.41
1170	0.41
1171	0.41
1172	0.41
1173	0.41
1174	0.41
1175	0.38
1176	0.41
1177	0.41
1178	0.43
1179	0.41
1180	0.43
1181	0.41
1182	0.41
1183	0.43
1184	0.43
1185	0.43
1186	0.43
1187	0.43
1188	0.43
1189	0.46
1190	0.46
1191	0.46
1192	0.46
1193	0.5
1194	0.5
1195	0.5
1196	0.5
1197	0.5
1198	0.5
1199	0.5
1200	0.5
1201	0.5
1202	0.5
1203	0.5
1204	0.5
1205	0.5
1206	0.0
1207	0.5
1208	0.5
1209	0.0
1210	0.5
1211	0.5
1212	0.5
1213	0.5
1214	0.5
1215	0.5
1216	0.5
1217	0.5
1218	0.0
1219	0.0
1220	0.0
1221	0.0
1222	0.0
1223	0.0
1224	0.0
1225	0.0
1226	0.0
1227	0.0
1228	0.0
1229	0.0
1230	0.0
1231	0.0
1232	0.0
1233	0.0
1234	0.0
1235	0.0
1236	0.0
1237	0.0
1238	0.0
1239	0.0
1240	0.0
1241	0.0
1242	0.0
1243	0.0
1244	0.0
1245	0.0
1246	0.0
1247	0.0
1248	0.0
1249	0.0
1250	0.0
1251	0.0
1252	0.0
1253	0.0
1254	0.0
1255	0.0
1256	0.0
1257	0.0
1258	0.0
1259	0.0
1260	0.0
1261	0.0
1262	0.0
1263	0.0
1264	0.0
1265	0.0
1266	0.0
1267	0.0
1268	0.0
1269	0.0
1270	0.0
1271	0.0
1272	0.0
1273	0.0
1274	0.0
1275	0.0
1276	0.0
1277	0.0
1278	0.0
1279	0.0
1280	0.0
1281	0.0
1282	0.0
1283	0.0
1284	0.0
1285	0.0
1286	0.0
1287	0.0
1288	0.0
1289	0.0
1290	0.0
1291	0.0
1292	0.0
1293	0.0
1294	0.0
1295	0.0
1296	0.0
1297	0.0
1298	0.0
1299	0.0
1300	0.0
1301	0.0
1302	0.0
1303	0.0
1304	0.0
1305	0.0
1306	0.0
1307	0.0
1308	0.0
1309	0.0
1310	0.0
1311	0.0
1312	0.0
1313	0.0
1314	0.0
1315	0.0
1316	0.0
1317	0.0
1318	0.0
1319	0.0
1320	0.0
1321	0.0
1322	0.0
1323	0.0
1324	0.0
1325	0.0
1326	0.0
1327	0.0
1328	0.0
1329	0.0
1330	0.0
1331	0.0
1332	0.0
1333	0.0
1334	0.0
1335	0.0
1336	0.0
1337	0.0
1338	0.0
1339	0.0
1340	0.0
1341	0.0
1342	0.0
1343	0.0
1344	0.0
1345	0.0
1346	0.0
1347	0.0
1348	0.0
1349	0.0
1350	0.0
1351	0.0
1352	0.0
1353	0.0
1354	0.0
1355	0.0
1356	0.0
1357	0.0
1358	0.0
1359	0.0
1360	0.0
1361	0.0
1362	0.0
1363	0.0
1364	0.0
1365	0.0
1366	0.0
1367	0.0
1368	0.0
1369	0.0
1370	0.0
1371	0.41
1372	0.0
1373	0.0
1374	0.38
1375	0.38
1376	0.36
1377	0.28
1378	0.36
1379	0.33
1380	0.38
1381	0.38
1382	0.38
1383	0.38
1384	0.38
1385	0.38
1386	0.38
1387	0.38
1388	0.36
1389	0.36
1390	0.36
1391	0.36
1392	0.36
1393	0.41
1394	0.41
1395	0.41
1396	0.41
1397	0.41
1398	0.41
1399	0.41
1400	0.41
1401	0.43
1402	0.43
1403	0.41
1404	0.41
1405	0.41
1406	0.41
1407	0.41
1408	0.41
1409	0.41
1410	0.41
1411	0.41
1412	0.41
1413	0.41
1414	0.41
1415	0.41
1416	0.41
1417	0.41
1418	0.43
1419	0.43
1420	0.43
1421	0.46
1422	0.46
1423	0.46
1424	0.43
1425	0.41
1426	0.46
1427	0.38
1428	0.38
1429	0.38
1430	0.38
1431	0.36
1432	0.36
1433	0.36
1434	0.36
1435	0.36
1436	0.36
1437	0.36
1438	0.36
1439	0.36
1440	0.36
1441	0.33
1442	0.36
1443	0.36
1444	0.36
1445	0.38
1446	0.38
1447	0.38
1448	0.41
1449	0.41
1450	0.41
1451	0.41
1452	0.41
1453	0.41
1454	0.46
1455	0.46
1456	0.46
1457	0.46
1458	0.46
1459	0.46
1460	0.5375
1461	0.46225
1462	0.46225
1463	0.46225
1464	0.46225
1465	0.44075
1466	0.44075
1467	0.44075
1468	0.44075
1469	0.44075
1470	0.44075
1471	0.44075
1472	0.44075
1473	0.44075
1474	0.4085
1475	0.44075
1476	0.44075
1477	0.46225
1478	0.46225
1479	0.516
1480	0.516
1481	0.5375
1482	0.516
1483	0.516
1484	0.4945
1485	0.46225
1486	0.44075
1487	0.44075
1488	0.516
1489	0.4945
1490	0.4945
1491	0.46225
1492	0.44075
1493	0.44075
1494	0.44075
1495	0.44075
1496	0.44075
1497	0.44075
1498	0.44075
1499	0.44075
1500	0.44075
1501	0.44075
1502	0.44075
1503	0.44075
1504	0.44075
1505	0.44075
1506	0.4945
1507	0.4945
1508	0.4945
1509	0.44075
1510	0.44075
1511	0.44075
1512	0.44075
1513	0.44075
1514	0.44075
1515	0.44075
1516	0.44075
1517	0.44075
1518	0.44075
1519	0.516
1520	0.4085
1521	0.41
1522	0.41
1523	0.41
1524	0.41
1525	0.41
1526	0.41
1527	0.41
1528	0.41
1529	0.41
1530	0.41
1531	0.41
1532	0.41
1533	0.41
1534	0.41
1535	0.41
1536	0.41
1537	0.41
1538	0.41
1539	0.41
1540	0.38
1541	0.41
1542	0.41
1543	0.43
1544	0.41
1545	0.43
1546	0.41
1547	0.41
1548	0.43
1549	0.43
1550	0.43
1551	0.43
1552	0.43
1553	0.43
1554	0.46
1555	0.46
1556	0.46
1557	0.46
1558	0.5
1559	0.5
1560	0.5
1561	0.5
1562	0.5
1563	0.5
1564	0.5
1565	0.5
1566	0.5
1567	0.5
1568	0.5
1569	0.5
1570	0.5
1571	0.0
1572	0.5
1573	0.5
1574	0.0
1575	0.5
1576	0.5
1577	0.5
1578	0.5
1579	0.5
1580	0.5
1581	0.5
1582	0.5
1583	0.0
1584	0.0
1585	0.0
1586	0.0
1587	0.0
1588	0.0
1589	0.0
1590	0.0
1591	0.0
1592	0.0
1593	0.0
1594	0.0
1595	0.0
1596	0.0
1597	0.0
1598	0.0
1599	0.0
1600	0.0
1601	0.0
1602	0.0
1603	0.0
1604	0.0
1605	0.0
1606	0.0
1607	0.0
1608	0.0
1609	0.0
1610	0.0
1611	0.0
1612	0.0
1613	0.0
1614	0.0
1615	0.0
1616	0.0
1617	0.0
1618	0.0
1619	0.0
1620	0.0
1621	0.0
1622	0.0
1623	0.0
1624	0.0
1625	0.0
1626	0.0
1627	0.0
1628	0.0
1629	0.0
1630	0.0
1631	0.0
1632	0.0
1633	0.0
1634	0.0
1635	0.0
1636	0.0
1637	0.0
1638	0.0
1639	0.0
1640	0.0
1641	0.0
1642	0.0
1643	0.0
1644	0.0
1645	0.0
1646	0.0
1647	0.0
1648	0.0
1649	0.0
1650	0.0
1651	0.0
1652	0.0
1653	0.0
1654	0.0
1655	0.0
1656	0.0
1657	0.0
1658	0.0
1659	0.0
1660	0.0
1661	0.0
1662	0.0
1663	0.0
1664	0.0
1665	0.0
1666	0.0
1667	0.0
1668	0.0
1669	0.0
1670	0.0
1671	0.0
1672	0.0
1673	0.0
1674	0.0
1675	0.0
1676	0.0
1677	0.0
1678	0.0
1679	0.0
1680	0.0
1681	0.0
1682	0.0
1683	0.0
1684	0.0
1685	0.0
1686	0.0
1687	0.0
1688	0.0
1689	0.0
1690	0.0
1691	0.0
1692	0.0
1693	0.0
1694	0.0
1695	0.0
1696	0.0
1697	0.0
1698	0.0
1699	0.0
1700	0.0
1701	0.0
1702	0.0
1703	0.0
1704	0.0
1705	0.0
1706	0.0
1707	0.0
1708	0.0
1709	0.0
1710	0.0
1711	0.0
1712	0.0
1713	0.0
1714	0.0
1715	0.0
1716	0.0
1717	0.0
1718	0.0
1719	0.0
1720	0.0
1721	0.0
1722	0.0
1723	0.0
1724	0.0
1725	0.0
1726	0.0
1727	0.0
1728	0.0
1729	0.0
1730	0.0
1731	0.0
1732	0.0
1733	0.0
1734	0.0
1735	0.0
1736	0.41
1737	0.0
1738	0.0
1739	0.38
1740	0.38
1741	0.36
1742	0.28
1743	0.36
1744	0.33
1745	0.38
1746	0.38
1747	0.38
1748	0.38
1749	0.38
1750	0.38
1751	0.38
1752	0.38
1753	0.36
1754	0.36
1755	0.36
1756	0.36
1757	0.36
1758	0.41
1759	0.41
1760	0.41
1761	0.41
1762	0.41
1763	0.41
1764	0.41
1765	0.41
1766	0.43
1767	0.43
1768	0.41
1769	0.41
1770	0.41
1771	0.41
1772	0.41
1773	0.41
1774	0.41
1775	0.41
1776	0.41
1777	0.41
1778	0.41
1779	0.41
1780	0.41
1781	0.41
1782	0.41
1783	0.43
1784	0.43
1785	0.43
1786	0.46
1787	0.46
1788	0.46
1789	0.43
1790	0.41
1791	0.46
1792	0.38
1793	0.38
1794	0.38
1795	0.38
1796	0.36
1797	0.36
1798	0.36
1799	0.36
1800	0.36
1801	0.36
1802	0.36
1803	0.36
1804	0.36
1805	0.36
1806	0.33
1807	0.36
1808	0.36
1809	0.36
1810	0.38
1811	0.38
1812	0.38
1813	0.41
1814	0.41
1815	0.41
1816	0.41
1817	0.41
1818	0.41
1819	0.46
1820	0.46
1821	0.46
1822	0.46
1823	0.46
1824	0.46
1825	0.5449999999999999
1826	0.46869999999999995
1827	0.46869999999999995
1828	0.46869999999999995
1829	0.46869999999999995
1830	0.4468999999999999
1831	0.4468999999999999
1832	0.4468999999999999
1833	0.4468999999999999
1834	0.4468999999999999
1835	0.4468999999999999
1836	0.4468999999999999
1837	0.4468999999999999
1838	0.4468999999999999
1839	0.41419999999999996
1840	0.4468999999999999
1841	0.4468999999999999
1842	0.46869999999999995
1843	0.46869999999999995
1844	0.5231999999999999
1845	0.5231999999999999
1846	0.5449999999999999
1847	0.5231999999999999
1848	0.5231999999999999
1849	0.5014
1850	0.46869999999999995
1851	0.4468999999999999
1852	0.4468999999999999
1853	0.5231999999999999
1854	0.5014
1855	0.5014
1856	0.46869999999999995
1857	0.4468999999999999
1858	0.4468999999999999
1859	0.4468999999999999
1860	0.4468999999999999
1861	0.4468999999999999
1862	0.4468999999999999
1863	0.4468999999999999
1864	0.4468999999999999
1865	0.4468999999999999
1866	0.4468999999999999
1867	0.4468999999999999
1868	0.4468999999999999
1869	0.4468999999999999
1870	0.4468999999999999
1871	0.5014
1872	0.5014
1873	0.5014
1874	0.4468999999999999
1875	0.4468999999999999
1876	0.4468999999999999
1877	0.4468999999999999
1878	0.4468999999999999
1879	0.4468999999999999
1880	0.4468999999999999
1881	0.4468999999999999
1882	0.4468999999999999
1883	0.4468999999999999
1884	0.5231999999999999
1885	0.41419999999999996
1886	0.41
1887	0.41
1888	0.41
1889	0.41
1890	0.41
1891	0.41
1892	0.41
1893	0.41
1894	0.41
1895	0.41
1896	0.41
1897	0.41
1898	0.41
1899	0.41
1900	0.41
1901	0.41
1902	0.41
1903	0.41
1904	0.41
1905	0.38
1906	0.41
1907	0.41
1908	0.43
1909	0.41
1910	0.43
1911	0.41
1912	0.41
1913	0.43
1914	0.43
1915	0.43
1916	0.43
1917	0.43
1918	0.43
1919	0.46
1920	0.46
1921	0.46
1922	0.46
1923	0.5
1924	0.5
1925	0.5
1926	0.5
1927	0.5
1928	0.5
1929	0.5
1930	0.5
1931	0.5
1932	0.5
1933	0.5
1934	0.5
1935	0.5
1936	0.0
1937	0.5
1938	0.5
1939	0.0
1940	0.5
1941	0.5
1942	0.5
1943	0.5
1944	0.5
1945	0.5
1946	0.5
1947	0.5
1948	0.0
1949	0.0
1950	0.0
1951	0.0
1952	0.0
1953	0.0
1954	0.0
1955	0.0
1956	0.0
1957	0.0
1958	0.0
1959	0.0
1960	0.0
1961	0.0
1962	0.0
1963	0.0
1964	0.0
1965	0.0
1966	0.0
1967	0.0
1968	0.0
1969	0.0
1970	0.0
1971	0.0
1972	0.0
1973	0.0
1974	0.0
1975	0.0
1976	0.0
1977	0.0
1978	0.0
1979	0.0
1980	0.0
1981	0.0
1982	0.0
1983	0.0
1984	0.0
1985	0.0
1986	0.0
1987	0.0
1988	0.0
1989	0.0
1990	0.0
1991	0.0
1992	0.0
1993	0.0
1994	0.0
1995	0.0
1996	0.0
1997	0.0
1998	0.0
1999	0.0
2000	0.0
2001	0.0
2002	0.0
2003	0.0
2004	0.0
2005	0.0
2006	0.0
2007	0.0
2008	0.0
2009	0.0
2010	0.0
2011	0.0
2012	0.0
2013	0.0
2014	0.0
2015	0.0
2016	0.0
2017	0.0
2018	0.0
2019	0.0
2020	0.0
2021	0.0
2022	0.0
2023	0.0
2024	0.0
2025	0.0
2026	0.0
2027	0.0
2028	0.0
2029	0.0
2030	0.0
2031	0.0
2032	0.0
2033	0.0
2034	0.0
2035	0.0
2036	0.0
2037	0.0
2038	0.0
2039	0.0
2040	0.0
2041	0.0
2042	0.0
2043	0.0
2044	0.0
2045	0.0
2046	0.0
2047	0.0
2048	0.0
2049	0.0
2050	0.0
2051	0.0
2052	0.0
2053	0.0
2054	0.0
2055	0.0
2056	0.0
2057	0.0
2058	0.0
2059	0.0
2060	0.0
2061	0.0
2062	0.0
2063	0.0
2064	0.0
2065	0.0
2066	0.0
2067	0.0
2068	0.0
2069	0.0
2070	0.0
2071	0.0
2072	0.0
2073	0.0
2074	0.0
2075	0.0
2076	0.0
2077	0.0
2078	0.0
2079	0.0
2080	0.0
2081	0.0
2082	0.0
2083	0.0
2084	0.0
2085	0.0
2086	0.0
2087	0.0
2088	0.0
2089	0.0
2090	0.0
2091	0.0
2092	0.0
2093	0.0
2094	0.0
2095	0.0
2096	0.0
2097	0.0
2098	0.0
2099	0.0
2100	0.0
2101	0.41
2102	0.0
2103	0.0
2104	0.38
2105	0.38
2106	0.36
2107	0.28
2108	0.36
2109	0.33
2110	0.38
2111	0.38
2112	0.38
2113	0.38
2114	0.38
2115	0.38
2116	0.38
2117	0.38
2118	0.36
2119	0.36
2120	0.36
2121	0.36
2122	0.36
2123	0.41
2124	0.41
2125	0.41
2126	0.41
2127	0.41
2128	0.41
2129	0.41
2130	0.41
2131	0.43
2132	0.43
2133	0.41
2134	0.41
2135	0.41
2136	0.41
2137	0.41
2138	0.41
2139	0.41
2140	0.41
2141	0.41
2142	0.41
2143	0.41
2144	0.41
2145	0.41
2146	0.41
2147	0.41
2148	0.43
2149	0.43
2150	0.43
2151	0.46
2152	0.46
2153	0.46
2154	0.43
2155	0.41
2156	0.46
2157	0.38
2158	0.38
2159	0.38
2160	0.38
2161	0.36
2162	0.36
2163	0.36
2164	0.36
2165	0.36
2166	0.36
2167	0.36
2168	0.36
2169	0.36
2170	0.36
2171	0.33
2172	0.36
2173	0.36
2174	0.36
2175	0.38
2176	0.38
2177	0.38
2178	0.41
2179	0.41
2180	0.41
2181	0.41
2182	0.41
2183	0.41
2184	0.46
2185	0.46
2186	0.46
2187	0.46
2188	0.46
2189	0.46
2190	0.5525
2191	0.47514999999999996
2192	0.47514999999999996
2193	0.47514999999999996
2194	0.47514999999999996
2195	0.45304999999999995
2196	0.45304999999999995
2197	0.45304999999999995
2198	0.45304999999999995
2199	0.45304999999999995
2200	0.45304999999999995
2201	0.45304999999999995
2202	0.45304999999999995
2203	0.45304999999999995
2204	0.4199
2205	0.45304999999999995
2206	0.45304999999999995
2207	0.47514999999999996
2208	0.47514999999999996
2209	0.5304
2210	0.5304
2211	0.5525
2212	0.5304
2213	0.5304
2214	0.5083
2215	0.47514999999999996
2216	0.45304999999999995
2217	0.45304999999999995
2218	0.5304
2219	0.5083
2220	0.5083
2221	0.47514999999999996
2222	0.45304999999999995
2223	0.45304999999999995
2224	0.45304999999999995
2225	0.45304999999999995
2226	0.45304999999999995
2227	0.45304999999999995
2228	0.45304999999999995
2229	0.45304999999999995
2230	0.45304999999999995
2231	0.45304999999999995
2232	0.45304999999999995
2233	0.45304999999999995
2234	0.45304999999999995
2235	0.45304999999999995
2236	0.5083
2237	0.5083
2238	0.5083
2239	0.45304999999999995
2240	0.45304999999999995
2241	0.45304999999999995
2242	0.45304999999999995
2243	0.45304999999999995
2244	0.45304999999999995
2245	0.45304999999999995
2246	0.45304999999999995
2247	0.45304999999999995
2248	0.45304999999999995
2249	0.5304
2250	0.4199
2251	0.41
2252	0.41
2253	0.41
2254	0.41
2255	0.41
2256	0.41
2257	0.41
2258	0.41
2259	0.41
2260	0.41
2261	0.41
2262	0.41
2263	0.41
2264	0.41
2265	0.41
2266	0.41
2267	0.41
2268	0.41
2269	0.41
2270	0.38
2271	0.41
2272	0.41
2273	0.43
2274	0.41
2275	0.43
2276	0.41
2277	0.41
2278	0.43
2279	0.43
2280	0.43
2281	0.43
2282	0.43
2283	0.43
2284	0.46
2285	0.46
2286	0.46
2287	0.46
2288	0.5
2289	0.5
2290	0.5
2291	0.5
2292	0.5
2293	0.5
2294	0.5
2295	0.5
2296	0.5
2297	0.5
2298	0.5
2299	0.5
2300	0.5
2301	0.0
2302	0.5
2303	0.5
2304	0.0
2305	0.5
2306	0.5
2307	0.5
2308	0.5
2309	0.5
2310	0.5
2311	0.5
2312	0.5
2313	0.0
2314	0.0
2315	0.0
2316	0.0
2317	0.0
2318	0.0
2319	0.0
2320	0.0
2321	0.0
2322	0.0
2323	0.0
2324	0.0
2325	0.0
2326	0.0
2327	0.0
2328	0.0
2329	0.0
2330	0.0
2331	0.0
2332	0.0
2333	0.0
2334	0.0
2335	0.0
2336	0.0
2337	0.0
2338	0.0
2339	0.0
2340	0.0
2341	0.0
2342	0.0
2343	0.0
2344	0.0
2345	0.0
2346	0.0
2347	0.0
2348	0.0
2349	0.0
2350	0.0
2351	0.0
2352	0.0
2353	0.0
2354	0.0
2355	0.0
2356	0.0
2357	0.0
2358	0.0
2359	0.0
2360	0.0
2361	0.0
2362	0.0
2363	0.0
2364	0.0
2365	0.0
2366	0.0
2367	0.0
2368	0.0
2369	0.0
2370	0.0
2371	0.0
2372	0.0
2373	0.0
2374	0.0
2375	0.0
2376	0.0
2377	0.0
2378	0.0
2379	0.0
2380	0.0
2381	0.0
2382	0.0
2383	0.0
2384	0.0
2385	0.0
2386	0.0
2387	0.0
2388	0.0
2389	0.0
2390	0.0
2391	0.0
2392	0.0
2393	0.0
2394	0.0
2395	0.0
2396	0.0
2397	0.0
2398	0.0
2399	0.0
2400	0.0
2401	0.0
2402	0.0
2403	0.0
2404	0.0
2405	0.0
2406	0.0
2407	0.0
2408	0.0
2409	0.0
2410	0.0
2411	0.0
2412	0.0
2413	0.0
2414	0.0
2415	0.0
2416	0.0
2417	0.0
2418	0.0
2419	0.0
2420	0.0
2421	0.0
2422	0.0
2423	0.0
2424	0.0
2425	0.0
2426	0.0
2427	0.0
2428	0.0
2429	0.0
2430	0.0
2431	0.0
2432	0.0
2433	0.0
2434	0.0
2435	0.0
2436	0.0
2437	0.0
2438	0.0
2439	0.0
2440	0.0
2441	0.0
2442	0.0
2443	0.0
2444	0.0
2445	0.0
2446	0.0
2447	0.0
2448	0.0
2449	0.0
2450	0.0
2451	0.0
2452	0.0
2453	0.0
2454	0.0
2455	0.0
2456	0.0
2457	0.0
2458	0.0
2459	0.0
2460	0.0
2461	0.0
2462	0.0
2463	0.0
2464	0.0
2465	0.0
2466	0.41
2467	0.0
2468	0.0
2469	0.38
2470	0.38
2471	0.36
2472	0.28
2473	0.36
2474	0.33
2475	0.38
2476	0.38
2477	0.38
2478	0.38
2479	0.38
2480	0.38
2481	0.38
2482	0.38
2483	0.36
2484	0.36
2485	0.36
2486	0.36
2487	0.36
2488	0.41
2489	0.41
2490	0.41
2491	0.41
2492	0.41
2493	0.41
2494	0.41
2495	0.41
2496	0.43
2497	0.43
2498	0.41
2499	0.41
2500	0.41
2501	0.41
2502	0.41
2503	0.41
2504	0.41
2505	0.41
2506	0.41
2507	0.41
2508	0.41
2509	0.41
2510	0.41
2511	0.41
2512	0.41
2513	0.43
2514	0.43
2515	0.43
2516	0.46
2517	0.46
2518	0.46
2519	0.43
2520	0.41
2521	0.46
2522	0.38
2523	0.38
2524	0.38
2525	0.38
2526	0.36
2527	0.36
2528	0.36
2529	0.36
2530	0.36
2531	0.36
2532	0.36
2533	0.36
2534	0.36
2535	0.36
2536	0.33
2537	0.36
2538	0.36
2539	0.36
2540	0.38
2541	0.38
2542	0.38
2543	0.41
2544	0.41
2545	0.41
2546	0.41
2547	0.41
2548	0.41
2549	0.46
2550	0.46
2551	0.46
2552	0.46
2553	0.46
2554	0.46
2555	0.5599999999999999
2556	0.4815999999999999
2557	0.4815999999999999
2558	0.4815999999999999
2559	0.4815999999999999
2560	0.45919999999999994
2561	0.45919999999999994
2562	0.45919999999999994
2563	0.45919999999999994
2564	0.45919999999999994
2565	0.45919999999999994
2566	0.45919999999999994
2567	0.45919999999999994
2568	0.45919999999999994
2569	0.4256
2570	0.45919999999999994
2571	0.45919999999999994
2572	0.4815999999999999
2573	0.4815999999999999
2574	0.5376
2575	0.5376
2576	0.5599999999999999
2577	0.5376
2578	0.5376
2579	0.5152
2580	0.4815999999999999
2581	0.45919999999999994
2582	0.45919999999999994
2583	0.5376
2584	0.5152
2585	0.5152
2586	0.4815999999999999
2587	0.45919999999999994
2588	0.45919999999999994
2589	0.45919999999999994
2590	0.45919999999999994
2591	0.45919999999999994
2592	0.45919999999999994
2593	0.45919999999999994
2594	0.45919999999999994
2595	0.45919999999999994
2596	0.45919999999999994
2597	0.45919999999999994
2598	0.45919999999999994
2599	0.45919999999999994
2600	0.45919999999999994
2601	0.5152
2602	0.5152
2603	0.5152
2604	0.45919999999999994
2605	0.45919999999999994
2606	0.45919999999999994
2607	0.45919999999999994
2608	0.45919999999999994
2609	0.45919999999999994
2610	0.45919999999999994
2611	0.45919999999999994
2612	0.45919999999999994
2613	0.45919999999999994
2614	0.5376
2615	0.4256
2616	0.41
2617	0.41
2618	0.41
2619	0.41
2620	0.41
2621	0.41
2622	0.41
2623	0.41
2624	0.41
2625	0.41
2626	0.41
2627	0.41
2628	0.41
2629	0.41
2630	0.41
2631	0.41
2632	0.41
2633	0.41
2634	0.41
2635	0.38
2636	0.41
2637	0.41
2638	0.43
2639	0.41
2640	0.43
2641	0.41
2642	0.41
2643	0.43
2644	0.43
2645	0.43
2646	0.43
2647	0.43
2648	0.43
2649	0.46
2650	0.46
2651	0.46
2652	0.46
2653	0.5
2654	0.5
2655	0.5
2656	0.5
2657	0.5
2658	0.5
2659	0.5
2660	0.5
2661	0.5
2662	0.5
2663	0.5
2664	0.5
2665	0.5
2666	0.0
2667	0.5
2668	0.5
2669	0.0
2670	0.5
2671	0.5
2672	0.5
2673	0.5
2674	0.5
2675	0.5
2676	0.5
2677	0.5
2678	0.0
2679	0.0
2680	0.0
2681	0.0
2682	0.0
2683	0.0
2684	0.0
2685	0.0
2686	0.0
2687	0.0
2688	0.0
2689	0.0
2690	0.0
2691	0.0
2692	0.0
2693	0.0
2694	0.0
2695	0.0
2696	0.0
2697	0.0
2698	0.0
2699	0.0
2700	0.0
2701	0.0
2702	0.0
2703	0.0
2704	0.0
2705	0.0
2706	0.0
2707	0.0
2708	0.0
2709	0.0
2710	0.0
2711	0.0
2712	0.0
2713	0.0
2714	0.0
2715	0.0
2716	0.0
2717	0.0
2718	0.0
2719	0.0
2720	0.0
2721	0.0
2722	0.0
2723	0.0
2724	0.0
2725	0.0
2726	0.0
2727	0.0
2728	0.0
2729	0.0
2730	0.0
2731	0.0
2732	0.0
2733	0.0
2734	0.0
2735	0.0
2736	0.0
2737	0.0
2738	0.0
2739	0.0
2740	0.0
2741	0.0
2742	0.0
2743	0.0
2744	0.0
2745	0.0
2746	0.0
2747	0.0
2748	0.0
2749	0.0
2750	0.0
2751	0.0
2752	0.0
2753	0.0
2754	0.0
2755	0.0
2756	0.0
2757	0.0
2758	0.0
2759	0.0
2760	0.0
2761	0.0
2762	0.0
2763	0.0
2764	0.0
2765	0.0
2766	0.0
2767	0.0
2768	0.0
2769	0.0
2770	0.0
2771	0.0
2772	0.0
2773	0.0
2774	0.0
2775	0.0
2776	0.0
2777	0.0
2778	0.0
2779	0.0
2780	0.0
2781	0.0
2782	0.0
2783	0.0
2784	0.0
2785	0.0
2786	0.0
2787	0.0
2788	0.0
2789	0.0
2790	0.0
2791	0.0
2792	0.0
2793	0.0
2794	0.0
2795	0.0
2796	0.0
2797	0.0
2798	0.0
2799	0.0
2800	0.0
2801	0.0
2802	0.0
2803	0.0
2804	0.0
2805	0.0
2806	0.0
2807	0.0
2808	0.0
2809	0.0
2810	0.0
2811	0.0
2812	0.0
2813	0.0
2814	0.0
2815	0.0
2816	0.0
2817	0.0
2818	0.0
2819	0.0
2820	0.0
2821	0.0
2822	0.0
2823	0.0
2824	0.0
2825	0.0
2826	0.0
2827	0.0
2828	0.0
2829	0.0
2830	0.0
2831	0.41
2832	0.0
2833	0.0
2834	0.38
2835	0.38
2836	0.36
2837	0.28
2838	0.36
2839	0.33
2840	0.38
2841	0.38
2842	0.38
2843	0.38
2844	0.38
2845	0.38
2846	0.38
2847	0.38
2848	0.36
2849	0.36
2850	0.36
2851	0.36
2852	0.36
2853	0.41
2854	0.41
2855	0.41
2856	0.41
2857	0.41
2858	0.41
2859	0.41
2860	0.41
2861	0.43
2862	0.43
2863	0.41
2864	0.41
2865	0.41
2866	0.41
2867	0.41
2868	0.41
2869	0.41
2870	0.41
2871	0.41
2872	0.41
2873	0.41
2874	0.41
2875	0.41
2876	0.41
2877	0.41
2878	0.43
2879	0.43
2880	0.43
2881	0.46
2882	0.46
2883	0.46
2884	0.43
2885	0.41
2886	0.46
2887	0.38
2888	0.38
2889	0.38
2890	0.38
2891	0.36
2892	0.36
2893	0.36
2894	0.36
2895	0.36
2896	0.36
2897	0.36
2898	0.36
2899	0.36
2900	0.36
2901	0.33
2902	0.36
2903	0.36
2904	0.36
2905	0.38
2906	0.38
2907	0.38
2908	0.41
2909	0.41
2910	0.41
2911	0.41
2912	0.41
2913	0.41
2914	0.46
2915	0.46
2916	0.46
2917	0.46
2918	0.46
2919	0.46
2920	0.5675
2921	0.48805
2922	0.48805
2923	0.48805
2924	0.48805
2925	0.46535
2926	0.46535
2927	0.46535
2928	0.46535
2929	0.46535
2930	0.46535
2931	0.46535
2932	0.46535
2933	0.46535
2934	0.4313
2935	0.46535
2936	0.46535
2937	0.48805
2938	0.48805
2939	0.5448
2940	0.5448
2941	0.5675
2942	0.5448
2943	0.5448
2944	0.5221
2945	0.48805
2946	0.46535
2947	0.46535
2948	0.5448
2949	0.5221
2950	0.5221
2951	0.48805
2952	0.46535
2953	0.46535
2954	0.46535
2955	0.46535
2956	0.46535
2957	0.46535
2958	0.46535
2959	0.46535
2960	0.46535
2961	0.46535
2962	0.46535
2963	0.46535
2964	0.46535
2965	0.46535
2966	0.5221
2967	0.5221
2968	0.5221
2969	0.46535
2970	0.46535
2971	0.46535
2972	0.46535
2973	0.46535
2974	0.46535
2975	0.46535
2976	0.46535
2977	0.46535
2978	0.46535
2979	0.5448
2980	0.4313
2981	0.41
2982	0.41
2983	0.41
2984	0.41
2985	0.41
2986	0.41
2987	0.41
2988	0.41
2989	0.41
2990	0.41
2991	0.41
2992	0.41
2993	0.41
2994	0.41
2995	0.41
2996	0.41
2997	0.41
2998	0.41
2999	0.41
3000	0.38
3001	0.41
3002	0.41
3003	0.43
3004	0.41
3005	0.43
3006	0.41
3007	0.41
3008	0.43
3009	0.43
3010	0.43
3011	0.43
3012	0.43
3013	0.43
3014	0.46
3015	0.46
3016	0.46
3017	0.46
3018	0.5
3019	0.5
3020	0.5
3021	0.5
3022	0.5
3023	0.5
3024	0.5
3025	0.5
3026	0.5
3027	0.5
3028	0.5
3029	0.5
3030	0.5
3031	0.0
3032	0.5
3033	0.5
3034	0.0
3035	0.5
3036	0.5
3037	0.5
3038	0.5
3039	0.5
3040	0.5
3041	0.5
3042	0.5
3043	0.0
3044	0.0
3045	0.0
3046	0.0
3047	0.0
3048	0.0
3049	0.0
3050	0.0
3051	0.0
3052	0.0
3053	0.0
3054	0.0
3055	0.0
3056	0.0
3057	0.0
3058	0.0
3059	0.0
3060	0.0
3061	0.0
3062	0.0
3063	0.0
3064	0.0
3065	0.0
3066	0.0
3067	0.0
3068	0.0
3069	0.0
3070	0.0
3071	0.0
3072	0.0
3073	0.0
3074	0.0
3075	0.0
3076	0.0
3077	0.0
3078	0.0
3079	0.0
3080	0.0
3081	0.0
3082	0.0
3083	0.0
3084	0.0
3085	0.0
3086	0.0
3087	0.0
3088	0.0
3089	0.0
3090	0.0
3091	0.0
3092	0.0
3093	0.0
3094	0.0
3095	0.0
3096	0.0
3097	0.0
3098	0.0
3099	0.0
3100	0.0
3101	0.0
3102	0.0
3103	0.0
3104	0.0
3105	0.0
3106	0.0
3107	0.0
3108	0.0
3109	0.0
3110	0.0
3111	0.0
3112	0.0
3113	0.0
3114	0.0
3115	0.0
3116	0.0
3117	0.0
3118	0.0
3119	0.0
3120	0.0
3121	0.0
3122	0.0
3123	0.0
3124	0.0
3125	0.0
3126	0.0
3127	0.0
3128	0.0
3129	0.0
3130	0.0
3131	0.0
3132	0.0
3133	0.0
3134	0.0
3135	0.0
3136	0.0
3137	0.0
3138	0.0
3139	0.0
3140	0.0
3141	0.0
3142	0.0
3143	0.0
3144	0.0
3145	0.0
3146	0.0
3147	0.0
3148	0.0
3149	0.0
3150	0.0
3151	0.0
3152	0.0
3153	0.0
3154	0.0
3155	0.0
3156	0.0
3157	0.0
3158	0.0
3159	0.0
3160	0.0
3161	0.0
3162	0.0
3163	0.0
3164	0.0
3165	0.0
3166	0.0
3167	0.0
3168	0.0
3169	0.0
3170	0.0
3171	0.0
3172	0.0
3173	0.0
3174	0.0
3175	0.0
3176	0.0
3177	0.0
3178	0.0
3179	0.0
3180	0.0
3181	0.0
3182	0.0
3183	0.0
3184	0.0
3185	0.0
3186	0.0
3187	0.0
3188	0.0
3189	0.0
3190	0.0
3191	0.0
3192	0.0
3193	0.0
3194	0.0
3195	0.0
3196	0.41
3197	0.0
3198	0.0
3199	0.38
3200	0.38
3201	0.36
3202	0.28
3203	0.36
3204	0.33
3205	0.38
3206	0.38
3207	0.38
3208	0.38
3209	0.38
3210	0.38
3211	0.38
3212	0.38
3213	0.36
3214	0.36
3215	0.36
3216	0.36
3217	0.36
3218	0.41
3219	0.41
3220	0.41
3221	0.41
3222	0.41
3223	0.41
3224	0.41
3225	0.41
3226	0.43
3227	0.43
3228	0.41
3229	0.41
3230	0.41
3231	0.41
3232	0.41
3233	0.41
3234	0.41
3235	0.41
3236	0.41
3237	0.41
3238	0.41
3239	0.41
3240	0.41
3241	0.41
3242	0.41
3243	0.43
3244	0.43
3245	0.43
3246	0.46
3247	0.46
3248	0.46
3249	0.43
3250	0.41
3251	0.46
3252	0.38
3253	0.38
3254	0.38
3255	0.38
3256	0.36
3257	0.36
3258	0.36
3259	0.36
3260	0.36
3261	0.36
3262	0.36
3263	0.36
3264	0.36
3265	0.36
3266	0.33
3267	0.36
3268	0.36
3269	0.36
3270	0.38
3271	0.38
3272	0.38
3273	0.41
3274	0.41
3275	0.41
3276	0.41
3277	0.41
3278	0.41
3279	0.46
3280	0.46
3281	0.46
3282	0.46
3283	0.46
3284	0.46
3285	0.575
3286	0.49449999999999994
3287	0.49449999999999994
3288	0.49449999999999994
3289	0.49449999999999994
3290	0.4714999999999999
3291	0.4714999999999999
3292	0.4714999999999999
3293	0.4714999999999999
3294	0.4714999999999999
3295	0.4714999999999999
3296	0.4714999999999999
3297	0.4714999999999999
3298	0.4714999999999999
3299	0.43699999999999994
3300	0.4714999999999999
3301	0.4714999999999999
3302	0.49449999999999994
3303	0.49449999999999994
3304	0.5519999999999999
3305	0.5519999999999999
3306	0.575
3307	0.5519999999999999
3308	0.5519999999999999
3309	0.529
3310	0.49449999999999994
3311	0.4714999999999999
3312	0.4714999999999999
3313	0.5519999999999999
3314	0.529
3315	0.529
3316	0.49449999999999994
3317	0.4714999999999999
3318	0.4714999999999999
3319	0.4714999999999999
3320	0.4714999999999999
3321	0.4714999999999999
3322	0.4714999999999999
3323	0.4714999999999999
3324	0.4714999999999999
3325	0.4714999999999999
3326	0.4714999999999999
3327	0.4714999999999999
3328	0.4714999999999999
3329	0.4714999999999999
3330	0.4714999999999999
3331	0.529
3332	0.529
3333	0.529
3334	0.4714999999999999
3335	0.4714999999999999
3336	0.4714999999999999
3337	0.4714999999999999
3338	0.4714999999999999
3339	0.4714999999999999
3340	0.4714999999999999
3341	0.4714999999999999
3342	0.4714999999999999
3343	0.4714999999999999
3344	0.5519999999999999
3345	0.43699999999999994
3346	0.41
3347	0.41
3348	0.41
3349	0.41
3350	0.41
3351	0.41
3352	0.41
3353	0.41
3354	0.41
3355	0.41
3356	0.41
3357	0.41
3358	0.41
3359	0.41
3360	0.41
3361	0.41
3362	0.41
3363	0.41
3364	0.41
3365	0.38
3366	0.41
3367	0.41
3368	0.43
3369	0.41
3370	0.43
3371	0.41
3372	0.41
3373	0.43
3374	0.43
3375	0.43
3376	0.43
3377	0.43
3378	0.43
3379	0.46
3380	0.46
3381	0.46
3382	0.46
3383	0.5
3384	0.5
3385	0.5
3386	0.5
3387	0.5
3388	0.5
3389	0.5
3390	0.5
3391	0.5
3392	0.5
3393	0.5
3394	0.5
3395	0.5
3396	0.0
3397	0.5
3398	0.5
3399	0.0
3400	0.5
3401	0.5
3402	0.5
3403	0.5
3404	0.5
3405	0.5
3406	0.5
3407	0.5
3408	0.0
3409	0.0
3410	0.0
3411	0.0
3412	0.0
3413	0.0
3414	0.0
3415	0.0
3416	0.0
3417	0.0
3418	0.0
3419	0.0
3420	0.0
3421	0.0
3422	0.0
3423	0.0
3424	0.0
3425	0.0
3426	0.0
3427	0.0
3428	0.0
3429	0.0
3430	0.0
3431	0.0
3432	0.0
3433	0.0
3434	0.0
3435	0.0
3436	0.0
3437	0.0
3438	0.0
3439	0.0
3440	0.0
3441	0.0
3442	0.0
3443	0.0
3444	0.0
3445	0.0
3446	0.0
3447	0.0
3448	0.0
3449	0.0
3450	0.0
3451	0.0
3452	0.0
3453	0.0
3454	0.0
3455	0.0
3456	0.0
3457	0.0
3458	0.0
3459	0.0
3460	0.0
3461	0.0
3462	0.0
3463	0.0
3464	0.0
3465	0.0
3466	0.0
3467	0.0
3468	0.0
3469	0.0
3470	0.0
3471	0.0
3472	0.0
3473	0.0
3474	0.0
3475	0.0
3476	0.0
3477	0.0
3478	0.0
3479	0.0
3480	0.0
3481	0.0
3482	0.0
3483	0.0
3484	0.0
3485	0.0
3486	0.0
3487	0.0
3488	0.0
3489	0.0
3490	0.0
3491	0.0
3492	0.0
3493	0.0
3494	0.0
3495	0.0
3496	0.0
3497	0.0
3498	0.0
3499	0.0
3500	0.0
3501	0.0
3502	0.0
3503	0.0
3504	0.0
3505	0.0
3506	0.0
3507	0.0
3508	0.0
3509	0.0
3510	0.0
3511	0.0
3512	0.0
3513	0.0
3514	0.0
3515	0.0
3516	0.0
3517	0.0
3518	0.0
3519	0.0
3520	0.0
3521	0.0
3522	0.0
3523	0.0
3524	0.0
3525	0.0
3526	0.0
3527	0.0
3528	0.0
3529	0.0
3530	0.0
3531	0.0
3532	0.0
3533	0.0
3534	0.0
3535	0.0
3536	0.0
3537	0.0
3538	0.0
3539	0.0
3540	0.0
3541	0.0
3542	0.0
3543	0.0
3544	0.0
3545	0.0
3546	0.0
3547	0.0
3548	0.0
3549	0.0
3550	0.0
3551	0.0
3552	0.0
3553	0.0
3554	0.0
3555	0.0
3556	0.0
3557	0.0
3558	0.0
3559	0.0
3560	0.0
3561	0.41
3562	0.0
3563	0.0
3564	0.38
3565	0.38
3566	0.36
3567	0.28
3568	0.36
3569	0.33
3570	0.38
3571	0.38
3572	0.38
3573	0.38
3574	0.38
3575	0.38
3576	0.38
3577	0.38
3578	0.36
3579	0.36
3580	0.36
3581	0.36
3582	0.36
3583	0.41
3584	0.41
3585	0.41
3586	0.41
3587	0.41
3588	0.41
3589	0.41
3590	0.41
3591	0.43
3592	0.43
3593	0.41
3594	0.41
3595	0.41
3596	0.41
3597	0.41
3598	0.41
3599	0.41
3600	0.41
3601	0.41
3602	0.41
3603	0.41
3604	0.41
3605	0.41
3606	0.41
3607	0.41
3608	0.43
3609	0.43
3610	0.43
3611	0.46
3612	0.46
3613	0.46
3614	0.43
3615	0.41
3616	0.46
3617	0.38
3618	0.38
3619	0.38
3620	0.38
3621	0.36
3622	0.36
3623	0.36
3624	0.36
3625	0.36
3626	0.36
3627	0.36
3628	0.36
3629	0.36
3630	0.36
3631	0.33
3632	0.36
3633	0.36
3634	0.36
3635	0.38
3636	0.38
3637	0.38
3638	0.41
3639	0.41
3640	0.41
3641	0.41
3642	0.41
3643	0.41
3644	0.46
3645	0.46
3646	0.46
3647	0.46
3648	0.46
3649	0.46
3650	0.5824999999999999