          1      183.000   -7.199    0.241   -2.539   -3.734   -4.290   -4.493   -4.625   -4.720   -4.788    0.000      271.000      271.000
          1      548.000   -7.199    0.242   -2.310   -3.443   -3.969   -4.154   -4.247   -4.325   -4.368    0.000      650.000      285.000
          1      913.000   -7.199    0.243   -2.208   -3.319   -3.834   -4.012   -4.094   -4.167   -4.204    0.000     1017.000      287.000
          1     1278.000   -7.199    0.244   -2.145   -3.246   -3.755   -3.929   -4.005   -4.075   -4.109    0.000     1385.000      290.000
          1     1643.000   -7.199    0.245   -2.102   -3.196   -3.700   -3.872   -3.943   -4.011   -4.042    0.000     1751.000      291.000
          1     2008.000   -7.199    0.246   -2.081   -3.171   -3.673   -3.843   -3.910   -3.975   -4.004    0.000     2117.000      292.000
          1     2373.000   -7.199    0.247   -2.016   -3.102   -3.604   -3.774   -3.841   -3.907   -3.936    0.000     2482.000      292.000
          1     2738.000   -7.199    0.248   -1.988   -3.069   -3.567   -3.735   -3.801   -3.867   -3.896    0.000     2849.000      294.000
          1     3103.000   -7.199    0.249   -1.972   -3.049   -3.546   -3.714   -3.777   -3.840   -3.867    0.000     3214.000      294.000
          1     3468.000   -7.199    0.250   -1.949   -3.023   -3.518   -3.685   -3.747   -3.812   -3.840    0.000     3581.000      296.000
