   1.0000000000000000     
  -19.600000000000001     
  -19.599993205735650     
  -19.599986411459788     
  -19.599979617160916     
  -19.599972822827532     
  -19.599966028448122     
  -19.599959234011187     
  -19.599952439505223     
  -19.599945644918730     
  -19.599938850240203     
  -19.599932055458137     
  -19.599925260561026     
  -19.599918465537375     
  -19.599911670375675     
  -19.599904875064425     
  -19.599898079592123     
  -19.599891283947262     
  -19.599884488118345     
  -19.599877692093873     
  -19.146795590201990     
  -18.642589790403640     
  -18.044880010940936     
  -17.325854977647815     
  -16.473951013846037     
  -15.491920015602934     
  -14.392827779302365     
  -13.195583860251320     
  -11.921134119016060     
  -10.589858925080929     
  -10.046614891974620     
  -9.4983240590093718     
  -8.9460206904346684     
  -8.6687342521662991     
  -8.3908107794862410     
  -8.1123674146000457     
  -7.9729939240190708     
  -7.8893280740257294     
  -7.8614331763740672     
  -7.8525357277109764     
  -7.8436370716653974     
  -7.8347352112620436     
  -7.8080098387384727     
  -7.7634048674667229     
  -7.6739705223085561     
  -7.5842782232718626     
  -7.4943592149883900     
  -7.4042436258888307     
  -7.1327996387824051     
  -6.9514373264142613     
  -6.7699350693985769     
  -6.6792219308437035     
  -6.5982686515008044     
  -6.5444232092531065     
  -6.4906864482240696     
  -6.4370723135001375     
  -6.3835944217849967     
  -6.3046116971063206     
  -6.2259278176802511     
  -6.1476063281907321     
  -6.0696853069700296     
  -5.9922025694532000     
  -5.9151957109211564     
  -5.8692455829724262     
  -5.8235357819973963     
  -5.7780488469695248     
  -5.7327928089604949     
  -5.6877755890957111     
  -5.6430049951480985     
  -5.5984887175248810     
  -5.5542343247505652     
  -5.5322085616093890     
  -5.4665381894402447     
  -5.4231135494427694     
  -5.3799797485774210     
  -5.3371436671582906     
  -5.2946120310876745     
  -5.2523914062860317     
  -5.2314005402614665     
  -5.1689063093502785     
  -5.1276564102687781     
  -5.0867420821345748     
  -5.0461690139991218     
  -5.0059427060703614     
  -4.9660684660403458     
  -4.9265514058130506     
  -4.8873964386494979     
  -4.8486082767429561     
  -4.8101914292326855     
  -4.7721502006608691     
  -4.7344886898736736     
  -4.6972107893640462     
  -4.6603201850507556     
  -4.6238203564854112     
  -4.5877145774766204     
  -4.4991829831714369     
  -4.4131759476969314     
  -4.3297281229219884     
  -4.2488667013665697     
  -4.1706117637146427     
  -4.0949766782354677     
  -4.0219685382350798     
  -3.9515886242010341     
  -3.8838328782515319     
  -3.8186923797448147     
  -3.7561538123467906     
  -3.6961999144066828     
  -3.6388099060772636     
  -3.5839598881763353     
  -3.5316232092701965     
  -3.4817707988305751     
  -3.4343714655471365     
  -3.3893921609510751     
  -3.3467982094124351     
  -3.3065535063127283     
  -3.2330000798222627     
  -3.1683822462918467     
  -3.1123729825348505     
  -3.0646331055889164     
  -3.0248128994740830     
  -2.9925533991303221     
  -2.9674876008945819     
  -2.9492417846158645     
  -2.9374370514234691     
  -2.9316911107655410     
  -2.9316202950380759     
  -2.9368417416185100     
  -2.9469756599047541     
  -2.9616475929878510     
  -2.9804905868845952     
  -3.0031471915169927     
  -3.0292712336573659     
  -3.0585293201014983     
  -3.0906020472289337     
  -3.1251849093479489     
  -3.1619889118945399     
  -3.2007409062555983     
  -3.2411836706931432     
  -3.2830757667946409     
  -3.3261912034506658     
  -3.3703189410183594     
  -3.4152622675246214     
  -3.4608380769189302     
  -3.5445095689141657     
  -3.6720325896521868     
  -3.8397787377572890     
  -3.9600413035984192     
  -4.1466305203809624     
  -4.3127798794967651     
  -4.4580453829193827     
  -4.5834831728866625     
  -4.6909556229865883     
  -4.7827109322934742     
  -4.8611192240715679     
  -4.9285025145910000     
  -4.9870251138184516     
  -5.0386260353069838     
  -5.0849824237673396     
  -5.1274965552273652     
  -5.1673006439174705     
  -5.2052745678720731     
  -5.2776934359331786     
  -5.3483061769569673     
  -5.4179869623689942     
  -5.4865211591439023     
  -5.5532722261307033     
  -5.6175781341750168     
  -5.6789352262212738     
  -5.7370439517805130     
  -5.8355212761321562     
  -6.0264986361176263     
  -6.1566403275320427     
  -6.2727351356743544     
  -6.2882785365092255     
  -6.2920398711299530     
  -6.2928239367218213     
  -6.2929449998157105     
