          1        1.000 -13.700000000000   0.494500000000  -8.511486754967  -7.737000000000  -7.288000000000  -6.994000000000  -6.482000000000  -6.146000000000  -5.847000000000
          1        2.000 -11.800000000000   0.494500000000  -8.121230792100  -7.599060582715  -7.246822705182  -7.010012459734  -6.600693057612  -6.358549193674  -6.177025874239
          1        3.000 -10.900000000000   0.494500000000  -7.999929759985  -7.537885069709  -7.232655118950  -7.031551226001  -6.688008978031  -6.478977841794  -6.311537750820
          1        4.000  -8.300000000000   0.494500000000  -7.857531256385  -7.479215989601  -7.221207087935  -7.048596964640  -6.748029501643  -6.559841263845  -6.403536967800
          1        5.000 -12.000000000000   0.471500000000  -7.679771240757  -7.386398223500  -7.182021739544  -7.040712759368  -6.783317400352  -6.615078346429  -6.470432931804
          1        6.000 -14.400000000000   0.471500000000  -7.715553377210  -7.370895579306  -7.164795690635  -7.032130829435  -6.801088300409  -6.649956346657  -6.517417807954
          1        7.000 -15.700000000000   0.471500000000  -7.938861142338  -7.480736757172  -7.225312714012  -7.072776110482  -6.831366486348  -6.683136416051  -6.555867117273
          1        8.000 -16.200000000000   0.471500000000  -8.218309719227  -7.659581593632  -7.347905016997  -7.165792300082  -6.891383543979  -6.732189378387  -6.600435837589
          1        9.000  -3.100000000000   0.471500000000  -8.337288050713  -7.810056142501  -7.482305944140  -7.283025135601  -6.976668787008  -6.800812084311  -6.658198562010
          1       10.000  -3.600000000000   0.471500000000  -7.847654214240  -7.653757330478  -7.461628648154  -7.316427243363  -7.044389911636  -6.869746113306  -6.722051482091
          1       11.000 -13.200000000000   0.471500000000  -7.402472113517  -7.362600006396  -7.291434923408  -7.217897194332  -7.035919714980  -6.895055019306  -6.763241007196
          1       12.000 -25.300000000000   0.471500000000  -7.655912446155  -7.358924532694  -7.224102865629  -7.142838996166  -6.992911944343  -6.880626115573  -6.770973371598
          1       13.000 -25.600000000000   0.471500000000  -8.574278291278  -7.797990559444  -7.437054134418  -7.253353690659  -7.016565893629  -6.887354674524  -6.777695647265
          1       14.000 -30.300000000000   0.437000000000  -9.541544662070  -8.417605676106  -7.848136424716  -7.546508878330  -7.160142000290  -6.970301057275  -6.828367129745
          1       15.000 -28.700000000000   0.471500000000 -10.599400136912  -9.147744620701  -8.375952145382  -7.955885638563  -7.404400420621  -7.134698331604  -6.940412055286
          1       16.000 -29.200000000000   0.471500000000 -11.261181684573  -9.749447953265  -8.893528686787  -8.403693999692  -7.718262147409  -7.367563107323  -7.112097600567
          1       17.000 -23.800000000000   0.494500000000 -11.674259818108 -10.189092992593  -9.316216486891  -8.799350305618  -8.038450006126  -7.629057277072  -7.321268418507
          1       18.000 -19.700000000000   0.494500000000 -11.726017465604 -10.418623174368  -9.607834866699  -9.106900158517  -8.326949988714  -7.885035214004  -7.540790089673
          1       19.000 -20.400000000000   0.552000000000 -11.525996735049 -10.439591681372  -9.739461704155  -9.289439054050  -8.548315304212  -8.104854690676  -7.745321549127
          1       20.000 -15.100000000000   0.552000000000 -11.323008980151 -10.387586097759  -9.777728735994  -9.377999146269  -8.696866107180  -8.272342182027  -7.915973704555
          1       21.000 -13.100000000000   0.575000000000 -11.039655354778 -10.276151162687  -9.758090010594  -9.408593548272  -8.791576512061  -8.393660436368  -8.050186646159
          1       22.000 -22.700000000000   0.552000000000 -10.723710689733 -10.103279233161  -9.676222981722  -9.380237181809  -8.836898533800  -8.473025296853  -8.149795801332
          1       23.000 -24.800000000000   0.552000000000 -10.707377888334 -10.037509229952  -9.620865382523  -9.344875744880  -8.850856150425  -8.518182771534  -8.217723367739
          1       24.000 -27.800000000000   0.529000000000 -11.000770042619 -10.165427595105  -9.682450901159  -9.382293480256  -8.882114737605  -8.559175780597  -8.271375074509
          1       25.000 -31.900000000000   0.494500000000 -11.506903927537 -10.458730092515  -9.869362814211  -9.517039594766  -8.964301688303  -8.626390795616  -8.334796651531
          1       26.000 -31.300000000000   0.471500000000 -12.225727750133 -10.907804826200 -10.177737860125  -9.751614221812  -9.110769153567  -8.736860225883  -8.425337718354
          1       27.000 -27.600000000000   0.471500000000 -12.849171328186 -11.397273766190 -10.562126918318 -10.068059632001  -9.324885999710  -8.899627507117  -8.554098568681
          1       28.000 -25.400000000000   0.552000000000 -13.116203574439 -11.723497186195 -10.883057191061 -10.368580961902  -9.565847297579  -9.097776881687  -8.717003816405
          1       29.000 -22.200000000000   0.529000000000 -13.113200160774 -11.863154663293 -11.080569228246 -10.585505376668  -9.779631047192  -9.293400441865  -8.890300692917
          1       30.000 -22.600000000000   0.529000000000 -12.963665970666 -11.870516137393 -11.168535015215 -10.712273036093  -9.941171103171  -9.459438599420  -9.050274061933
          1       31.000 -10.300000000000   0.494500000000 -12.747688560198 -11.808918563125 -11.185879878198 -10.771584967732 -10.050635168479  -9.587088170775  -9.184384962842
          1       32.000 -11.600000000000   0.471500000000 -12.111038060535 -11.524345873417 -11.067459213594 -10.734325048488 -10.102293932528  -9.672870668966  -9.287814968857
          1       33.000 -10.200000000000   0.471500000000 -11.471141499056 -11.118041159955 -10.813946020099 -10.571928135541 -10.065908333987  -9.694892015637  -9.345584797629
          1       34.000  -7.900000000000   0.471500000000 -10.947965610009 -10.746065669680 -10.543243166524 -10.367582684286  -9.969786581197  -9.659133522648  -9.353459040571
          1       35.000 -17.200000000000   0.471500000000 -10.549975462045 -10.413916051111 -10.278451974552 -10.152367367941  -9.843467469151  -9.586929429002  -9.323949542981
          1       36.000 -27.700000000000   0.471500000000 -10.761450002951 -10.364784818036 -10.151635785971 -10.008938301259  -9.725214077296  -9.502073011650  -9.272680337994
          1       37.000 -24.000000000000   0.471500000000 -11.515176123545 -10.711761213673 -10.296629411240 -10.059974047522  -9.694787524103  -9.457656354766  -9.234181095238
          1       38.000 -27.600000000000   0.471500000000 -12.106986647772 -11.120756562720 -10.573442854906 -10.255020188081  -9.776823859602  -9.492208333070  -9.245501825832
          1       39.000 -29.700000000000   0.471500000000 -12.658109858363 -11.511939900470 -10.868125330641 -10.489932807247  -9.919646453879  -9.586581113797  -9.307472065905
          1       40.000 -26.600000000000   0.471500000000 -13.183596065998 -11.917959139093 -11.190199677263 -10.757875386270 -10.101701527585  -9.721025073084  -9.407151270110
          1       41.000 -26.300000000000   0.471500000000 -13.471282474787 -12.220349383436 -11.473144675064 -11.016697903008 -10.302763696842  -9.882167563278  -9.535231495481
          1       42.000 -25.400000000000   0.471500000000 -13.625031051435 -12.417866237197 -11.683437646249 -11.225758946378 -10.489767266742 -10.045954518312  -9.675275112462
          1       43.000 -34.900000000000   0.471500000000 -13.815371439571 -12.587059202353 -11.853859661873 -11.396554923054 -10.653359778511 -10.198063124008  -9.812971587489
          1       44.000 -37.600000000000   0.471500000000 -14.438727681729 -12.958055736739 -12.117587365582 -11.612432148010 -10.822315322522 -10.347488418120  -9.947804479099
          1       45.000 -35.300000000000   0.471500000000 -15.186121832781 -13.488935702559 -12.516549334127 -11.936759702137 -11.049471782559 -10.529977478566 -10.101009213947
          1       46.000 -31.600000000000   0.529000000000 -15.657394829375 -13.939197528184 -12.916872517429 -12.294027853197 -11.323832829100 -10.754218506137 -10.286883209015
          1       47.000 -27.900000000000   0.529000000000 -15.750391636303 -14.175108162642 -13.198345925880 -12.583548051901 -11.588823092921 -10.989335016940 -10.491482654364
          1       48.000 -12.400000000000   0.529000000000 -15.513497863910 -14.192109291152 -13.325442230762 -12.758095486656 -11.797424156632 -11.197234503074 -10.687247505170
          1       49.000  -6.500000000000   0.471500000000 -14.673516720431 -13.851428237849 -13.216690076342 -12.759856410126 -11.911051693687 -11.346382830101 -10.848256398610
          1       50.000  -1.300000000000   0.471500000000 -13.379458336298 -13.136996898903 -12.813831985190 -12.523024122783 -11.875739464727 -11.394526363771 -10.941967976571
          1       51.000  -3.200000000000   0.471500000000 -12.089809662899 -12.277042849781 -12.225866246643 -12.098420176333 -11.685322875094 -11.319532872622 -10.942289546968
          1       52.000  -9.900000000000   0.471500000000 -11.239098905214 -11.556094742736 -11.643119510371 -11.620784475752 -11.398321319076 -11.145413745754 -10.853266513861
          1       53.000 -14.300000000000   0.471500000000 -11.009137826745 -11.174395304887 -11.240615118970 -11.238578684641 -11.107890090183 -10.931930001864 -10.710029737456
          1       54.000 -15.800000000000   0.471500000000 -11.161000779837 -11.094719482555 -11.059840427958 -11.021044544890 -10.889190805247 -10.742733943223 -10.561102565331
          1       55.000 -12.300000000000   0.471500000000 -11.353412635552 -11.142166655532 -11.018359052010 -10.933628966483 -10.758917498721 -10.609434129220 -10.440959490330
          1       56.000  -3.800000000000   0.471500000000 -11.236662925705 -11.097354747912 -10.975377510151 -10.880879239407 -10.682371838359 -10.524103860208 -10.356528918703
          1       57.000  -8.300000000000   0.471500000000 -10.720247191402 -10.810040053990 -10.795168974971 -10.748709854638 -10.592608289446 -10.447513088933 -10.288145197174
          1       58.000  -2.800000000000   0.471500000000 -10.328786261016 -10.502161851240 -10.551887747946 -10.547792132101 -10.456241545374 -10.343806888148 -10.207041753468
          1       59.000  -3.500000000000   0.552000000000  -9.865663334803 -10.170592735684 -10.291459961578 -10.328247015781 -10.297038302529 -10.218416717051 -10.108131176058
          1       60.000  -7.800000000000   0.437000000000  -9.518575953756  -9.858096540442 -10.021520952205 -10.090630482953 -10.117760789357 -10.074705434923  -9.993254549286
          1       61.000 -23.400000000000   0.410000000000  -9.709942157393  -9.776052931243  -9.860423073707  -9.909360550980  -9.947940578920  -9.926755230213  -9.868914470125
          1       62.000 -10.000000000000   0.410000000000 -10.548813160858 -10.168709785662 -10.011310802222  -9.943589619921  -9.872706280492  -9.824901211894  -9.764453024424
          1       63.000  -3.800000000000   0.410000000000 -10.428394000017 -10.272095540517 -10.136497714294 -10.045870008385  -9.897544943527  -9.804328315943  -9.716689067107
          1       64.000 -16.600000000000   0.410000000000  -9.988893596361 -10.023593616190 -10.010825082228  -9.979226521190  -9.876904842613  -9.786659685560  -9.691879930583
          1       65.000 -22.400000000000   0.410000000000 -10.439674091307 -10.122758666653  -9.994761701978  -9.928033487755  -9.820883022621  -9.739028459860  -9.651131060059
          1       66.000 -15.000000000000   0.410000000000 -11.141076397698 -10.533467122062 -10.224961610827 -10.062107851901  -9.847949316922  -9.729374692289  -9.625523722611
          1       67.000  -7.800000000000   0.410000000000 -11.136907899958 -10.695993699574 -10.403270814414 -10.221442534954  -9.940661971227  -9.778651042230  -9.644040172008
          1       68.000 -22.600000000000   0.410000000000 -10.858122506139 -10.564725208683 -10.371613207314 -10.236977681531  -9.988954132667  -9.823921713431  -9.676971912451
          1       69.000 -27.600000000000   0.410000000000 -11.524084368038 -10.819337633557 -10.476932572308 -10.288673158059 -10.012152650564  -9.843906724738  -9.695110293727
          1       70.000 -27.600000000000   0.410000000000 -12.495007021905 -11.408726727128 -10.847437212124 -10.542742566415 -10.131050823503  -9.910782492190  -9.734260970840
          1       71.000 -30.700000000000   0.410000000000 -13.286086309031 -11.997436694880 -11.295245615629 -10.899716551664 -10.347510915179 -10.054350244745  -9.828466463449
          1       72.000 -33.900000000000   0.410000000000 -14.075272443459 -12.584879573631 -11.761180631379 -11.289519119085 -10.615348127562 -10.251917862999  -9.972399060546
          1       73.000 -35.100000000000   0.410000000000 -14.897819675693 -13.211504006901 -12.265804936284 -11.718003808699 -10.923293862481 -10.489900790996 -10.155423095581
          1       74.000 -31.800000000000   0.410000000000 -15.560974502516 -13.794286329122 -12.770744777820 -12.164729099186 -11.263174795239 -10.762447735175 -10.372657491142
          1       75.000 -24.300000000000   0.410000000000 -15.757758575596 -14.149299709393 -13.160245398421 -12.549872813789 -11.596978708314 -11.048093244408 -10.611660645951
          1       76.000 -14.900000000000   0.410000000000 -15.299951022756 -14.110531778601 -13.299707975492 -12.762978083003 -11.856044194574 -11.301013157798 -10.842355546959
          1       77.000 -10.000000000000   0.410000000000 -14.305869014185 -13.659160724933 -13.126794574576 -12.730086940739 -11.972898575395 -11.466118054115 -11.022384795318
          1       78.000 -15.800000000000   0.410000000000 -13.361764545804 -13.053612106177 -12.752759303445 -12.495565574489 -11.931480548765 -11.511950527175 -11.117700536332
          1       79.000 -19.100000000000   0.410000000000 -13.081127658544 -12.716842056562 -12.455175836056 -12.250422809673 -11.809141636116 -11.467782531851 -11.131557071530
          1       80.000 -19.700000000000   0.380000000000 -13.224445870339 -12.680598871916 -12.352402637334 -12.131129156400 -11.713505207701 -11.407930631154 -11.109212787141
          1       81.000 -21.700000000000   0.410000000000 -13.497115075662 -12.800495918957 -12.390880873613 -12.131175656511 -11.683797992948 -11.379757387792 -11.093662370338
          1       82.000 -22.400000000000   0.410000000000 -13.729887703783 -12.950654428872 -12.486970042685 -12.195736439822 -11.708719536423 -11.391259852917 -11.102301523113
          1       83.000 -19.200000000000   0.430000000000 -13.873792312216 -13.078994733976 -12.590841552028 -12.281118048782 -11.763360837009 -11.430786342840 -11.133451498726
          1       84.000 -19.900000000000   0.410000000000 -13.810405419940 -13.095796784502 -12.638422352610 -12.338392328321 -11.819452900908 -11.480740320128 -11.177392921888
          1       85.000 -12.200000000000   0.430000000000 -13.638717027139 -13.040451541397 -12.630726554355 -12.352366778589 -11.854116078815 -11.521260007382 -11.219432549545
          1       86.000 -21.300000000000   0.410000000000 -13.249421439695 -12.819044416556 -12.510829819816 -12.285834491799 -11.847916752395 -11.537900869041 -11.247881650638
          1       87.000 -19.900000000000   0.410000000000 -13.391247413354 -12.807110365101 -12.456725428882 -12.227048095905 -11.813686843896 -11.525562594163 -11.253136511857
          1       88.000 -20.300000000000   0.430000000000 -13.548603150014 -12.898175953662 -12.503272069122 -12.250211004493 -11.815347964074 -11.525138910270 -11.257120826461
          1       89.000 -20.000000000000   0.430000000000 -13.651646056614 -12.975967269664 -12.561596924804 -12.295873944351 -11.842563032580 -11.544763112880 -11.273844155594
          1       90.000 -19.000000000000   0.430000000000 -13.692701674386 -13.027340407390 -12.611175947912 -12.341574580264 -11.878558114667 -11.574877025485 -11.300143098660
          1       91.000 -18.900000000000   0.430000000000 -13.661113162117 -13.033548589317 -12.633734923414 -12.370601811876 -11.910872564262 -11.606379186097 -11.330080176857
          1       92.000 -21.300000000000   0.430000000000 -13.667744663063 -13.035964797472 -12.642638518841 -12.384918674880 -11.933511281604 -11.632468882196 -11.357801759093
          1       93.000 -17.300000000000   0.430000000000 -13.749738301321 -13.092254239503 -12.681803066533 -12.416137414125 -11.958933470220 -11.657469456617 -11.383567957837
          1       94.000 -17.900000000000   0.460000000000 -13.620796980607 -13.057113836774 -12.684132989230 -12.433023241608 -11.985093755909 -11.684979698728 -11.411200307298
          1       95.000 -22.400000000000   0.460000000000 -13.540435834059 -12.996280274555 -12.648388928610 -12.414152124874 -11.990285502656 -11.700698078141 -11.432798448882
          1       96.000 -23.400000000000   0.460000000000 -13.712055265513 -13.057792888313 -12.669440310946 -12.421564097225 -11.994869535546 -11.709730445449 -11.447081538532
          1       97.000 -19.600000000000   0.460000000000 -13.926553149049 -13.198641188030 -12.761423391900 -12.486698693803 -12.029340123302 -11.733928762335 -11.467600897882
          1       98.000 -18.400000000000   0.500000000000 -13.915489644405 -13.251327021507 -12.827819268086 -12.552336231717 -12.081016756670 -11.775183506286 -11.501313315680
          1       99.000 -12.400000000000   0.500000000000 -13.724844120249 -13.187369197318 -12.818541972831 -12.566907996843 -12.114678493220 -11.811977105290 -11.537071726811
          1      100.000 -14.400000000000   0.500000000000 -13.311423082738 -12.971859950002 -12.704262658938 -12.503408907649 -12.106798303685 -11.824575491025 -11.559683047795
          1      101.000 -13.100000000000   0.500000000000 -12.993313216291 -12.740324803846 -12.538736986901 -12.380865405150 -12.049653719222 -11.800081511746 -11.556245055898
          1      102.000 -12.000000000000   0.500000000000 -12.725941093482 -12.539040293218 -12.380482405044 -12.251480939957 -11.969957743575 -11.750032277150 -11.528980980981
          1      103.000 -13.600000000000   0.500000000000 -12.476560135310 -12.341808354887 -12.220893254767 -12.117223742076 -11.879050465490 -11.685655110448 -11.486133428994
          1      104.000 -13.200000000000   0.500000000000 -12.339215354204 -12.197707229272 -12.085748132867 -11.993720325778 -11.784868869794 -11.613055674933 -11.432762561660
          1      105.000 -14.300000000000   0.500000000000 -12.250788292726 -12.097016744785 -11.983693656628 -11.894838956753 -11.700314537229 -11.542234305561 -11.376194408510
          1      106.000 -17.100000000000   0.500000000000 -12.250725747670 -12.045345089146 -11.914401841397 -11.820495573856 -11.629099200345 -11.478566188859 -11.322102101302
          1      107.000 -17.300000000000   0.500000000000 -12.390007100587 -12.083385303055 -11.905138379824 -11.789911153874 -11.581100003493 -11.428717622083 -11.275646897439
          1      108.000 -15.900000000000   0.500000000000 -12.524297933786 -12.159042801280 -11.940894678742 -11.802473874296 -11.564314920584 -11.401026872205 -11.243995465841
          1      109.000 -14.600000000000   0.500000000000 -12.538801484647 -12.189147875833 -11.966574215137 -11.820663438546 -11.564848390477 -11.391270348919 -11.227791959362
          1      110.000  -4.600000000000   0.500000000000 -12.351529155296 -12.121754287531 -11.940269297990 -11.809031494828 -11.559933113032 -11.384862553623 -11.218673157566
          1      111.000   3.500000000000   0.000000000000   0.157452575125 -10.078882284007 -11.297087404102 -11.543430314528 -11.488614327698 -11.352578229802 -11.200051971769
          1      112.000  -4.500000000000   0.500000000000  -6.204972665769  -7.897318419189  -9.075630310040  -9.759951473714 -10.593341041167 -10.869266822193 -10.945804354741
          1      113.000  -2.100000000000   0.500000000000  -7.293649206063  -8.236739727498  -8.901072637295  -9.331974620177  -9.998856481902 -10.324751786459 -10.512424636411
          1      114.000   0.600000000000   0.000000000000  -0.416773630683  -7.609228480974  -8.690358712035  -9.142924289800  -9.707729446513  -9.994784097714 -10.187700677968
          1      115.000  -0.300000000000   0.500000000000  -5.144989656892  -6.598492533257  -7.612937308053  -8.240380373524  -9.147823827822  -9.583814478875  -9.861278183136
          1      116.000  -2.300000000000   0.500000000000  -5.923471866357  -6.897264307167  -7.576387784635  -8.026356397746  -8.773221376301  -9.196225664241  -9.505561459702
          1      117.000  -6.900000000000   0.500000000000  -6.439286958723  -7.139330656883  -7.641600218706  -7.984992513513  -8.586421015003  -8.952793583914  -9.241556342067
          1      118.000 -11.200000000000   0.500000000000  -7.018968689571  -7.432848945681  -7.773395249304  -8.023810311866  -8.496118096904  -8.802758271831  -9.057543686730
          1      119.000 -11.100000000000   0.500000000000  -7.668138145580  -7.811337826537  -7.989536229574  -8.145177707699  -8.483688194397  -8.725044078345  -8.937921882806
          1      120.000  -8.800000000000   0.500000000000  -8.157206150590  -8.165189918577  -8.234641029925  -8.316678328681  -8.534410370870  -8.709426104494  -8.875263208823
          1      121.000  -9.100000000000   0.500000000000  -8.390635742828  -8.389864417351  -8.424101261775  -8.471011707570  -8.610221055556  -8.732290857524  -8.855206989694
          1      122.000  -8.000000000000   0.500000000000  -8.512670416616  -8.521206808093  -8.547197322992  -8.580200433241  -8.677614702400  -8.765308748717  -8.856314690684
          1      123.000   1.400000000000   0.000000000000  -0.297234378644  -7.566450279798  -8.356274583554  -8.566691565775  -8.715479409586  -8.791291382668  -8.862592458895
          1      124.000   1.600000000000   0.000000000000   1.435429078384  -3.528990469344  -5.621958224054  -6.714358712388  -7.971664169181  -8.445471363930  -8.700945916036
          1      125.000  -6.900000000000   0.000000000000  -6.849943378663  -5.423595027985  -5.652624812845  -6.112385804648  -7.170575716468  -7.788936129732  -8.224692440837
          1      126.000  -7.600000000000   0.000000000000  -7.590156612212  -7.075299316369  -6.920909726383  -6.946797771197  -7.277968478950  -7.616245991205  -7.944304122320
          1      127.000  -7.200000000000   0.000000000000  -7.202211085121  -7.275197301085  -7.305337926537  -7.350186659180  -7.527233981737  -7.715649973910  -7.922590061250
          1      128.000   4.000000000000   0.000000000000   3.581082138124  -3.715458371749  -5.600133765422  -6.476142392359  -7.351917751006  -7.684134187915  -7.908916757010
          1      129.000   6.300000000000   0.000000000000   6.060786796457  -2.302847008221  -4.194898792211  -5.224935184882  -6.573346972973  -7.194445735805  -7.609063067318
          1      130.000   3.900000000000   0.000000000000   3.782893847450  -1.758460670554  -3.469495081078  -4.458925241071  -5.892127218296  -6.630576259044  -7.165892611004
          1      131.000  -1.200000000000   0.000000000000  -1.109413891350  -1.584342655720  -3.082591384513  -3.984847084646  -5.375737861512  -6.144481664178  -6.734836589414
          1      132.000   1.100000000000   0.000000000000   0.960592769393  -1.624555427532  -2.902758079585  -3.703699892220  -5.000928081243  -5.755967437379  -6.360453340023
          1      133.000   4.400000000000   0.000000000000   4.195732284132  -1.580751297688  -2.801978613224  -3.541011874116  -4.740930104503  -5.460278966199  -6.054105410001
          1      134.000   0.600000000000   0.000000000000   0.584390676752  -1.368756970026  -2.592912469455  -3.330114865850  -4.510249594850  -5.212653285458  -5.796667477186
          1      135.000  -0.300000000000   0.000000000000  -0.253314484348  -1.346741456227  -2.466913278014  -3.159465089291  -4.296668304735  -4.984913946839  -5.562833719194
          1      136.000   8.700000000000   0.000000000000   8.403207375666  -1.246370474038  -2.370060184044  -3.036706062317  -4.123347933945  -4.788749238069  -5.354609772522
          1      137.000   8.700000000000   0.000000000000   8.522744642764  -0.824423103202  -2.095609835562  -2.819669896327  -3.942031177151  -4.605443298915  -5.165724366376
          1      138.000  11.200000000000   0.000000000000  10.978951019928  -0.523069421584  -1.839006092418  -2.579018595775  -3.729810935327  -4.405220528069  -4.972510884819
          1      139.000  13.700000000000   0.000000000000  13.502623085656   0.062567595286  -1.466812306442  -2.279271549414  -3.499210965851  -4.194224960056  -4.773205517434
          1      140.000   8.800000000000   0.000000000000   8.720883615154   0.330523439798  -1.224315246732  -2.022769113914  -3.256573268294  -3.968658251062  -4.562972932969
          1      141.000   9.000000000000   0.000000000000   8.890913376387   0.600934096337  -1.061587785791  -1.833101006067  -3.045167062200  -3.757046341983  -4.357117440527
          1      142.000  11.300000000000   0.000000000000  11.154004623652   1.128029395642  -0.895872127346  -1.663026975928  -2.860308492371  -3.566200536515  -4.165607434753
          1      143.000   7.700000000000   0.000000000000   7.646815111184   1.763590364873  -0.761718444935  -1.507622283201  -2.688759108058  -3.389066877362  -3.986563048416
          1      144.000   5.400000000000   0.000000000000   5.362167562105   1.260951494061  -0.690681587784  -1.396953967694  -2.539721502122  -3.228125928040  -3.820152096192
          1      145.000   6.800000000000   0.000000000000   6.720836816719   1.319066825498  -0.654561181700  -1.320941324886  -2.416796971917  -3.087730419664  -3.669832562819
          1      146.000   6.700000000000   0.000000000000   6.632690910868   1.396525358806  -0.617157819379  -1.257995075378  -2.314411892416  -2.966517982908  -3.536207776029
          1      147.000   5.600000000000   0.000000000000   5.551474556787   1.248773154056  -0.580655413482  -1.200256526005  -2.224371365985  -2.859261653193  -3.416472352639
          1      148.000   8.800000000000   0.000000000000   8.687776704692   1.663355650286  -0.547550528286  -1.149077098789  -2.143617450111  -2.762492848110  -3.307686318778
          1      149.000   7.100000000000   0.000000000000   7.041223146099   1.661133648261  -0.498457181801  -1.093770822668  -2.068821253187  -2.673770452398  -3.207812872741
          1      150.000   0.400000000000   0.000000000000   0.446457973555   0.602408956498  -0.463173454400  -1.041445023306  -1.996753340575  -2.589960299221  -3.114317881290
          1      151.000   3.400000000000   0.000000000000   3.344714168162   0.575895170721  -0.472451365219  -1.012516406110  -1.932319984813  -2.512162413481  -3.026650887453
          1      152.000  -0.900000000000   0.000000000000  -0.776041114120   0.104612171998  -0.492912052858  -1.000985916726  -1.880898530559  -2.444224315559  -2.946935820029
          1      153.000  -0.600000000000   0.000000000000  -0.577941000380  -0.001176990550  -0.513610940143  -0.997817711374  -1.840723088409  -2.386581901435  -2.876316720803
          1      154.000   0.000000000000   0.000000000000  -0.039209283804  -0.002800114514  -0.524824490596  -0.992076173102  -1.807401350155  -2.337181655072  -2.814067723521
          1      155.000  -0.800000000000   0.000000000000  -0.769494912965  -0.006957084024  -0.562147829405  -0.997154074886  -1.778923872801  -2.293432916679  -2.758123049305
          1      156.000  -1.500000000000   0.000000000000  -1.462903886861  -0.010153174457  -0.618404470518  -1.020461836578  -1.760111627548  -2.257198351539  -2.708808118677
          1      157.000   1.400000000000   0.000000000000   1.244786518772  -0.017664560068  -0.652818306773  -1.041684219781  -1.750144398568  -2.229422441347  -2.667075644302
          1      158.000   3.600000000000   0.000000000000   3.470758423063  -0.034991758268  -0.670318347307  -1.053387947702  -1.742432180151  -2.206747942142  -2.631512432697
          1      159.000   7.900000000000   0.000000000000   7.720655084855  -0.068103300368  -0.684823924166  -1.060473324857  -1.733687667818  -2.185806923971  -2.599512176843
          1      160.000   9.700000000000   0.000000000000   9.563744795500   0.066239177496  -0.677426360301  -1.059938006037  -1.723917535562  -2.165572944091  -2.569583189629
          1      161.000   8.800000000000   0.000000000000   8.701535639097   0.799582372310  -0.608444828099  -1.028716924889  -1.707263010357  -2.143211164479  -2.540028160820
          1      162.000  10.800000000000   0.000000000000  10.673744032356   2.050401328072  -0.502094246979  -0.959388303968  -1.673595938761  -2.112019184459  -2.506530493190
          1      163.000   2.100000000000   0.000000000000   2.142775218749   1.025020554033  -0.428325360764  -0.894455616930  -1.626300705679  -2.069609577511  -2.465397050065
          1      164.000   7.000000000000   0.000000000000   6.894491461223   1.224436129267  -0.395582377984  -0.847493636871  -1.576825867447  -2.022137050027  -2.418968666089
          1      165.000  12.400000000000   0.000000000000  12.238114189086   2.640990980353  -0.335495783292  -0.805177265749  -1.531690358218  -1.975376701368  -2.371312400044
          1      166.000  15.900000000000   0.000000000000  15.731262656408   4.753692309899  -0.185783306736  -0.715619002422  -1.481652356802  -1.927686084017  -2.323451536099
          1      167.000  14.200000000000   0.000000000000  14.097931078784   5.487716643554   0.003765492896  -0.600306837654  -1.417384613190  -1.871640841464  -2.270977366102
          1      168.000  11.300000000000   0.000000000000  11.236952229646   4.823154805198   0.044393099909  -0.527410004257  -1.345597980936  -1.807415494883  -2.211967275088
          1      169.000  14.800000000000   0.000000000000  14.653835965648   5.218862899636   0.085831389194  -0.479436808627  -1.281971744648  -1.744485203113  -2.151128061540
          1      170.000  13.900000000000   0.000000000000  13.799523268189   5.622820849577   0.324281215186  -0.423163574584  -1.226770718105  -1.686834877245  -2.092788742637
          1      171.000  13.900000000000   0.000000000000  13.795594673414   5.758865851007   0.707644369065  -0.369213566538  -1.173202773870  -1.631984938298  -2.036962582479
          1      172.000  19.400000000000   0.000000000000  19.204947851351   7.135140198839   1.010009226979  -0.327422820839  -1.123242026266  -1.579362728894  -1.982865484243
          1      173.000  20.300000000000   0.000000000000  20.141323146159   8.496681163951   1.568938113279  -0.273370728254  -1.076344850845  -1.529685115629  -1.931110864675
          1      174.000  18.100000000000   0.000000000000  17.990262008182   8.413270697285   1.983892274724  -0.211168802513  -1.030271975304  -1.481461763112  -1.881025948892
          1      175.000  18.200000000000   0.000000000000  18.072061423286   8.239057569617   2.018951644056  -0.163768605706  -0.983823583882  -1.433746280442  -1.831906766833
          1      176.000  18.400000000000   0.000000000000  18.270653609995   8.440063242017   2.392805304828  -0.103932177212  -0.939068720130  -1.387061120038  -1.783664757917
          1      177.000  15.600000000000   0.000000000000  15.520761966216   7.911491815798   2.369763365968  -0.064046003261  -0.895770892551  -1.341642664758  -1.736561651640
          1      178.000  15.300000000000   0.000000000000  15.201345068600   7.389860253652   2.300424555009  -0.002159320247  -0.855237116096  -1.298164823904  -1.690932645718
          1      179.000   9.900000000000   0.000000000000   9.888107589809   6.057900183458   2.177732353795   0.069698828859  -0.816255076293  -1.256446093119  -1.646933406847
          1      180.000  12.000000000000   0.000000000000  11.904082030017   5.541182866142   1.909344685986   0.143629238821  -0.777871872503  -1.215775581106  -1.604174488878
          1      181.000  17.400000000000   0.000000000000  17.231298838698   7.170927319257   2.357185794355   0.230081106240  -0.741393796687  -1.176396852400  -1.562558573459
          1      182.000  16.700000000000   0.000000000000  16.594338523896   8.195570023932   2.967832003214   0.512004877301  -0.705426399860  -1.138466849035  -1.522352701813
          1      183.000  14.000000000000   0.000000000000  13.937544120563   7.680284351394   3.037028389124   0.697295575196  -0.656886867104  -1.096038251058  -1.480999693690
          1      184.000  15.400000000000   0.000000000000  15.290727619887   7.577837875463   3.012206332787   0.798587862175  -0.595143299510  -1.044908778181  -1.434553508197
          1      185.000  11.200000000000   0.000000000000  11.172299803218   6.792292235699   2.929763579607   0.890757034947  -0.531535042187  -0.988707059958  -1.383257542011
          1      186.000  12.700000000000   0.000000000000  12.609743403663   6.379661144570   2.697185667157   0.874238276700  -0.468129431289  -0.931366510778  -1.329923648585
          1      187.000  15.100000000000   0.000000000000  14.981561681912   7.166534599797   2.934899815393   0.981167572991  -0.411790321992  -0.876126937313  -1.276591435188
          1      188.000  19.200000000000   0.000000000000  19.037306935595   8.775697069955   3.572757509460   1.287693445933  -0.351485669990  -0.822542508621  -1.224775030312
          1      189.000  10.600000000000   0.000000000000  10.620964717886   7.700748921700   3.728305643907   1.531802093277  -0.272267001381  -0.760414204628  -1.169435741853
          1      190.000   5.600000000000   0.000000000000   5.627939225462   4.914845953582   2.753786526271   1.293121184406  -0.166575582167  -0.683700163836  -1.105672736098
          1      191.000   5.500000000000   0.000000000000   5.477079790841   3.501993366287   1.900065183385   0.914279853793  -0.101081615103  -0.613074164254  -1.039175132602
          1      192.000   5.300000000000   0.000000000000   5.273695600001   3.093072690399   1.559655025801   0.724805757098  -0.076444225380  -0.563568464889  -0.982858800183
          1      193.000   4.500000000000   0.000000000000   4.483280343436   2.741593489664   1.375122215161   0.631785544575  -0.074444542327  -0.533699333964  -0.940433435776
          1      194.000   4.800000000000   0.000000000000   4.770024858836   2.594718811058   1.246165752882   0.556782035633  -0.082631850504  -0.517175986313  -0.909927219048
          1      195.000   6.800000000000   0.000000000000   6.738760026206   3.097271303451   1.345655358010   0.566860256010  -0.089299592578  -0.507880280418  -0.887969439232
          1      196.000   8.200000000000   0.000000000000   8.134363946214   3.876566287438   1.671406181733   0.703548009610  -0.077193039749  -0.497262803708  -0.869605792416
          1      197.000   6.800000000000   0.000000000000   6.772515382073   3.940618540539   1.861303021079   0.828200475970  -0.056566499772  -0.477917455408  -0.848405584666
          1      198.000  11.800000000000   0.000000000000  11.678504878482   4.995246638088   2.118718850035   0.911557379990  -0.043272718579  -0.459956390397  -0.826477567212
          1      199.000  11.500000000000   0.000000000000  11.429883916326   5.974583990098   2.686660732019   1.193633548291  -0.018297930484  -0.441632462585  -0.805168544378
          1      200.000  14.200000000000   0.000000000000  14.086987181962   6.860842078735   3.112850151310   1.445112163956   0.009160638794  -0.417306334951  -0.781369822146
          1      201.000  10.100000000000   0.000000000000  10.081659969947   6.523404680829   3.300909160024   1.616984251738   0.033838935912  -0.395584614038  -0.757284403059
          1      202.000   8.600000000000   0.000000000000   8.571088750592   5.456320863412   2.924962851224   1.531756448016   0.171844355193  -0.370823948821  -0.732993183203
          1      203.000  12.100000000000   0.000000000000  11.996665322368   5.870477524881   2.858518899747   1.465947982128   0.187051477109  -0.347710491316  -0.707838649813
          1      204.000   9.300000000000   0.000000000000   9.273996439874   5.821421604691   3.006055046078   1.568275974359   0.249096725203  -0.329037483505  -0.685297170868
          1      205.000   5.700000000000   0.000000000000   5.709945326208   4.480833773599   2.610062331865   1.466573753816   0.269763371939  -0.307799925980  -0.663313734742
          1      206.000   6.200000000000   0.000000000000   6.166087071759   3.726850635213   2.119554318948   1.220682457788   0.270766069643  -0.289036726199  -0.641398048150
          1      207.000   7.400000000000   0.000000000000   7.347237694876   3.910282678666   2.026473333113   1.113852907817   0.247478486799  -0.275550090208  -0.622581287295
          1      208.000   6.300000000000   0.000000000000   6.275925723062   3.844484719757   2.044258094311   1.124041312177   0.252703128965  -0.264873401304  -0.606531468019
          1      209.000   6.900000000000   0.000000000000   6.856447586308   3.800749872651   1.990665527221   1.097691436285   0.252401302508  -0.255611465676  -0.592361164969
          1      210.000   5.500000000000   0.000000000000   5.484491420417   3.538857142728   1.937455736812   1.088598566050   0.266429906342  -0.247221953943  -0.579542744270
          1      211.000   4.500000000000   0.000000000000   4.488195086045   3.004110650464   1.719734816427   0.995170538879   0.250643428960  -0.238890119209  -0.567408568973
          1      212.000   6.400000000000   0.000000000000   6.346117928877   3.184800950558   1.637734590765   0.911565919096   0.227942695788  -0.231804306922  -0.556125346000
          1      213.000  12.800000000000   0.000000000000  12.656794573373   5.112302719362   2.192427725117   1.092248909012   0.261477233227  -0.225874122034  -0.545977437305
          1      214.000   8.400000000000   0.000000000000   8.391357260079   5.505812760127   2.814377297990   1.500947046535   0.391236022540  -0.218112354751  -0.536061058039
          1      215.000  12.700000000000   0.000000000000  12.585490736519   6.028952289530   2.979401986955   1.636742203670   0.467281049889  -0.207870396327  -0.524862396623
          1      216.000  13.300000000000   0.000000000000  13.214467710475   7.037185409090   3.500855497144   1.905121832752   0.547668486138  -0.196910253115  -0.512905254305
          1      217.000  10.050000000000   0.000000000000  10.027855952123   6.603951726810   3.642129787625   2.107827844393   0.700005973749  -0.178360095418  -0.498758503727
          1      218.000  10.050000000000   0.000000000000   9.999427176857   6.039876779881   3.417642949799   2.058467470901   0.732871314092  -0.160384130573  -0.481599953918
          1      219.000  10.050000000000   0.000000000000   9.997358072123   5.922032059528   3.310970759732   1.996824234513   0.748948652018  -0.143883514604  -0.465275973667
          1      220.000  10.050000000000   0.000000000000   9.996812454114   5.890094250778   3.284491034091   1.992752576371   0.790015563901  -0.123940950688  -0.447388290173
          1      221.000   6.800000000000   0.000000000000   6.800506348187   5.079104426557   3.087328487848   1.948145275808   0.797796828012  -0.109794852767  -0.430704454870
          1      222.000   7.900000000000   0.000000000000   7.851711559790   4.642923214956   2.747590069270   1.754458585623   0.748849355434  -0.097764345519  -0.415990091378
          1      223.000   2.500000000000   0.000000000000   2.548241052983   3.345691338183   2.344605745119   1.578340926264   0.696796936590  -0.083858705884  -0.401670049761
          1      224.000   2.300000000000   0.000000000000   2.300483804494   2.093042599144   1.609909924676   1.168952324885   0.549101925656  -0.073665889899  -0.388087931492
          1      225.000   7.900000000000   0.000000000000   7.800174680304   3.088073613421   1.550792779610   0.959730587253   0.435339875778  -0.069122488614  -0.377101277973
          1      226.000  10.100000000000   0.000000000000  10.014374180944   4.717557895538   2.222745596566   1.236165888168   0.508019584380  -0.067099257171  -0.369033012747
          1      227.000  10.600000000000   0.000000000000  10.531417307565   5.602403289496   2.829114821293   1.627419699459   0.678782534709  -0.063580744920  -0.362198316862
          1      228.000   7.500000000000   0.000000000000   7.491410060741   5.197324751755   2.999059392766   1.855212034108   0.811377163289  -0.057168266452  -0.354931317309
          1      229.000   2.300000000000   0.000000000000   2.350469351691   3.371471326166   2.459291035171   1.699936473185   0.798073482488  -0.049354543700  -0.346679222364
          1      230.000   2.300000000000   0.000000000000   2.299393680144   2.108892468680   1.674384496124   1.252708803398   0.637738779274  -0.040482609867  -0.337769579372
          1      231.000   2.000000000000   0.000000000000   1.998408199478   1.662301763910   1.240719180748   0.911494932739   0.462745381958  -0.036650670292  -0.329373410880
          1      232.000   1.600000000000   0.000000000000   1.599666897068   1.324542282872   0.958853523347   0.691058105176   0.344803329136  -0.036503830489  -0.323212314960
          1      233.000   4.200000000000   0.000000000000   4.151276538941   1.775309819856   0.933328729816   0.590709367940   0.277611865615  -0.039948170225  -0.319229389935
          1      234.000   7.600000000000   0.000000000000   7.518358767141   3.115306173372   1.385861893147   0.755950827461   0.315953583709  -0.044110944346  -0.317565166586
          1      235.000   5.500000000000   0.000000000000   5.487229913311   3.464844305614   1.822649618216   1.058038056440   0.445176369956  -0.045792384345  -0.316389277025
          1      236.000   3.900000000000   0.000000000000   3.898104316310   2.869133567273   1.749691489178   1.121494817905   0.505779721383  -0.045054253995  -0.314534531468
          1      237.000   6.800000000000   0.000000000000   6.734722930984   3.230515589329   1.735574801179   1.081326706177   0.490840593088  -0.043175855381  -0.311769850978
          1      238.000  11.200000000000   0.000000000000  11.087755547358   4.872125349951   2.288718652478   1.294292276817   0.551602703184  -0.041228922369  -0.308499444703
          1      239.000   9.500000000000   0.000000000000   9.459754054531   5.562482111961   2.907420444180   1.703259244632   0.737746817252  -0.035176195091  -0.304483018302
          1      240.000   2.400000000000   0.000000000000   2.466576482301   3.760584698364   2.629150682982   1.770076215887   0.839094612502  -0.023354757589  -0.297968033195
          1      241.000   2.800000000000   0.000000000000   2.793618666336   2.351479820736   1.827758870816   1.367519715463   0.722556431511  -0.015686742513  -0.289908952324
          1      242.000   2.600000000000   0.000000000000   2.594052429145   1.982013754640   1.426022179133   1.042227098069   0.551473482939  -0.011535047861  -0.282772751240
          1      243.000  -0.200000000000   0.000000000000  -0.099826822016   1.083456162931   1.019594279824   0.792799866956   0.427721266130  -0.010379038431  -0.277202264986
          1      244.000   0.000000000000   0.000000000000  -0.018865164202   0.422458797001   0.546682508865   0.483432200179   0.282088339607  -0.010965822849  -0.273104576645
          1      245.000   3.600000000000   0.000000000000   3.543730861151   1.125986638369   0.527658530958   0.340233555252   0.178256296844  -0.013785704209  -0.270430016138
          1      246.000   3.750000000000   0.000000000000   3.723789318048   1.857648846716   0.874267235491   0.485018287158   0.210825286251  -0.017603260539  -0.269207168850
          1      247.000   3.900000000000   0.000000000000   3.875605858886   2.101401061900   1.083591135947   0.636484610540   0.279847128997  -0.019873428218  -0.268724255128
          1      248.000   3.100000000000   0.000000000000   3.091505465921   2.018370580998   1.154720823880   0.719866524596   0.328395533589  -0.021162198904  -0.268144659440
          1      249.000   3.400000000000   0.000000000000   3.379758752833   1.968355474424   1.134499441178   0.724398462810   0.338544045659  -0.021900660137  -0.267314253838
          1      250.000   5.100000000000   0.000000000000   5.054049268051   2.434843044435   1.259893778027   0.764153955055   0.348082865510  -0.022452679313  -0.266289773827
          1      251.000   2.100000000000   0.000000000000   2.119885962834   2.072007956283   1.301255373586   0.837171931887   0.386317400423  -0.022605177453  -0.265132405411
          1      252.000   0.900000000000   0.000000000000   0.913205448252   1.222159749176   0.959121446804   0.698093434888   0.349292514235  -0.022420325791  -0.263762151222
          1      253.000  -1.600000000000   0.000000000000  -1.536257920335   0.430699858524   0.542043541382   0.459435679818   0.248418380747  -0.023024979000  -0.262361004721
          1      254.000  -1.000000000000   0.000000000000  -0.977191869123   0.144715276422   0.254582401604   0.238967547527   0.136371519972  -0.024466784794  -0.261301726896
          1      255.000   0.600000000000   0.000000000000   0.476711263323   0.054201578204   0.115111665006   0.113174932936   0.067149366304  -0.033360805179  -0.261465558374
          1      256.000   0.700000000000   0.000000000000   0.648061176651   0.025136128660   0.053911522606   0.053369246526   0.031939459996  -0.041633667892  -0.264549705453
          1      257.000   1.400000000000   0.000000000000   1.341792472976   0.010376842980   0.024606139370   0.024290343586   0.013552339653  -0.046709416932  -0.267964004586
          1      258.000   0.200000000000   0.000000000000   0.196619441020   0.002650798267   0.010129911938   0.010279840297   0.005619856126  -0.048537238689  -0.270316582348
          1      259.000   0.200000000000   0.000000000000   0.193241103645  -0.001258697099   0.003321156795   0.003953824266   0.002395571135  -0.051838544266  -0.271651246779
          1      260.000  -1.400000000000   0.000000000000  -1.341784257648  -0.003297397262   0.000037391733   0.000873154337   0.000577167809  -0.064292826405  -0.274817633677
          1      261.000  -1.600000000000   0.000000000000  -1.563503905743  -0.004336446509  -0.000121153812   0.000109424116   0.000077368787  -0.071766777983  -0.280385435646
          1      262.000  -3.600000000000   0.000000000000  -3.525703950233  -0.005114023940  -0.000123145606   0.000069689377   0.000042234789  -0.075101185377  -0.284479114617
          1      263.000  -3.600000000000   0.000000000000  -3.561911826923  -0.059655416726  -0.000127008665   0.000058799721   0.000019524429  -0.081731295508  -0.287704594089
          1      264.000  -4.200000000000   0.000000000000  -4.158740546709  -1.229031349110  -0.000135755787   0.000056774691   0.000017472793  -0.091940532036  -0.292855778291
          1      265.000  -3.900000000000   0.000000000000  -3.869255857531  -1.513818445057  -0.000195390745   0.000056617151   0.000017385154  -0.097622291524  -0.298208919656
          1      266.000  -5.400000000000   0.000000000000  -5.351278848313  -2.132470488729  -0.034949917071   0.000012416231   0.000008424732  -0.100582779087  -0.302047024036
          1      267.000  -5.500000000000   0.000000000000  -5.458617316715  -2.399158396408  -0.439393466635   0.000000099309  -0.000000343512  -0.103724814051  -0.304709362086
          1      268.000  -4.200000000000   0.000000000000  -4.178354676074  -2.176176544619  -0.662684488695  -0.000000000282  -0.000000449748  -0.111929234851  -0.308190017314
          1      269.000  -1.700000000000   0.000000000000  -1.709763122558  -1.382637616864  -0.580507877715  -0.000000000282  -0.000000450258  -0.119128427765  -0.313168737896
          1      270.000  -1.800000000000   0.000000000000  -1.789337451602  -1.002505872009  -0.416902818871  -0.000004504683  -0.000000466855  -0.123191426286  -0.317432740348
          1      271.000  -4.000000000000   0.000000000000  -3.958359948081  -1.558976222879  -0.513177827987  -0.120371516348  -0.000000758878  -0.125651106184  -0.320451113786
          1      272.000  -3.300000000000   0.000000000000  -3.283412824560  -1.830664325987  -0.816892568201  -0.244573660249  -0.000000758916  -0.129315612354  -0.322833547857
          1      273.000  -5.400000000000   0.000000000000  -5.354266130887  -2.548265826028  -1.107018516052  -0.372068849887  -0.000000759170  -0.136606961671  -0.326383553558
          1      274.000  -3.600000000000   0.000000000000  -3.590713559777  -2.345370882855  -1.260633718162  -0.527505202893  -0.000000761817  -0.142537179402  -0.330765790525
          1      275.000  -4.200000000000   0.000000000000  -4.149693465269  -2.330282852257  -1.234871726487  -0.576277361490  -0.000000883578  -0.146189282169  -0.334460968783
          1      276.000  -0.300000000000   0.410000000000  -2.141636137556  -1.653612163426  -1.052902852151  -0.578360131668  -0.000002165603  -0.148639033450  -0.337179972093
          1      277.000   3.100000000000   0.000000000000   0.178326889111  -1.173436846943  -0.833631415046  -0.515379534316  -0.000007975140  -0.152379039920  -0.339535684989
          1      278.000   0.400000000000   0.000000000000   0.372890862434  -0.583095700723  -0.577518961810  -0.427770657824  -0.000064569605  -0.158800341330  -0.342929251678
          1      279.000  -2.800000000000   0.380000000000  -0.008188845215  -0.407121445549  -0.435641375513  -0.355007600930  -0.002756709692  -0.164181281037  -0.346942886065
          1      280.000  -5.400000000000   0.380000000000  -0.014577575898  -0.329104809974  -0.360926011258  -0.308410921408  -0.050894283908  -0.170862689015  -0.350801491691
          1      281.000  -9.900000000000   0.360000000000  -0.027030150549  -0.282823174262  -0.314168760674  -0.276318257806  -0.078169052693  -0.195318011346  -0.359946649151
          1      282.000 -11.200000000000   0.280000000000  -0.078915590515  -0.251546296450  -0.281727161995  -0.252882214421  -0.096954388771  -0.221270898276  -0.376150896921
          1      283.000 -11.000000000000   0.360000000000  -0.264422865535  -0.229305797589  -0.257758148514  -0.235107240106  -0.117321188480  -0.243627517072  -0.393460173658
          1      284.000 -12.100000000000   0.330000000000  -0.491115254509  -0.219427091483  -0.239639715050  -0.221355703174  -0.137810052978  -0.264454151554  -0.410558510477
          1      285.000  -7.000000000000   0.380000000000  -0.690126087764  -0.243834292173  -0.227855678439  -0.210976564862  -0.157517651664  -0.284330165985  -0.427387635276
          1      286.000  -6.300000000000   0.380000000000  -0.784239968294  -0.313051794697  -0.227013434296  -0.204558836736  -0.175961815768  -0.303219715503  -0.443851082774
          1      287.000  -5.900000000000   0.380000000000  -0.812478017521  -0.386294853266  -0.241135174336  -0.203723094480  -0.192999839838  -0.320991382415  -0.459777887870
          1      288.000  -5.400000000000   0.380000000000  -0.820525916422  -0.438265713151  -0.265005442239  -0.209035703380  -0.208699486725  -0.337586898538  -0.475017328264
          1      289.000  -6.100000000000   0.380000000000  -0.822904494261  -0.472269094924  -0.289822453312  -0.218777605473  -0.223278651059  -0.353051748965  -0.489487548765
          1      290.000 -11.200000000000   0.380000000000  -0.848150757335  -0.496891199388  -0.311494231426  -0.230766574148  -0.237079728216  -0.367535868396  -0.503191145737
          1      291.000 -11.700000000000   0.380000000000  -0.953625916320  -0.529572817829  -0.331667066199  -0.244031931659  -0.250520481987  -0.381280450404  -0.516215984520
          1      292.000  -7.600000000000   0.380000000000  -1.087567738109  -0.587478876050  -0.357630938894  -0.259744443724  -0.264021436227  -0.394583668644  -0.528721498770
          1      293.000  -5.800000000000   0.360000000000  -1.142189200819  -0.651429052842  -0.393481475028  -0.280331599063  -0.277967881785  -0.407760199590  -0.540912943993
          1      294.000  -8.400000000000   0.360000000000  -1.130433478184  -0.690406423075  -0.430143955204  -0.305308248910  -0.292769850376  -0.421133646343  -0.553021571309
          1      295.000  -8.300000000000   0.360000000000  -1.144248623888  -0.713596866396  -0.459808079749  -0.331251041876  -0.308952937134  -0.435078253860  -0.565312579336
          1      296.000  -8.800000000000   0.360000000000  -1.182238614051  -0.741019253112  -0.487053886633  -0.357320400651  -0.327066470398  -0.450032129928  -0.578103793657
          1      297.000  -9.700000000000   0.360000000000  -1.231725860701  -0.774845573526  -0.516540328325  -0.384924271182  -0.347478215496  -0.466410781290  -0.591740801845
          1      298.000  -5.000000000000   0.410000000000  -1.282973342163  -0.815462806062  -0.550104724744  -0.415261129061  -0.370380182229  -0.484529820513  -0.606539352028
          1      299.000  -2.900000000000   0.410000000000  -1.262584821723  -0.845455452902  -0.585071088597  -0.448501884609  -0.395952022201  -0.504635822384  -0.622766069486
          1      300.000  -6.500000000000   0.410000000000  -1.186099430313  -0.846241189021  -0.611416495879  -0.481313602722  -0.424404765994  -0.526969376330  -0.640665120980
          1      301.000  -7.200000000000   0.410000000000  -1.139181058523  -0.834045903685  -0.627560207074  -0.510478958312  -0.455607456910  -0.551676603105  -0.660448784225
          1      302.000 -10.200000000000   0.410000000000  -1.146617672955  -0.834096628713  -0.642913317141  -0.537540629339  -0.488706894737  -0.578531752564  -0.682159099284
          1      303.000 -11.900000000000   0.410000000000  -1.210491202487  -0.856816087976  -0.665647894295  -0.566244999538  -0.522669869310  -0.606938903372  -0.705554999984
          1      304.000 -15.900000000000   0.410000000000  -1.329582876488  -0.909704939031  -0.701896624702  -0.600369602225  -0.557147616303  -0.636383318329  -0.730267297659
          1      305.000 -18.200000000000   0.410000000000  -1.514688526373  -0.999677960215  -0.757264327598  -0.643899816172  -0.592819820347  -0.666861957223  -0.756102475861
          1      306.000  -8.900000000000   0.430000000000  -1.742169000825  -1.132434991629  -0.838512303507  -0.701883606144  -0.631465946112  -0.699105155019  -0.783287851191
          1      307.000  -3.000000000000   0.430000000000  -1.849594792776  -1.261124275537  -0.936750908493  -0.775740517610  -0.676059849138  -0.734736417356  -0.812652225753
          1      308.000  -2.500000000000   0.410000000000  -1.771362296035  -1.311215499540  -1.013495979099  -0.850823871896  -0.729223199314  -0.775932034265  -0.845640015790
          1      309.000  -3.600000000000   0.410000000000  -1.621023628299  -1.290757652775  -1.050956438108  -0.910089123110  -0.788748162642  -0.823185176125  -0.883359108776
          1      310.000  -4.900000000000   0.410000000000  -1.502060266988  -1.251038342245  -1.064782571004  -0.952202063070  -0.847862503727  -0.873525720760  -0.924976512252
          1      311.000 -11.200000000000   0.410000000000  -1.453340398034  -1.226205287373  -1.074491928276  -0.984763918037  -0.901369533110  -0.922783618040  -0.967952534596
          1      312.000  -9.700000000000   0.410000000000  -1.518636717305  -1.242395114482  -1.095761544522  -1.016734736176  -0.948456456046  -0.968583393386  -1.009919417060
          1      313.000  -8.400000000000   0.410000000000  -1.638419404710  -1.306351853940  -1.140772601170  -1.057852022726  -0.991945860251  -1.011152120162  -1.049943834740
          1      314.000  -5.200000000000   0.410000000000  -1.729222245508  -1.383181529359  -1.201393649737  -1.109789590500  -1.036317000803  -1.052768105378  -1.088754091633
          1      315.000  -8.200000000000   0.410000000000  -1.758989259369  -1.441117632074  -1.260474940863  -1.165558737481  -1.083969867246  -1.095735764523  -1.127874511576
          1      316.000 -11.400000000000   0.410000000000  -1.793377498542  -1.483628929937  -1.310579513030  -1.218198307373  -1.133746613889  -1.140509066936  -1.168199691439
          1      317.000 -16.700000000000   0.410000000000  -1.904851334791  -1.548105863561  -1.365597051298  -1.271207675126  -1.183748868533  -1.186110527992  -1.209504624607
          1      318.000 -22.600000000000   0.410000000000  -2.134243025222  -1.667152366119  -1.445380797094  -1.335730623027  -1.235463777738  -1.232623654612  -1.251578901127
          1      319.000 -25.300000000000   0.410000000000  -2.499117573852  -1.867245963436  -1.570423637055  -1.426429220196  -1.294627039027  -1.282798027673  -1.295643954857
          1      320.000 -25.300000000000   0.410000000000  -2.944336650903  -2.144824611015  -1.751512022629  -1.556568519771  -1.370484826444  -1.342298684539  -1.345019543012
          1      321.000 -27.200000000000   0.410000000000  -3.379433219393  -2.455979020111  -1.975043524978  -1.726896682110  -1.472202148404  -1.418355710429  -1.404834071274
          1      322.000 -28.200000000000   0.410000000000  -3.785028191357  -2.768657530410  -2.219485441813  -1.926547506117  -1.602953465349  -1.516078347471  -1.480056203799
          1      323.000 -25.100000000000   0.430000000000  -4.161955427476  -3.077875260543  -2.475911006377  -2.146712505841  -1.759855706181  -1.636257079877  -1.573247520061
          1      324.000 -18.900000000000   0.430000000000  -4.442742818706  -3.354627945735  -2.728259063440  -2.376193365119  -1.937199919126  -1.776613234213  -1.684393623064
          1      325.000 -20.900000000000   0.430000000000  -4.559373930574  -3.548347855631  -2.942477985866  -2.590778766627  -2.123314159505  -1.930937168749  -1.810656161270
          1      326.000 -20.300000000000   0.460000000000  -4.615183643116  -3.676326607594  -3.107930809301  -2.771629755863  -2.301027067312  -2.087717569028  -1.945013605300
          1      327.000 -21.700000000000   0.460000000000  -4.673139439883  -3.786645621564  -3.248212043171  -2.926670747258  -2.462153643256  -2.237298892953  -2.079172023757
          1      328.000 -18.600000000000   0.460000000000  -4.733041590068  -3.886797814071  -3.372816587848  -3.064031414417  -2.607979199881  -2.376957366900  -2.208574534187
          1      329.000  -6.500000000000   0.430000000000  -4.765318989732  -3.973660523307  -3.484668807761  -3.187975143389  -2.741148391128  -2.506995547153  -2.331755687736
          1      330.000  -4.100000000000   0.410000000000  -4.604960052500  -3.974139410537  -3.551190610084  -3.283362575394  -2.859551159328  -2.626800577965  -2.447962941186
          1      331.000  -8.100000000000   0.460000000000  -4.299732974166  -3.858987711239  -3.536553915875  -3.319736817683  -2.948006779243  -2.728099770634  -2.552596806567
          1      332.000 -13.200000000000   0.380000000000  -4.073515438535  -3.728630151483  -3.480206812023  -3.309132603667  -2.998493410008  -2.801711315850  -2.638030043965
          1      333.000 -14.100000000000   0.380000000000  -4.080622763284  -3.690684293391  -3.451314030492  -3.296947173498  -3.025662024752  -2.851476660578  -2.702966993502
          1      334.000 -15.200000000000   0.380000000000  -4.232518161537  -3.758803152853  -3.486306241394  -3.321567293788  -3.055318470884  -2.892957624347  -2.755495243749
          1      335.000 -19.400000000000   0.380000000000  -4.431665473280  -3.878021272601  -3.565924177917  -3.382446022363  -3.101869855107  -2.940242259435  -2.806635783147
          1      336.000 -24.200000000000   0.360000000000  -4.730952098282  -4.056477060005  -3.687657014571  -3.476523301327  -3.168179871996  -2.999218824953  -2.863220087594
          1      337.000 -29.100000000000   0.360000000000  -5.167556578313  -4.323671222401  -3.870320884411  -3.616249655126  -3.260452648385  -3.074942433536  -2.930008082122
          1      338.000 -35.100000000000   0.360000000000  -5.735293556942  -4.687389649625  -4.125855676040  -3.814023861352  -3.388555144097  -3.175066732998  -3.013056748962
          1      339.000 -34.200000000000   0.360000000000  -6.407746658631  -5.144267416829  -4.458737920192  -4.077333720464  -3.561363510717  -3.307581387832  -3.119203128242
          1      340.000 -35.400000000000   0.360000000000  -7.018640505126  -5.619635486771  -4.836694177962  -4.392768224702  -3.781059899896  -3.477689399914  -3.254292207533
          1      341.000 -35.800000000000   0.360000000000  -7.538358252149  -6.058797880126  -5.213223717698  -4.724751600788  -4.032767121988  -3.680017242574  -3.418139103545
          1      342.000 -32.700000000000   0.360000000000  -7.976493748816  -6.457932439776  -5.573701829212  -5.054456399168  -4.299506584815  -3.902957927521  -3.604101477853
          1      343.000 -28.400000000000   0.360000000000  -8.257109863358  -6.777490147407  -5.892784694948  -5.362245095152  -4.567016073134  -4.135435154327  -3.804087155445
          1      344.000 -28.300000000000   0.360000000000  -8.357458911044  -6.980960123817  -6.137243618029  -5.619474270002  -4.815884859503  -4.363343829739  -4.007898552871
          1      345.000 -31.100000000000   0.360000000000  -8.417077644271  -7.116393893369  -6.317056678341  -5.820733198838  -5.031328401936  -4.572464458869  -4.203643257232
          1      346.000 -30.800000000000   0.330000000000  -8.598377123854  -7.279566721169  -6.487316481411  -5.998643953790  -5.219657097831  -4.760180136332  -4.385044075486
          1      347.000 -32.900000000000   0.360000000000  -8.934959203416  -7.534134903351  -6.704510561250  -6.199213759152  -5.404963290496  -4.938580667085  -4.556477029089
          1      348.000 -31.100000000000   0.360000000000  -9.204050128348  -7.792364654694  -6.942994406707  -6.422603221511  -5.602957089907  -5.122045535117  -4.728184765333
          1      349.000 -28.100000000000   0.360000000000  -9.342794214211  -7.981710306225  -7.147765971600  -6.629797113487  -5.800740142649  -5.308297280116  -4.902603414545
          1      350.000 -10.900000000000   0.380000000000  -9.295907030357  -8.072778624527  -7.292554519788  -6.796279338371  -5.980578309289  -5.485783482414  -5.073284215068
          1      351.000  -9.400000000000   0.380000000000  -8.802912083510  -7.918772965618  -7.291504375054  -6.865510160812  -6.115183679830  -5.637542472306  -5.229295335882
          1      352.000 -11.400000000000   0.380000000000  -8.175218849630  -7.583282038761  -7.129033316645  -6.798738636417  -6.165946698364  -5.734392717974  -5.350138751143
          1      353.000 -16.800000000000   0.410000000000  -7.746750445527  -7.278768578143  -6.927501998719  -6.666904699160  -6.144802690775  -5.769889974580  -5.423084228656
          1      354.000 -20.700000000000   0.410000000000  -7.578780768528  -7.104538675815  -6.780621935315  -6.550053074166  -6.096938768622  -5.768082648147  -5.457848341415
          1      355.000 -20.800000000000   0.410000000000  -7.595352774296  -7.055066064357  -6.713788388451  -6.484688305696  -6.059079069795  -5.757973170202  -5.474528588947
          1      356.000 -23.700000000000   0.410000000000  -7.696930782434  -7.087075321059  -6.713948439946  -6.472867371833  -6.047590168893  -5.758140995423  -5.490086619345
          1      357.000 -30.500000000000   0.410000000000  -7.863855367198  -7.172345385994  -6.760882797823  -6.502180730079  -6.063483355695  -5.775317796076  -5.513741548156
          1      358.000 -32.400000000000   0.410000000000  -8.163496023965  -7.339808587539  -6.865624306840  -6.576687624687  -6.107985195745  -5.812061871938  -5.549670775607
          1      359.000 -30.200000000000   0.460000000000  -8.543100513680  -7.585725471637  -7.036138184396  -6.706442341076  -6.188901379406  -5.874405565961  -5.602951339935
          1      360.000 -28.400000000000   0.460000000000  -8.848951082250  -7.832019170516  -7.233344892168  -6.871110029693  -6.303718684282  -5.964678014323  -5.677614184478
          1      361.000 -18.900000000000   0.460000000000  -9.011381246993  -8.011054680319  -7.404519765962  -7.030268918461  -6.432716230524  -6.073214951976  -5.770079835567
          1      362.000 -15.300000000000   0.460000000000  -8.996189464956  -8.090312470440  -7.517488218664  -7.153635705543  -6.553328788170  -6.184059320302  -5.870075308420
          1      363.000 -24.700000000000   0.460000000000  -8.826734872160  -8.055886827883  -7.549774602835  -7.217385624231  -6.645143498938  -6.280802607998  -5.965155843562
          1      364.000 -22.300000000000   0.460000000000  -8.701968052412  -7.994216743314  -7.536334990884  -7.233553188303  -6.701085991808  -6.352651675623  -6.044578252753
          1      365.000 -19.600000000000   0.582500000000  -8.675130995503  -7.978212870000  -7.535337161406  -7.245537376170  -6.738767897510  -6.405315832835  -6.107562234926
