   1.0000000000000000     
  -19.600000000000001     
  -19.599993977661352     
  -19.599987955311544     
  -19.599981932939425     
  -19.599975910533839     
  -19.599969888083628     
  -19.599963865577639     
  -19.599957843004709     
  -19.599951820353699     
  -19.599945797613444     
  -19.599939774772793     
  -19.599933751820590     
  -19.599927728745687     
  -19.599921705536925     
  -19.599915682183152     
  -19.599909658673212     
  -19.599903634995957     
  -19.599897611140229     
  -19.599891587094877     
  -19.198275178939610     
  -18.747086598494626     
  -18.205220207248043     
  -17.545677376838707     
  -16.757192771100875     
  -15.842367043184211     
  -14.813796212720066     
  -13.689745075267162     
  -12.490458493603970     
  -11.235637379199499     
  -10.723162578077869     
  -10.205711293882658     
  -9.6842824478536418     
  -9.4224336515460116     
  -9.1599439405410763     
  -8.8969263897260902     
  -8.7652613228304244     
  -8.6862188542199004     
  -8.6598647811900591     
  -8.6514787041983432     
  -8.6430914292984777     
  -8.6347009142085263     
  -8.6095095264112125     
  -8.5674606435060152     
  -8.4831362131379056     
  -8.3985471894605439     
  -8.3137232439953372     
  -8.2286929783208951     
  -7.9724595390033510     
  -7.8011533709063094     
  -7.6296347381080629     
  -7.5438779510357081     
  -7.4671306712139582     
  -7.4160477415459205     
  -7.3650415320221247     
  -7.3141254538788365     
  -7.2633126040839677     
  -7.1882211469045139     
  -7.1133572997736474     
  -7.0387719627533460     
  -6.9644990546333112     
  -6.8905721835491658     
  -6.8170246856542569     
  -6.7731119839333420     
  -6.7294010236830193     
  -6.6858817159116288     
  -6.6425618061590299     
  -6.5994489375793357     
  -6.5565506479661853     
  -6.5138743661697589     
  -6.4714274080049528     
  -6.4502929639638289     
  -6.3872477323211978     
  -6.3455314236833456     
  -6.3040724785900641     
  -6.2628775748532295     
  -6.2219532469936665     
  -6.1813058809814665     
  -6.1610887197567044     
  -6.1008646999993230     
  -6.0610849525555865     
  -6.0216061264214691     
  -5.9824337916282113     
  -5.9435733421235009     
  -5.9050299922274911     
  -5.8668087734623757     
  -5.8289145317730853     
  -5.7913519251523917     
  -5.7541254216796061     
  -5.7172392979782858     
  -5.6806976380948271     
  -5.6445043327965543     
  -5.6086630792848915     
  -5.5731773813164995     
  -5.5380505497227759     
  -5.4518135599015007     
  -5.3678826303519696     
  -5.2862940100445517     
  -5.2070769443703284     
  -5.1302540015288089     
  -5.0558414495953974     
  -4.9838496711168565     
  -4.9142836025463179     
  -4.8471431866855639     
  -4.7824238274452782     
  -4.7201168375683471     
  -4.6602098714030840     
  -4.6026873362911047     
  -4.5475307775900511     
  -4.4947192337377908     
  -4.4442295590474838     
  -4.3960367130771889     
  -4.3501140164281855     
  -4.3064333736851133     
  -4.2649654649172506     
  -4.1885760601091739     
  -4.1206622732596543     
  -4.0609580908661478     
  -4.0091877635940998     
  -3.9650669500716074     
  -3.9283033790478212     
  -3.8985973036898396     
  -3.8756419545770839     
  -3.8591241307618018     
  -3.8487250071599215     
  -3.8441211852378814     
  -3.8449859742321171     
  -3.8509908622190485     
  -3.8618071193910217     
  -3.8771074683344855     
  -3.8965677560367693     
  -3.9198685677637863     
  -3.9466967319603308     
  -3.9767466762770955     
  -4.0097216063865222     
  -4.0453344904093349     
  -4.0833088418489059     
  -4.1233793025139542     
  -4.1652920338202435     
  -4.2088049300888191     
  -4.2536876711110008     
  -4.2997216335109796     
  -4.3466996815247780     
  -4.4337959406393228     
  -4.5689204897121147     
  -4.7498964515789668     
  -4.8809286427009457     
  -5.0852766573353412     
  -5.2660701322044083     
  -5.4210046778244996     
  -5.5500992937856530     
  -5.6547929003969353     
  -5.7373456994342247     
  -5.8004370664264648     
  -5.8468927461303757     
  -5.8794998441357125     
  -5.9008837027272598     
  -5.9134300111195230     
  -5.9192408708869566     
  -5.9201165971153058     
  -5.9175568057191823     
  -5.9057722406241400     
  -5.8916791026332147     
  -5.8787321031477564     
  -5.8683231625519507     
  -5.8606526265334820     
  -5.8553472178148400     
  -5.8518422550296769     
  -5.8495834567307048     
  -5.8476381760426532     
  -5.8470455301729025     
  -5.8470013831373464     
  -5.8470000089417749     
  -5.8470000001178271     
  -5.8470000000015174     
  -5.8469999999997411     
  -5.8469999999998539     
