          1        1.000 -12.799726030000   0.430000000000  -5.290029801325  -4.079000000000  -3.444000000000  -3.079000000000  -2.540000000000  -2.241000000000  -1.998000000000
          1        2.000 -10.899452050000   0.430000000000  -4.610056560163  -3.931334319674  -3.480127184862  -3.185889582646  -2.706097489966  -2.450333334641  -2.269544555314
          1        3.000  -9.999178082000   0.430000000000  -4.616185697763  -3.935338872252  -3.509439610312  -3.243937891693  -2.821625094721  -2.587112403145  -2.407862546697
          1        4.000  -7.398904110000   0.430000000000  -4.561864042346  -3.951746005447  -3.558420853005  -3.311414523517  -2.915912837800  -2.691362831887  -2.513854395603
          1        5.000 -11.098630140000   0.410000000000  -4.454670796293  -3.920416009903  -3.576617475651  -3.356803786611  -2.992622575314  -2.777397071173  -2.602335364100
          1        6.000 -13.498356160000   0.410000000000  -4.608866683176  -3.981978550837  -3.620856228889  -3.402296124942  -3.053608059801  -2.847262870419  -2.676397322733
          1        7.000 -14.798082190000   0.410000000000  -4.937914748631  -4.169889989452  -3.742796844170  -3.494893561308  -3.123956272063  -2.914773775167  -2.743384645733
          1        8.000 -15.297808220000   0.410000000000  -5.291383994053  -4.413547892713  -3.919937418698  -3.635124343178  -3.220535040367  -2.995631256159  -2.815256427934
          1        9.000  -2.197534247000   0.410000000000  -5.380252436019  -4.593359769339  -4.094378910249  -3.792828710598  -3.340424448655  -3.094299176617  -2.898922673600
          1       10.000  -2.697260274000   0.410000000000  -4.751311370256  -4.395814910460  -4.077942227010  -3.849824338354  -3.442152199563  -3.193497078600  -2.988862253100
          1       11.000 -12.296986300000   0.410000000000  -4.353061898272  -4.114771930345  -3.924210595535  -3.776362939017  -3.468483271846  -3.251232615820  -3.058760737944
          1       12.000 -24.396712330000   0.410000000000  -4.834875722264  -4.209072030772  -3.912965241976  -3.743108889226  -3.460028197706  -3.269834382462  -3.097021783402
          1       13.000 -24.696438360000   0.410000000000  -5.994280816882  -4.792237081602  -4.210555477367  -3.908493356346  -3.514288740965  -3.305532127670  -3.131587388347
          1       14.000 -29.396164380000   0.380000000000  -7.173097489693  -5.542259706404  -4.706827071711  -4.260899599290  -3.688699185940  -3.413906949304  -3.205384131897
          1       15.000 -27.795890410000   0.410000000000  -8.401785145665  -6.422259942848  -5.345199071454  -4.753089929070  -3.977658903775  -3.609392009073  -3.341154244136
          1       16.000 -28.295616440000   0.410000000000  -9.017464442666  -7.062293134408  -5.927679713784  -5.270347365383  -4.346951087152  -3.883338174784  -3.543124024009
          1       17.000 -22.895342470000   0.430000000000  -9.352291947807  -7.491907937270  -6.374760092574  -5.706300266701  -4.715498275530  -4.186958483086  -3.786622094136
          1       18.000 -18.795068490000   0.430000000000  -9.279747174380  -7.675407094747  -6.662222381697  -6.030908810691  -5.039748332668  -4.479137490644  -4.039107339162
          1       19.000 -19.494794520000   0.480000000000  -8.992193947817  -7.649608854313  -6.777308128286  -6.215259498037  -5.284538929552  -4.727150982811  -4.272387642903
          1       20.000 -14.194520550000   0.480000000000  -8.735884739523  -7.571440986008  -6.806324496306  -6.305420520419  -5.449994139360  -4.916763982049  -4.467409372916
          1       21.000 -12.194246580000   0.500000000000  -8.344918086307  -7.409007099770  -6.765013185564  -6.329650657161  -5.556076814515  -5.055641159988  -4.622394731800
          1       22.000 -21.793972600000   0.480000000000  -8.021090118205  -7.206771007776  -6.661251874177  -6.288346283140  -5.605016565117  -5.146319436908  -4.738112645577
          1       23.000 -23.893698630000   0.480000000000  -8.238085006224  -7.243374009292  -6.653358906959  -6.278423955274  -5.631049032286  -5.203513192310  -4.820120685861
          1       24.000 -26.893424660000   0.460000000000  -8.708538964217  -7.500992359446  -6.805369795861  -6.382175441701  -5.698537209810  -5.270355404408  -4.894707966162
          1       25.000 -30.993150680000   0.430000000000  -9.351759842786  -7.888739625223  -7.067980595511  -6.581022721145  -5.826316540602  -5.373702105106  -4.987463681255
          1       26.000 -30.392876710000   0.410000000000 -10.228028291886  -8.465226528030  -7.473300680053  -6.893388306636  -6.025119040581  -5.525578148321  -5.111975293992
          1       27.000 -26.692602740000   0.410000000000 -10.827538452351  -8.993021478630  -7.915165180981  -7.270924742336  -6.292990652379  -5.734054109286  -5.279123851645
          1       28.000 -24.492328770000   0.480000000000 -11.003932191471  -9.295642202698  -8.246700442421  -7.598028986375  -6.573033728318  -5.971561543503  -5.478681021247
          1       29.000 -21.292054790000   0.460000000000 -10.900175319368  -9.390432987210  -8.430944121281  -7.818791705195  -6.809926441657  -6.195816363264  -5.682188628569
          1       30.000 -21.691780820000   0.460000000000 -10.667858449095  -9.349231565115  -8.494597801743  -7.936113701800  -6.982113385429  -6.380464363044  -5.865003593528
          1       31.000  -9.391506849000   0.430000000000 -10.344841608309  -9.239070796732  -8.486912364674  -7.982662207351  -7.095285299951  -6.519531973826  -6.015612940380
          1       32.000 -10.691232880000   0.410000000000  -9.516482646578  -8.838376755666  -8.301172731793  -7.904748835534  -7.137759701944  -6.608314306398  -6.129359666126
          1       33.000  -9.290958904000   0.410000000000  -8.861342556547  -8.391490216696  -8.006489494976  -7.707014873916  -7.083730089392  -6.623929202440  -6.189422982763
          1       34.000  -6.990684932000   0.410000000000  -8.335485016275  -8.010257027968  -7.722916612503  -7.489225180423  -6.978051323785  -6.583392674788  -6.197748999327
          1       35.000 -16.290410960000   0.410000000000  -7.986703856719  -7.687425678309  -7.457330755499  -7.270505907000  -6.848868335054  -6.510575327258  -6.170547223882
          1       36.000 -26.790136990000   0.410000000000  -8.419174923621  -7.738564559836  -7.379597394122  -7.153973048569  -6.739558824683  -6.431453749783  -6.124958237942
          1       37.000 -23.089863010000   0.410000000000  -9.375021190113  -8.225176722344  -7.615877133554  -7.268125732146  -6.738809606883  -6.405726880855  -6.099867116454
          1       38.000 -26.689589040000   0.410000000000 -10.006624853346  -8.695735863346  -7.954455882405  -7.519056110668  -6.859749547167  -6.469233816483  -6.133069082126
          1       39.000 -28.789315070000   0.410000000000 -10.622664750851  -9.139937867573  -8.296259787183  -7.797170784651  -7.037911675009  -6.593384295628  -6.219886109511
          1       40.000 -25.689041100000   0.410000000000 -11.179513736778  -9.589918228794  -8.661990730002  -8.106331038669  -7.254459821219  -6.757599559573  -6.345235805853
          1       41.000 -25.388767120000   0.410000000000 -11.433337060716  -9.895011384737  -8.964483274696  -8.391557864359  -7.485218214138  -6.946855715129  -6.498858499466
          1       42.000 -24.488493150000   0.410000000000 -11.566354533335 -10.089306496189  -9.182891639007  -8.615150119838  -7.693843907485  -7.133747265966  -6.661766970246
          1       43.000 -33.988219180000   0.410000000000 -11.806143239772 -10.277415585346  -9.367261649400  -8.800138898178  -7.875009916915  -7.305047044380  -6.819304509945
          1       44.000 -36.687945210000   0.410000000000 -12.598662875417 -10.744183930694  -9.689747486175  -9.057444447434  -8.069732754696  -7.476047995268  -6.973969269722
          1       45.000 -34.387671230000   0.410000000000 -13.431041236099 -11.358101841118 -10.158298905196  -9.440199452501  -8.336768832832  -7.689536234687  -7.152560688538
          1       46.000 -30.687397260000   0.460000000000 -13.874029688198 -11.827596655906 -10.595138035944  -9.839020052906  -8.650601979689  -7.948397226787  -7.368182405791
          1       47.000 -26.987123290000   0.460000000000 -13.869155323472 -12.031145415801 -10.875807749869 -10.142504850153  -8.942447850117  -8.212379739884  -7.600782008337
          1       48.000 -11.486849320000   0.460000000000 -13.468721908531 -11.971517740975 -10.967982447967 -10.303220961153  -9.160677614234  -8.438001508361  -7.817862964484
          1       49.000  -5.586575342000   0.410000000000 -12.283155802008 -11.451657888124 -10.760684922580 -10.246378988148  -9.259551915729  -8.588815518428  -7.989534014903
          1       50.000  -0.386301370000   0.410000000000 -10.755941902031 -10.555027616158 -10.224785960943  -9.910289344468  -9.176866036241  -8.614438509724  -8.076820695015
          1       51.000  -2.286027397000   0.410000000000  -9.390901603837  -9.600323723939  -9.547045054817  -9.405828026137  -8.933072112294  -8.504131578283  -8.056916335824
          1       52.000  -8.985753425000   0.410000000000  -8.621171062818  -8.879199297291  -8.934879308699  -8.889269103197  -8.607867225128  -8.298809451776  -7.945527799721
          1       53.000 -13.385479450000   0.410000000000  -8.563185833124  -8.574471380709  -8.562300822743  -8.514538129962  -8.304515280316  -8.068763948685  -7.787141624784
          1       54.000 -14.885205480000   0.410000000000  -8.855658771902  -8.584210892630  -8.436675210879  -8.332079354599  -8.095465627513  -7.880025681292  -7.634688228935
          1       55.000 -11.384931510000   0.410000000000  -9.095788630511  -8.685589159044  -8.440517442448  -8.281262584617  -7.985226822021  -7.758375041540  -7.520818497372
          1       56.000  -2.884657534000   0.410000000000  -8.893830866643  -8.624347049117  -8.404897823847  -8.243668956883  -7.925109529102  -7.686706916411  -7.446926108681
          1       57.000  -7.384383562000   0.410000000000  -8.267407631074  -8.271872632002  -8.191003213244  -8.094786946348  -7.836624066915  -7.616404479736  -7.386458900125
          1       58.000  -1.884109589000   0.410000000000  -7.872370345159  -7.949903044054  -7.931760353497  -7.879866289748  -7.694102013472  -7.511567790193  -7.307815906435
          1       59.000  -2.583835616000   0.480000000000  -7.354129158238  -7.588112561885  -7.653328342999  -7.648229935725  -7.529690141050  -7.384241775104  -7.209585770034
          1       60.000  -6.883561644000   0.380000000000  -7.027177637149  -7.268445619542  -7.371878882115  -7.399617322251  -7.343958929101  -7.237317763141  -7.094206253970
          1       61.000 -22.483287670000   0.410000000000  -7.432593063220  -7.272433788328  -7.247033802932  -7.234564315497  -7.175989275305  -7.089240353915  -6.970164366707
          1       62.000  -9.083013699000   0.410000000000  -8.317654755623  -7.731020589447  -7.449937605249  -7.307465968548  -7.118579695387  -6.997643486092  -6.872067041352
          1       63.000  -2.882739726000   0.410000000000  -8.171768687166  -7.839800509926  -7.590889788054  -7.427976655997  -7.158995375305  -6.989442738166  -6.833963950750
          1       64.000 -15.682465750000   0.410000000000  -7.719765572452  -7.593098774308  -7.475422573085  -7.375222564303  -7.153292380774  -6.984569658347  -6.819886923743
          1       65.000 -21.482191780000   0.410000000000  -8.157212397418  -7.684022958121  -7.458560055516  -7.327997915869  -7.106888177094  -6.948017598076  -6.790037743407
          1       66.000 -14.081917810000   0.410000000000  -8.849938705170  -8.085875706312  -7.680783296433  -7.455811167933  -7.133250330110  -6.942033985760  -6.770729917609
          1       67.000  -6.881643836000   0.410000000000  -8.846658420104  -8.249520734211  -7.858061398416  -7.613072232555  -7.224241189988  -6.991313888566  -6.791306215633
          1       68.000 -21.681369860000   0.410000000000  -8.571569851092  -8.124002769153  -7.832968756223  -7.635098147756  -7.277409653628  -7.040038580158  -6.827334854085
          1       69.000 -26.681095890000   0.410000000000  -9.232785322318  -8.373882553833  -7.936760623439  -7.687562974130  -7.304321311753  -7.064752811991  -6.850360701260
          1       70.000 -26.680821920000   0.410000000000 -10.198767674093  -8.956345264769  -8.299484532299  -7.934209848779  -7.419135180206  -7.131024089037  -6.891260290849
          1       71.000 -29.780547950000   0.410000000000 -10.986742676818  -9.540607596982  -8.741127783241  -8.284304193822  -7.629502405570  -7.270582318055  -6.983613707338
          1       72.000 -32.980273970000   0.410000000000 -11.772858581362 -10.124257029519  -9.202488427225  -8.669177876237  -7.892477808636  -7.464070130339  -7.124611395069
          1       73.000 -34.180000000000   0.410000000000 -12.592663312638 -10.747631253864  -9.703263943283  -9.093542530064  -8.196280235312  -7.698321810150  -7.304580371461
          1       74.000 -30.879726030000   0.410000000000 -13.254395041565 -11.328864060077 -10.206017579047  -9.537681972569  -8.533086185088  -7.967706282041  -7.518927006085
          1       75.000 -23.379452050000   0.410000000000 -13.452274949660 -11.685611482408 -10.596835272685  -9.923683644935  -8.866495915912  -8.251933360475  -7.756077932507
          1       76.000 -13.979178080000   0.410000000000 -12.999046373621 -11.653012582808 -10.742548794524 -10.142682810106  -9.129545866608  -8.506775885678  -7.987356884511
          1       77.000  -9.078904110000   0.410000000000 -12.013215137657 -11.212312763822 -10.581020270720 -10.121038992187  -9.255459986144  -8.678191586668  -8.171604428285
          1       78.000 -14.878630140000   0.410000000000 -11.078563820125 -10.618837175631 -10.220751463501  -9.900724438625  -9.226797315124  -8.734298925506  -8.274956237713
          1       79.000 -18.178356160000   0.410000000000 -10.804399105750 -10.290001587746  -9.933299144187  -9.666879045685  -9.116447367846  -8.701450615364  -8.298901756924
          1       80.000 -18.778082190000   0.380000000000 -10.957454094879 -10.259894348854  -9.836572939972  -9.554089976668  -9.028820939865  -8.650589274500  -8.285755203950
          1       81.000 -20.777808220000   0.410000000000 -11.246124962144 -10.390397342951  -9.882541133539  -9.560280589493  -9.004935401753  -8.629055876123  -8.277475699577
          1       82.000 -21.477534250000   0.410000000000 -11.479038565744 -10.545006942640  -9.983963479163  -9.630245510062  -9.035229419731  -8.646310273942  -8.292254994962
          1       83.000 -18.277260270000   0.430000000000 -11.621055095809 -10.674306578420 -10.090243856194  -9.718808626194  -9.094102238448  -8.690692547625  -8.328722988224
          1       84.000 -18.976986300000   0.410000000000 -11.558597140311 -10.693634820086 -10.141116480711  -9.779785936498  -9.154433166969  -8.745151290583  -8.377471323407
          1       85.000 -11.276712330000   0.430000000000 -11.389640200586 -10.642130775882 -10.137781528287  -9.798414665309  -9.194049588662  -8.790628086940  -8.424519520557
          1       86.000 -20.376438360000   0.410000000000 -11.005049296197 -10.426875185977 -10.024705474320  -9.738858226102  -9.194448019954  -8.813290969944  -8.458660821289
          1       87.000 -18.976164380000   0.410000000000 -11.148925408352 -10.417539177475  -9.974649658678  -9.685086752402  -9.166406925629  -8.807452162876  -8.470349922068
          1       88.000 -19.375890410000   0.430000000000 -11.308779903454 -10.511130142654 -10.023748572452  -9.711016268568  -9.171881695033  -8.811820774528  -8.479776597430
          1       89.000 -19.075616440000   0.430000000000 -11.414471519512 -10.591743442164 -10.084921755089  -9.759614308276  -9.202520357677  -8.835443815129  -8.501042127639
          1       90.000 -18.075342470000   0.430000000000 -11.458433844865 -10.646338448950 -10.137791411534  -9.808670084937  -9.242127349171  -8.869467267510  -8.531590002962
          1       91.000 -17.975068490000   0.430000000000 -11.430127782381 -10.656314217822 -10.164294440903  -9.841716574226  -9.278545216077  -8.905137714951  -8.565840787747
          1       92.000 -20.374794520000   0.430000000000 -11.439836672731 -10.662318489633 -10.177220506736  -9.860284298130  -9.305645383942  -8.935732426140  -8.598122767828
          1       93.000 -16.374520550000   0.430000000000 -11.524603523647 -10.721640822962 -10.219666420331  -9.895007607673  -9.335065903016  -8.965060572212  -8.628429098029
          1       94.000 -16.974246580000   0.460000000000 -11.399129367224 -10.690888461432 -10.226421771822  -9.916256127630  -9.365501241056  -8.996852265027  -8.660461070973
          1       95.000 -21.473972600000   0.460000000000 -11.314834554470 -10.630999096484 -10.193909137249  -9.901591683027  -9.375545631711  -9.017415148290  -8.686855560212
          1       96.000 -22.473698630000   0.460000000000 -11.480233447774 -10.689488119349 -10.214446452046  -9.910018782252  -9.383244931390  -9.030516676377  -8.705690123053
          1       97.000 -18.673424660000   0.460000000000 -11.690635500916 -10.827476317069 -10.304579918251  -9.974161758906  -9.418652191123  -9.057028673078  -8.729508880887
          1       98.000 -17.473150680000   0.500000000000 -11.678214342731 -10.879623545986 -10.370698634206 -10.039780314290  -9.471134569343  -9.099856408385  -8.765577235500
          1       99.000 -11.472876710000   0.500000000000 -11.488119503398 -10.817073926274 -10.363140933825 -10.056240015412  -9.506902484594  -9.138871300493  -8.803842885419
          1      100.000 -13.472602740000   0.500000000000 -11.077300826587 -10.605294812881 -10.252949586139  -9.996889458394  -9.502893488544  -9.154948985722  -8.829793993190
          1      101.000 -12.172328770000   0.500000000000 -10.761909945481 -10.377512005685 -10.092062715821  -9.879393855842  -9.450885940180  -9.135238986458  -8.830834565655
          1      102.000 -11.072054790000   0.500000000000 -10.497624493617 -10.180054400742  -9.938200129049  -9.754714410348  -9.376246688529  -9.090268798898  -8.808578174994
          1      103.000 -12.671780820000   0.500000000000 -10.251564505742  -9.986821428821  -9.783110789855  -9.625214772456  -9.290397494333  -9.031028374330  -8.770892448884
          1      104.000 -12.271506850000   0.500000000000 -10.117005937049  -9.845977155058  -9.651803709521  -9.505918045829  -9.200978806553  -8.963468191626  -8.722707236222
          1      105.000 -13.371232880000   0.500000000000 -10.031212302715  -9.748218701990  -9.553017130013  -9.410566640315  -9.120551641219  -8.897221449751  -8.671030863212
          1      106.000 -16.170958900000   0.500000000000 -10.033179957304  -9.698765505131  -9.486341223706  -9.339149113786  -9.052926501572  -8.837663086360  -8.621444686909
          1      107.000 -16.370684930000   0.500000000000 -10.173573975938  -9.737816411193  -9.478397101381  -9.310231988660  -9.007514253968  -8.791176327314  -8.578927208105
          1      108.000 -14.970410960000   0.500000000000 -10.309071697459  -9.814480823588  -9.515022682128  -9.323749836850  -8.992382843912  -8.765933165399  -8.550411288240
          1      109.000 -13.670136990000   0.500000000000 -10.325473618326  -9.846542282414  -9.542419151332  -9.343565443592  -8.994718669315  -8.758367049092  -8.536877401504
          1      110.000  -3.669863014000   0.500000000000 -10.141423437670  -9.782745750733  -9.519397684856  -9.334999316649  -8.992593130077  -8.754668626583  -8.530598814566
          1      111.000   4.430410959000   0.500000000000  -9.435634156787  -9.443730656178  -9.339007081667  -9.225941667265  -8.949990248645  -8.732484834549  -8.517350340798
          1      112.000  -3.569315068000   0.500000000000  -8.461857790802  -8.838772215123  -8.947045323202  -8.949050714592  -8.812546895971  -8.652221303579  -8.469733697091
          1      113.000  -1.169041096000   0.500000000000  -7.949219443280  -8.362465347739  -8.546451469625  -8.612291757134  -8.595068417294  -8.502699386350  -8.368868727938
          1      114.000   1.531232877000   0.500000000000  -7.564236624574  -8.018593778881  -8.232590141900  -8.325328963812  -8.371612193487  -8.326342557527  -8.234071025708
          1      115.000   0.631506849000   0.500000000000  -7.115293665803  -7.659537861068  -7.926032249500  -8.051571332191  -8.153939594936  -8.145911008666  -8.087116553456
          1      116.000  -1.368219178000   0.500000000000  -6.772561813285  -7.335290313534  -7.631349233232  -7.781567058502  -7.933879056386  -7.960059125255  -7.931893546376
          1      117.000  -5.967945205000   0.500000000000  -6.645117551704  -7.123862096194  -7.399871101699  -7.550270638347  -7.725820564103  -7.776130052040  -7.772941550669
          1      118.000 -10.267671230000   0.500000000000  -6.809576215485  -7.087982580418  -7.280987084576  -7.397903088071  -7.554961074187  -7.611337916498  -7.621976054073
          1      119.000 -10.167397260000   0.500000000000  -7.172011950012  -7.220337885652  -7.293292500372  -7.350356518290  -7.446151371935  -7.486123631817  -7.494907631421
          1      120.000  -7.867123288000   0.500000000000  -7.453543834402  -7.385950487144  -7.373341008007  -7.377833773865  -7.401033198354  -7.410305658307  -7.403672400985
          1      121.000  -8.166849315000   0.500000000000  -7.531184638025  -7.464029171597  -7.429229095908  -7.411567644833  -7.388521783927  -7.370512417717  -7.345243198675
          1      122.000  -7.066575342000   0.500000000000  -7.531892791121  -7.478275381237  -7.443040749865  -7.419908066985  -7.377303443337  -7.343508965236  -7.304804349048
          1      123.000   2.333698630000   0.000000000000   0.005166266202  -6.492335742900  -7.179604088442  -7.327863115650  -7.347275872455  -7.314315679337  -7.269846329973
          1      124.000   2.533972603000   0.000000000000   2.328579086438  -2.934365603329  -4.751561515390  -5.675169219725  -6.667572105273  -6.979267026750  -7.097732968700
          1      125.000  -5.965753425000   0.000000000000  -5.910587836614  -4.258154559714  -4.495487859242  -4.949515070812  -5.885822683845  -6.363675577182  -6.656642320562
          1      126.000  -6.665479452000   0.000000000000  -6.653348466241  -5.974528192788  -5.722026799030  -5.683205581125  -5.891780140993  -6.131335162956  -6.350938506789
          1      127.000  -6.265205479000   0.000000000000  -6.265135161534  -6.166792616592  -6.086154926324  -6.056599581051  -6.097559493628  -6.187526076509  -6.294328057916
          1      128.000   4.935068493000   0.000000000000   4.445290675219  -3.030886836597  -4.586660829132  -5.292814806308  -5.946556360911  -6.150980571328  -6.265742339485
          1      129.000   7.235342466000   0.000000000000   6.989033075459  -1.811238294197  -3.393231091929  -4.237904809771  -5.293804213759  -5.737739422353  -6.008157777762
          1      130.000   4.835616438000   0.000000000000   4.722607952991  -1.278941799527  -2.743092776310  -3.566337793607  -4.707856880792  -5.255784550478  -5.629924061064
          1      131.000  -0.264109589000   0.000000000000  -0.153863553758  -1.104560939416  -2.387591935997  -3.139559747938  -4.253504507552  -4.832782171674  -5.257251037793
          1      132.000   2.036164384000   0.000000000000   1.960961934955  -1.082171552010  -2.200031318358  -2.872983936357  -3.915473445892  -4.488582831225  -4.929304530129
          1      133.000   5.336438356000   0.000000000000   5.181598495223  -1.008497774161  -2.067203550175  -2.689292263161  -3.661896236687  -4.213711600580  -4.652205842860
          1      134.000   1.536712329000   0.000000000000   1.512360279529  -0.867956919608  -1.898267903943  -2.503658943037  -3.446459010356  -3.983165525990  -4.415886169904
          1      135.000   0.636986301000   0.000000000000   0.621487913580  -0.829787525076  -1.781231849599  -2.350722141626  -3.254972397168  -3.778005378378  -4.205167181124
          1      136.000   9.637260274000   0.000000000000   9.387836197925  -0.720675136629  -1.680046208261  -2.228028529270  -3.092986446919  -3.598873639216  -4.017376704932
          1      137.000   9.637534247000   0.000000000000   9.448407991848  -0.483205031054  -1.497845684229  -2.066218219941  -2.936820361748  -3.435229077009  -3.847662860550
          1      138.000  12.137808220000   0.000000000000  11.957015623118   0.029151070666  -1.214504176603  -1.846999719856  -2.764960589046  -3.269350551229  -3.683309954641
          1      139.000  14.638082190000   0.000000000000  14.445014325466   1.073071423504  -0.976273537599  -1.629691097578  -2.574670678986  -3.091371338236  -3.514011134844
          1      140.000   9.738356164000   0.000000000000   9.672323992919   2.234494741108  -0.715277378137  -1.394012906247  -2.379376595636  -2.909511395721  -3.341920126671
          1      141.000   9.938630137000   0.000000000000   9.837260357168   2.122321394669  -0.581826503433  -1.229561420428  -2.198208965383  -2.731372771925  -3.170282045660
          1      142.000  12.238904110000   0.000000000000  12.102125631868   2.806046048156  -0.455201933949  -1.097498103615  -2.044539494948  -2.571200327056  -3.009541413092
          1      143.000   8.639178082000   0.000000000000   8.585845680659   2.687132341995  -0.292045799995  -0.948855815468  -1.902240403995  -2.424704015920  -2.861013748463
          1      144.000   6.339452055000   0.000000000000   6.304009544651   2.378152403025  -0.233670463327  -0.844106200021  -1.769941231447  -2.286563623709  -2.720627170003
          1      145.000   7.739726027000   0.000000000000   7.662461674569   2.425473669764  -0.207574756595  -0.776987999852  -1.659932829541  -2.163831314660  -2.591509999889
          1      146.000   7.640000000000   0.000000000000   7.575705264227   2.577862663676  -0.174933435545  -0.721437077978  -1.568688126831  -2.057515673953  -2.475932208515
          1      147.000   6.540273973000   0.000000000000   6.494266042785   2.367538236160  -0.142454316629  -0.670470528489  -1.489346201510  -1.963853801391  -2.372370893103
          1      148.000   9.740547945000   0.000000000000   9.632109758113   2.966563737534  -0.103812852222  -0.624473257101  -1.418551712591  -1.879707720944  -2.278508185990
          1      149.000   8.040821918000   0.000000000000   7.988415790934   3.090734300024  -0.030883945585  -0.566609545478  -1.352731619407  -1.802640621788  -2.192473549831
          1      150.000   1.341095890000   0.000000000000   1.388618260857   1.476778826470  -0.017473477037  -0.518856910183  -1.288679286211  -1.729507477762  -2.111824652248
          1      151.000   4.341369863000   0.000000000000   4.281466457156   1.181836210676  -0.045536652452  -0.496418966869  -1.231104577640  -1.661373945879  -2.036033463171
          1      152.000   0.041643836000   0.000000000000   0.077294094602   0.567402894049  -0.066437062701  -0.485183247443  -1.183407050779  -1.600872768754  -1.966551063532
          1      153.000   0.341917808000   0.000000000000   0.337395447841   0.107878434380  -0.108360329874  -0.484684463589  -1.144360129512  -1.548234795330  -1.904065852586
          1      154.000   0.942191781000   0.000000000000   0.928757038566   0.201799205561  -0.141565204010  -0.492134384745  -1.113548454687  -1.503071029183  -1.848406245180
          1      155.000   0.142465753000   0.000000000000   0.147137159757   0.095308230292  -0.158659417691  -0.496405860980  -1.089351147978  -1.464764014653  -1.799324761619
          1      156.000  -0.557260274000   0.000000000000  -0.512231339292   0.011833172616  -0.174220946525  -0.498272633048  -1.068746875749  -1.431371355382  -1.755630520540
          1      157.000   2.343013699000   0.000000000000   2.295958095637   0.275250642040  -0.201550364258  -0.503825083890  -1.050564282732  -1.401556522541  -1.716244861964
          1      158.000   4.543287671000   0.000000000000   4.480824264926   0.796537043771  -0.231590672678  -0.514677438798  -1.035478024698  -1.375080472498  -1.680565552163
          1      159.000   8.843561644000   0.000000000000   8.722384076933   1.584336205877  -0.243248604189  -0.522547556935  -1.023607636551  -1.352029986789  -1.648441514434
          1      160.000  10.643835620000   0.000000000000  10.531128537538   3.003703456255  -0.168755724104  -0.504372166279  -1.012426705440  -1.331375883200  -1.619373086776
          1      161.000   9.744109589000   0.000000000000   9.669168414844   3.490078972265  -0.067630669934  -0.461869325186  -0.994947769340  -1.309335655442  -1.591334007949
          1      162.000  11.744383560000   0.000000000000  11.632846706284   4.144975701732   0.004333417510  -0.408709455595  -0.968714047769  -1.282567828342  -1.561480514709
          1      163.000   3.044657534000   0.000000000000   3.097025977196   2.518227532236   0.024995738957  -0.373840477147  -0.936926732983  -1.251118581003  -1.528662053744
          1      164.000   7.944931507000   0.000000000000   7.841675071837   2.397181788539   0.028255277798  -0.349919586166  -0.905256181098  -1.218088842352  -1.494094313166
          1      165.000  13.345205480000   0.000000000000  13.191442966622   4.265237453077   0.047538269932  -0.331339901911  -0.875940612640  -1.185807381756  -1.459499961926
          1      166.000  16.845479450000   0.000000000000  16.682099096419   6.053525092668   0.633662865667  -0.299233040388  -0.849008052302  -1.155138302479  -1.425895857960
          1      167.000  15.145753420000   0.000000000000  15.046209889451   6.525210771860   0.813834323398  -0.262028835374  -0.821438629814  -1.125148458169  -1.393252442559
          1      168.000  12.246027400000   0.000000000000  12.183672252110   5.833678251754   1.102713790416  -0.220087486233  -0.792411520651  -1.094570622729  -1.360695842603
          1      169.000  15.746301370000   0.000000000000  15.600831131597   6.228986874008   1.203109982440  -0.191041037653  -0.762635728804  -1.063477808699  -1.327993193509
          1      170.000  14.846575340000   0.000000000000  14.747963251037   6.741428475120   1.611999045318  -0.151688848713  -0.733545122921  -1.032597154777  -1.295416639583
          1      171.000  14.846849320000   0.000000000000  14.742893116357   6.724681526431   1.679275746044  -0.122022401742  -0.704782472099  -1.002094746598  -1.263217999207
          1      172.000  20.347123290000   0.000000000000  20.153242044045   8.204156790062   2.236167129764  -0.080254949899  -0.676962982180  -0.972241121919  -1.231561658766
          1      173.000  21.247397260000   0.000000000000  21.090482430738   9.590146039315   2.813916488411  -0.032070714034  -0.649663681160  -0.943014627813  -1.200536024438
          1      174.000  19.047671230000   0.000000000000  18.941036103773   9.599040817688   3.264745387449   0.257215108047  -0.622410451872  -0.914245461817  -1.170078640543
          1      175.000  19.147945210000   0.000000000000  19.023302699624   9.463655375509   3.485607273027   0.629402223142  -0.590652290359  -0.884297727424  -1.139542659103
          1      176.000  19.348219180000   0.000000000000  19.222637592244   9.674975530293   3.781956160989   0.973185619405  -0.539770297470  -0.846518326596  -1.105763415558
          1      177.000  16.548493150000   0.000000000000  16.473230216301   9.184310515602   3.889901047333   1.243485889706  -0.465081517652  -0.794068769145  -1.063436941816
          1      178.000  16.248767120000   0.000000000000  16.154350445639   8.669069256687   3.784916947556   1.360339327154  -0.376347930648  -0.728529785245  -1.011093733995
          1      179.000  10.849041100000   0.000000000000  10.840529200451   7.258273729265   3.501061103783   1.416103303954  -0.279898087718  -0.655472369705  -0.951403111810
          1      180.000  12.949315070000   0.000000000000  12.855862081916   6.669667217201   3.110254191632   1.339277558733  -0.180172420014  -0.580021003318  -0.887720138573
          1      181.000  18.349589040000   0.000000000000  18.182737448621   8.267381349581   3.561021832056   1.528227508065  -0.062977280089  -0.499575773671  -0.820473843524
          1      182.000  17.649863010000   0.000000000000  17.546822966472   9.362319851344   4.305521739458   1.982351656082   0.008338938231  -0.425005917737  -0.752515939874
          1      183.000  14.950136990000   0.000000000000  14.891140277838   8.910162821727   4.462593264788   2.218388393401   0.167361640539  -0.371167230330  -0.694559138069
          1      184.000  16.350410960000   0.000000000000  16.244707532666   8.810039767638   4.421057487897   2.283320132840   0.297602675860  -0.324139009325  -0.644105681626
          1      185.000  12.150684930000   0.000000000000  12.126668083059   8.028725245682   4.340830158870   2.377527077019   0.508920101770  -0.281506799885  -0.599383241270
          1      186.000  13.650958900000   0.000000000000  13.564073496296   7.587580740574   4.046505405561   2.272811334518   0.585448823782  -0.245522127927  -0.559205090510
          1      187.000  16.051232880000   0.000000000000  15.935769138945   8.347498219829   4.253030763721   2.364063757212   0.680717569908  -0.211916107437  -0.521801485436
          1      188.000  20.151506850000   0.000000000000  19.991705704087   9.953924625509   4.897011954600   2.699078265250   0.886794627538  -0.179440632734  -0.488178800217
          1      189.000  11.551780820000   0.000000000000  11.575966602826   8.912053840589   5.123886998457   3.040561632031   1.100743881035  -0.149602908475  -0.455649303047
          1      190.000   6.552054795000   0.000000000000   6.583470247127   6.139511013192   4.143447262993   2.741662492340   1.145427087609  -0.113667385858  -0.422313174884
          1      191.000   6.452328767000   0.000000000000   6.432392408204   4.674266213765   3.167446371786   2.172190677336   0.982566049092  -0.084013185234  -0.391856907401
          1      192.000   6.252602740000   0.000000000000   6.228141830787   4.173151488634   2.672381393623   1.802393196692   0.842278976187  -0.064156273208  -0.364016306574
          1      193.000   5.452876712000   0.000000000000   5.436906181718   3.739242102663   2.363040268138   1.576560792957   0.735701576789  -0.052525932156  -0.342422728483
          1      194.000   5.753150685000   0.000000000000   5.723087132289   3.531180064828   2.145852527281   1.412797098890   0.664418559659  -0.044588415398  -0.325204515995
          1      195.000   7.753424658000   0.000000000000   7.691539879807   3.994508200244   2.192697544958   1.376089322690   0.636087556841  -0.037118760267  -0.310707246345
          1      196.000   9.153698630000   0.000000000000   9.087144748177   4.757021699448   2.503542568319   1.513845484729   0.682535557523  -0.029820575558  -0.297797929604
          1      197.000   7.753972603000   0.000000000000   7.725638104218   4.830665452753   2.720994702160   1.689299283974   0.778515665765  -0.021029662820  -0.285559147946
          1      198.000  12.754246580000   0.000000000000  12.632210780908   5.912913276891   3.029677440691   1.838177737227   0.860545340693  -0.013831504332  -0.273881513302
          1      199.000  12.454520550000   0.000000000000  12.384346826931   6.931323077967   3.665766792849   2.210971546651   1.029843426209  -0.000194759027  -0.262530823091
          1      200.000  15.154794520000   0.000000000000  15.042285376996   7.863396668019   4.168493859144   2.554025734309   1.223237400573   0.011795655792  -0.249975953691
          1      201.000  11.055068490000   0.000000000000  11.037865163618   7.577662176791   4.447131211821   2.844059245153   1.395734841676   0.028161210449  -0.237459790836
          1      202.000   9.555342466000   0.000000000000   9.528169205023   6.553759982623   4.126419994816   2.794978597319   1.472950979004   0.156433037877  -0.222827292699
          1      203.000  13.055616440000   0.000000000000  12.954172533024   6.975557793846   4.059112299976   2.713420748995   1.477357046209   0.252842733547  -0.203504070509
          1      204.000  10.255890410000   0.000000000000  10.231814066402   6.928440229421   4.208545463259   2.817737840509   1.532604324772   0.311318425257  -0.188061008940
          1      205.000   6.656164384000   0.000000000000   6.668057776150   5.589153791179   3.813318320010   2.717132929457   1.563260535307   0.389791048219  -0.170121558999
          1      206.000   7.156438356000   0.000000000000   7.124488383334   4.830415868443   3.298773296260   2.419090175472   1.449391825330   0.381873578453  -0.155108538276
          1      207.000   8.356712329000   0.000000000000   8.305465692498   4.978759865182   3.145117307314   2.234809249513   1.333687821383   0.387961250598  -0.142295666104
          1      208.000   7.256986301000   0.000000000000   7.234015864306   4.880206489212   3.110538178161   2.189481083205   1.297772389679   0.407279211960  -0.128316429986
          1      209.000   7.857260274000   0.000000000000   7.814435994243   4.811433349086   3.025561748329   2.136198774763   1.282195225269   0.415020753367  -0.117634759174
          1      210.000   6.457534247000   0.000000000000   6.442542670733   4.534219578024   2.948900025243   2.099799866231   1.264732157364   0.414794927910  -0.108884440751
          1      211.000   5.457808219000   0.000000000000   5.446341870368   3.986252828754   2.710885156052   1.984026751476   1.225507270641   0.429680329741  -0.100238276392
          1      212.000   7.358082192000   0.000000000000   7.304375380157   4.154193814635   2.606683554297   1.870712734236   1.159507114050   0.416470068978  -0.090370033916
          1      213.000  13.758356160000   0.000000000000  13.615129453678   6.066569884594   3.137637498527   2.028127795192   1.188790843743   0.438277932374  -0.082250587036
          1      214.000   9.358630137000   0.000000000000   9.349824268792   6.455765592371   3.769980830181   2.475059967277   1.413955894865   0.510597479672  -0.075752901634
          1      215.000  13.658904110000   0.000000000000  13.544561205464   7.006771351642   3.986525820325   2.680447559947   1.586767199711   0.590063494789  -0.069235949898
          1      216.000  14.259178080000   0.000000000000  14.174282438945   8.053903080143   4.576266936634   3.037877967807   1.788963756508   0.697181854435  -0.057489058285
          1      217.000  11.009452050000   0.000000000000  10.988427971890   7.661386758392   4.787779432881   3.324537240494   2.018665644615   0.829548378189  -0.045828185187
          1      218.000  11.335782340000   0.000000000000  11.281522291475   7.221260612028   4.644816098700   3.343264552603   2.110588193025   0.909750815068  -0.034709300193
          1      219.000  11.564286870000   0.000000000000  11.507676398027   7.262962750827   4.637951653928   3.348529233762   2.150682456841   0.984119616283  -0.015611833812
          1      220.000  11.878682240000   0.000000000000  11.819042491587   7.395361547012   4.700085166364   3.393816173801   2.196618790256   1.037342312841   0.001238799238
          1      221.000   9.014441573000   0.000000000000   9.005516907113   6.777198151262   4.598678634945   3.405558224415   2.239875348515   1.080004044912   0.013358644618
          1      222.000  10.529393460000   0.000000000000  10.468979455052   6.563957041130   4.375691686212   3.278071900090   2.199009143543   1.081434546196   0.026603670247
          1      223.000   5.507429135000   0.000000000000   5.541774591883   5.486352993869   4.082071344225   3.154396148290   2.151379854532   1.101151148256   0.121762141938
          1      224.000   5.574261448000   0.000000000000   5.560474783465   4.413880748716   3.446141055811   2.797299736885   2.002372254520   1.084163445437   0.194280271342
          1      225.000  11.270892250000   0.000000000000  11.158552322276   5.537031442661   3.460464378946   2.611003527723   1.839136404794   1.010547801285   0.190687109933
          1      226.000  13.374809390000   0.000000000000  13.279274322085   7.167876032485   4.133641158362   2.874167542663   1.884063215231   0.999137431604   0.217161952851
          1      227.000  13.608525030000   0.000000000000  13.533589530625   7.968822969792   4.717879218766   3.271168088631   2.103783783649   1.100889495032   0.253705976965
          1      228.000  10.131037300000   0.000000000000  10.119995208723   7.427201928863   4.866351687436   3.533658051797   2.333649958020   1.250215418337   0.326952416065
          1      229.000   4.516633354000   0.000000000000   4.568002655390   5.428677684049   4.292758861293   3.407264995446   2.393068183118   1.334270085938   0.361585394372
          1      230.000   4.131421961000   0.000000000000   4.134065130034   3.977297169837   3.438367682082   2.932636629283   2.207513183528   1.311483089268   0.417102426909
          1      231.000   3.517574537000   0.000000000000   3.520378220207   3.338560472243   2.891495858822   2.502591167760   1.938053063432   1.198479801644   0.413621201936
          1      232.000   2.563561644000   0.000000000000   2.573009031722   2.734025785030   2.443981221943   2.142965210316   1.680553836977   1.053827849533   0.371508538240
          1      233.000   5.163835616000   0.000000000000   5.118604845623   2.985141481468   2.229962910833   1.870810935520   1.454828902158   0.921283716739   0.343776845266
          1      234.000   8.564109589000   0.000000000000   8.484514636816   4.222995347361   2.539112972029   1.887500044033   1.361405412765   0.833696294332   0.311125898111
          1      235.000   6.464383562000   0.000000000000   6.452691097837   4.502512507399   2.877250190660   2.094591832173   1.432434928016   0.836165385251   0.307756658684
          1      236.000   4.864657534000   0.000000000000   4.863263559415   3.867759948928   2.756683381772   2.123425381475   1.496538818043   0.884433814228   0.340601166908
          1      237.000   7.764931507000   0.000000000000   7.699929921517   4.215594556114   2.730017274630   2.078687708460   1.490134807697   0.902055330543   0.354694606444
          1      238.000  12.165205480000   0.000000000000  12.053179140993   5.854220911878   3.280926305779   2.291817907573   1.556697376882   0.920900409298   0.361810617488
          1      239.000  10.465479450000   0.000000000000  10.425462050087   6.546824601599   3.906967518675   2.716799531511   1.782612448818   1.017225054256   0.393738824020
          1      240.000   3.365753425000   0.000000000000   3.432712383624   4.760089370350   3.661735555611   2.835683600160   1.969338577666   1.151373233163   0.462092374921
          1      241.000   3.766027397000   0.000000000000   3.760346630920   3.377111810320   2.903720376288   2.481857085499   1.891726156219   1.187294592742   0.501620341779
          1      242.000   3.566301370000   0.000000000000   3.561319601900   3.026443142591   2.524932752107   2.170540380124   1.702896534138   1.114636692949   0.501074175318
          1      243.000   0.766575342000   0.000000000000   0.803759441448   2.125663841037   2.107144564396   1.893744262440   1.518733001816   1.010916435527   0.461674626961
          1      244.000   0.966849315000   0.000000000000   0.972656740663   1.440607630350   1.590811975242   1.525503290903   1.285602361257   0.882943379119   0.410997689128
          1      245.000   4.567123288000   0.000000000000   4.511261011635   2.118596261070   1.517125084204   1.304225329805   1.072845101384   0.742271778795   0.350702989265
          1      246.000   4.717397260000   0.000000000000   4.691082064788   2.809301797263   1.794115418341   1.364386258780   1.011854736783   0.661606869357   0.310279439009
          1      247.000   4.867671233000   0.000000000000   4.842660493368   3.014701303506   1.946153345829   1.457824682035   1.041228803876   0.652782865209   0.298627107301
          1      248.000   4.067945205000   0.000000000000   4.058485344175   2.907483828537   1.985827811794   1.515133053788   1.083139816679   0.673065859167   0.305946797616
          1      249.000   4.368219178000   0.000000000000   4.346848811218   2.847231454982   1.954853488590   1.514296268999   1.099888823925   0.690698039703   0.316092366643
          1      250.000   6.068493151000   0.000000000000   6.021369865337   3.311740676887   2.079623494004   1.556158661721   1.116030276935   0.700572136649   0.322264899112
          1      251.000   3.068767123000   0.000000000000   3.087490710827   2.950541379949   2.125064934702   1.636404022277   1.168582795112   0.725716174802   0.332746130093
          1      252.000   1.869041096000   0.000000000000   1.881137705966   2.105767108178   1.792611078412   1.510493476832   1.147637703188   0.737115571569   0.343391586724
          1      253.000  -0.630684932000   0.000000000000  -0.523922903631   1.113176780973   1.340845095997   1.264255384925   1.032034970682   0.695021782691   0.333141331409
          1      254.000  -0.030410959000   0.000000000000  -0.053722954459   0.585128384533   0.905677150829   0.948912320030   0.842098782114   0.602994612539   0.304656533335
          1      255.000   1.569863014000   0.000000000000   1.546620130278   0.723320250894   0.713479020290   0.720447095820   0.655609077355   0.486188546213   0.251790493736
          1      256.000   1.670136986000   0.000000000000   1.661511148531   1.080608291915   0.795292275689   0.673397080115   0.553283051437   0.394258608867   0.202404150958
          1      257.000   2.370410959000   0.000000000000   2.352003220636   1.316983039191   0.867361285739   0.680659709375   0.519606271497   0.349926301923   0.174378220016
          1      258.000   1.170684932000   0.000000000000   1.178879630800   1.178634754236   0.882033334754   0.700289823634   0.519301802205   0.336888194043   0.163704146388
          1      259.000   1.170958904000   0.000000000000   1.168518363035   0.956017938941   0.770188686913   0.646814317272   0.498414507962   0.327117000506   0.155836006282
          1      260.000  -0.428767123000   0.000000000000  -0.359111700592   0.520176344742   0.606861554459   0.562247545865   0.453994792568   0.304956486550   0.146158214497
          1      261.000  -0.628493151000   0.000000000000  -0.604646331643   0.252619592730   0.403188733237   0.422504385376   0.373331830908   0.264872253142   0.129715260554
          1      262.000  -2.628219178000   0.000000000000  -2.562741995043   0.132382177189   0.276846260558   0.308689377242   0.286812229826   0.211584017630   0.105520228006
          1      263.000  -2.627945205000   0.000000000000  -2.578610810076   0.050278321108   0.179923111785   0.217971429769   0.212079538125   0.160654744897   0.080705198174
          1      264.000  -3.227671233000   0.000000000000  -3.191715378438  -0.024203776949   0.108837578817   0.148692776975   0.151269932640   0.117064356735   0.058855066854
          1      265.000  -2.927397260000   0.000000000000  -2.897057182228  -0.563644224516   0.060689312383   0.094222205991   0.101852806406   0.081506443806   0.041696353635
          1      266.000  -4.427123288000   0.000000000000  -4.378280273746  -1.108906436609   0.026926004513   0.053648248024   0.064185016934   0.053937053228   0.028357524879
          1      267.000  -4.526849315000   0.000000000000  -4.489892660695  -1.750130586517  -0.001852303093   0.024454157479   0.036812540402   0.033263552278   0.017914405042
          1      268.000  -3.226575342000   0.000000000000  -3.211006275052  -1.600886508893  -0.037065674225   0.011475978279   0.018959402324   0.018246520133   0.009856495703
          1      269.000  -0.726301370000   0.000000000000  -0.750022249861  -0.877524038806  -0.159945807914   0.004914201276   0.009452247255   0.009301451557   0.004807089216
          1      270.000  -0.574890319000   0.000000000000  -0.577834108192  -0.518183193833  -0.113035939161   0.002236356749   0.004480117817   0.004486115946   0.002283480107
          1      271.000  -2.509809070000   0.000000000000  -2.474397273744  -0.655248264547  -0.100954492209   0.000917164933   0.002089063799   0.002144250450   0.001147556939
          1      272.000  -1.422229859000   0.000000000000  -1.421020026232  -0.799215798276  -0.139197682326   0.000392816660   0.000959776006   0.001031087372   0.000605091958
          1      273.000  -3.077715428000   0.000000000000  -3.043209242370  -1.053492523532  -0.172439552983   0.000179800349   0.000446302440   0.000482997846   0.000247844724
          1      274.000  -0.911935924000   0.000000000000  -0.928448306966  -0.883902434568  -0.258765428863   0.000056139421   0.000184808591   0.000198696656   0.000091968288
          1      275.000  -1.368991573000   0.000000000000  -1.356962779247  -0.669607684405  -0.219471477036   0.000022403430   0.000073033880   0.000079792433   0.000039287323
          1      276.000   2.388612021000   0.000000000000   2.150215876388  -0.444680294631  -0.195074677692   0.000004378574   0.000027011814   0.000032539945   0.000019619098
          1      277.000   5.423380462000   0.000000000000   5.251748007850  -0.287380999146  -0.160692621786   0.000001387361   0.000010975424   0.000014908449   0.000012160325
          1      278.000   2.279413977000   0.000000000000   2.239681846667  -0.193067173109  -0.129852908985   0.000001351977   0.000006043836   0.000008905507   0.000009345412
          1      279.000  -1.307617289000   0.380000000000   0.232439205851  -0.145943363622  -0.107658874500  -0.000000003387   0.000003499441   0.000005577493   0.000004352300
          1      280.000  -4.423287671000   0.380000000000   0.005323392741  -0.121361087259  -0.094549206759  -0.000000258895   0.000001275181   0.000001464174   0.000000196966
          1      281.000  -8.923013699000   0.360000000000  -0.011345795546  -0.105899789857  -0.084820737021  -0.000065239991   0.000000322062   0.000000230841  -0.000000236890
          1      282.000 -10.222739730000   0.280000000000  -0.031417832332  -0.095130833627  -0.076750056418  -0.005974321133  -0.000000736103  -0.000000415099  -0.000000411951
          1      283.000 -10.022465750000   0.360000000000  -0.082398563583  -0.087056861469  -0.070553658340  -0.020235027421  -0.000000793628  -0.000000581895  -0.000000483070
          1      284.000 -11.122191780000   0.330000000000  -0.142914013813  -0.080803435087  -0.066762422350  -0.031664162593  -0.000000793634  -0.000000612122  -0.000000496632
          1      285.000  -6.021917808000   0.380000000000  -0.157808321095  -0.075751278131  -0.064631762148  -0.036838106904  -0.000000793650  -0.000000616647  -0.000000505505
          1      286.000  -5.321643836000   0.380000000000  -0.189159829229  -0.071576551537  -0.063181525030  -0.038818069369  -0.000000793680  -0.000000637389  -0.000000578932
          1      287.000  -4.921369863000   0.380000000000  -0.191370738228  -0.068059011955  -0.061911127298  -0.039393809238  -0.000000793743  -0.000000708176  -0.000000728245
          1      288.000  -4.421095890000   0.380000000000  -0.171758694918  -0.065069090800  -0.060661751891  -0.039301634927  -0.000000793866  -0.000000730469  -0.000000740788
          1      289.000  -5.120821918000   0.380000000000  -0.162955657360  -0.062488241545  -0.059402576749  -0.038889919233  -0.000000794093  -0.000000731867  -0.000000741247
          1      290.000 -10.220547950000   0.380000000000  -0.172203629464  -0.060236095423  -0.058141236200  -0.038313397991  -0.000000794504  -0.000000731969  -0.000000741340
          1      291.000 -10.720273970000   0.380000000000  -0.213841626480  -0.058253003399  -0.056891511711  -0.037652501239  -0.000000795245  -0.000000732049  -0.000000741516
          1      292.000  -6.620000000000   0.380000000000  -0.265243938106  -0.056496202451  -0.055665305872  -0.036952629909  -0.000000796589  -0.000000732191  -0.000000741915
          1      293.000  -4.819726027000   0.360000000000  -0.281626177984  -0.054941679403  -0.054471266960  -0.036241728468  -0.000000799061  -0.000000732803  -0.000000743807
          1      294.000  -7.419452055000   0.360000000000  -0.276322237487  -0.053602361933  -0.053315276957  -0.035539419270  -0.000000803698  -0.000000735636  -0.000000750722
          1      295.000  -7.319178082000   0.360000000000  -0.288025246913  -0.052565724404  -0.052201470256  -0.034863084036  -0.000000812575  -0.000000737287  -0.000000752704
          1      296.000  -7.818904110000   0.360000000000  -0.312966570136  -0.052012827107  -0.051133550349  -0.034233060347  -0.000000829796  -0.000000737468  -0.000000752704
          1      297.000  -8.718630137000   0.360000000000  -0.344689050736  -0.052228642587  -0.050116336199  -0.033675229405  -0.000000862865  -0.000000737477  -0.000000752706
          1      298.000  -4.018356164000   0.410000000000  -0.377042231451  -0.053674148272  -0.049157306569  -0.033211291332  -0.000000922989  -0.000000737484  -0.000000752710
          1      299.000  -1.918082192000   0.410000000000  -0.372862268499  -0.057087625581  -0.048267692512  -0.032831109324  -0.000001021410  -0.000000737498  -0.000000752725
          1      300.000  -5.517808219000   0.410000000000  -0.343335236232  -0.063110747396  -0.047462918990  -0.032485702590  -0.000001163629  -0.000000737528  -0.000000752770
          1      301.000  -6.217534247000   0.410000000000  -0.332446243300  -0.071330640964  -0.046763016525  -0.032130740258  -0.000001349201  -0.000000737591  -0.000000752866
          1      302.000  -9.217260274000   0.410000000000  -0.349668287947  -0.080643188689  -0.046192665352  -0.031758595059  -0.000001576423  -0.000000737669  -0.000000752976
          1      303.000 -10.916986300000   0.410000000000  -0.395188275209  -0.090623388529  -0.045780356965  -0.031388385821  -0.000001845469  -0.000000737826  -0.000000753266
          1      304.000 -14.916712330000   0.410000000000  -0.469906110006  -0.102241832706  -0.045559415462  -0.031047978916  -0.000002158998  -0.000000738197  -0.000000754081
          1      305.000 -17.216438360000   0.410000000000  -0.583618248276  -0.118469616027  -0.045577147413  -0.030766090794  -0.000002521930  -0.000000738943  -0.000000755541
          1      306.000  -7.916164384000   0.430000000000  -0.726029066474  -0.145906597978  -0.045926869432  -0.030573258368  -0.000002951396  -0.000000739192  -0.000000757406
          1      307.000  -2.015890411000   0.430000000000  -0.793014734519  -0.191567095933  -0.046851473812  -0.030511865360  -0.000003464433  -0.000000739266  -0.000000761912
          1      308.000  -1.515616438000   0.410000000000  -0.740679070883  -0.239277390770  -0.048997669648  -0.030668679837  -0.000004068799  -0.000000739355  -0.000000773136
          1      309.000  -2.615342466000   0.410000000000  -0.644488289689  -0.265493010418  -0.053499150745  -0.031258087019  -0.000004786595  -0.000000739475  -0.000000802204
          1      310.000  -3.915068493000   0.410000000000  -0.569493757194  -0.272181596195  -0.060952325452  -0.032732140170  -0.000005652097  -0.000000739639  -0.000000880126
          1      311.000 -10.214794520000   0.410000000000  -0.536055003863  -0.269924486422  -0.070335070480  -0.035718727105  -0.000006726215  -0.000000739872  -0.000001092023
          1      312.000  -8.714520548000   0.410000000000  -0.568699349550  -0.268021480630  -0.080134127509  -0.040597627482  -0.000008127045  -0.000000740242  -0.000001667536
          1      313.000  -7.414246575000   0.410000000000  -0.630543492684  -0.274715421528  -0.089844623655  -0.047081850382  -0.000010084586  -0.000000740822  -0.000003302070
          1      314.000  -4.213972603000   0.410000000000  -0.671563893379  -0.290739714080  -0.100093273753  -0.054521215277  -0.000013032248  -0.000000741609  -0.000008810788
          1      315.000  -7.213698630000   0.410000000000  -0.673441390647  -0.309027057026  -0.111837746184  -0.062655263944  -0.000017784827  -0.000000742769  -0.000032112508
          1      316.000 -10.413424660000   0.410000000000  -0.679304724845  -0.323401049260  -0.125309908094  -0.071722575987  -0.000025983012  -0.000000744379  -0.000161938621
          1      317.000 -15.713150680000   0.410000000000  -0.734375072386  -0.338987505183  -0.139505401518  -0.077088847465  -0.000041067265  -0.000000747705  -0.000861178430
          1      318.000 -21.612876710000   0.410000000000  -0.867663523992  -0.368126133168  -0.153659123151  -0.082278171484  -0.000069707313  -0.000000752941  -0.002626954636
          1      319.000 -24.312602740000   0.410000000000  -1.100322973874  -0.430285338331  -0.171020265841  -0.088423066787  -0.000126512001  -0.000000753230  -0.004280693479
          1      320.000 -24.312328770000   0.410000000000  -1.405612644896  -0.548045965810  -0.200561070549  -0.096135309955  -0.000246863614  -0.000000753313  -0.005148162970
          1      321.000 -26.212054790000   0.410000000000  -1.720537661627  -0.719229919426  -0.257777554011  -0.108382545040  -0.000518305818  -0.000000753419  -0.005574048511
          1      322.000 -27.211780820000   0.410000000000  -2.024299559482  -0.916404567326  -0.351075422131  -0.131405596762  -0.001146719773  -0.000000753715  -0.005817253661
          1      323.000 -24.111506850000   0.430000000000  -2.307635605058  -1.119347354867  -0.468068952859  -0.169656994722  -0.002555316218  -0.000000753849  -0.005979405514
          1      324.000 -17.911232880000   0.430000000000  -2.502097068318  -1.295391015173  -0.585894310615  -0.220124092111  -0.005324885982  -0.000000753855  -0.006105977519
          1      325.000 -19.910958900000   0.430000000000  -2.540546044673  -1.397274454783  -0.677572378884  -0.273473582653  -0.009099019556  -0.000000753869  -0.006236956307
          1      326.000 -19.310684930000   0.460000000000  -2.512863959655  -1.431412066873  -0.731587967544  -0.319755699549  -0.012586749019  -0.000000753911  -0.006456873313
          1      327.000 -20.710410960000   0.460000000000  -2.477948374577  -1.441284289198  -0.763602318968  -0.356924487616  -0.014902314333  -0.000000753995  -0.007003913963
          1      328.000 -17.610136990000   0.460000000000  -2.441512777462  -1.440634842591  -0.784692352437  -0.387263432812  -0.016396669094  -0.000000754151  -0.008335127422
          1      329.000  -5.509863014000   0.430000000000  -2.383004799499  -1.432777654651  -0.799710217852  -0.412861173963  -0.017847832944  -0.000000754643  -0.010501986700
          1      330.000  -3.109589041000   0.410000000000  -2.169499495480  -1.375744749412  -0.798070916358  -0.432000155260  -0.019009899639  -0.000000754735  -0.012668523085
          1      331.000  -7.109315068000   0.460000000000  -1.851870141330  -1.249014647794  -0.762475239644  -0.437167416105  -0.020077236430  -0.000000754755  -0.014275318197
          1      332.000 -12.209041100000   0.380000000000  -1.615174143197  -1.115609051617  -0.708374973088  -0.428763612873  -0.021958824800  -0.000000754755  -0.015351518214
          1      333.000 -13.108767120000   0.380000000000  -1.573619063228  -1.037588035331  -0.663487538200  -0.415974124091  -0.028006247464  -0.000000754758  -0.016069998586
          1      334.000 -14.208493150000   0.380000000000  -1.652062309287  -1.031702546674  -0.645784925274  -0.408329347517  -0.038284093388  -0.000000754780  -0.016565466925
          1      335.000 -18.408219180000   0.380000000000  -1.773714841831  -1.069559311753  -0.653233513563  -0.409692066281  -0.043501530648  -0.000000754810  -0.016923682614
          1      336.000 -23.207945210000   0.360000000000  -1.979398711050  -1.148928855731  -0.682415154558  -0.420477578486  -0.046290972584  -0.000000754810  -0.017203573766
          1      337.000 -28.107671230000   0.360000000000  -2.301754166417  -1.291318397997  -0.741860692033  -0.443953978441  -0.048319318070  -0.000000754810  -0.017465292569
          1      338.000 -34.107397260000   0.360000000000  -2.740234309757  -1.510063340613  -0.843496757854  -0.486683052824  -0.050177698122  -0.000000754811  -0.017817392263
          1      339.000 -33.207123290000   0.360000000000  -3.272217004140  -1.806169615602  -0.995196527920  -0.556025454437  -0.054291475276  -0.000000754816  -0.018479782682
          1      340.000 -34.406849320000   0.360000000000  -3.743034247666  -2.119837288112  -1.180974471714  -0.653458682862  -0.062929405832  -0.000000754822  -0.019697168686
          1      341.000 -34.806575340000   0.360000000000  -4.115476503485  -2.391622822812  -1.363307341171  -0.765712539071  -0.070063558842  -0.000000754823  -0.021357963410
          1      342.000 -31.706301370000   0.360000000000  -4.396507338959  -2.615775858299  -1.528396574300  -0.880937009183  -0.079196119575  -0.000000754823  -0.023000960380
          1      343.000 -27.406027400000   0.360000000000  -4.521177672073  -2.765345064213  -1.661905499779  -0.989058681869  -0.094612705898  -0.000000754823  -0.024332310262
          1      344.000 -27.305753420000   0.360000000000  -4.476627779680  -2.815312022471  -1.743976883411  -1.075911249795  -0.120322637605  -0.000000754824  -0.025327941142
          1      345.000 -30.105479450000   0.360000000000  -4.400774289621  -2.811419006932  -1.784278155786  -1.137609157736  -0.168199563339  -0.000000754824  -0.026061112554
          1      346.000 -29.805205480000   0.330000000000  -4.451980944785  -2.839546078393  -1.824803095704  -1.191783577293  -0.223459849230  -0.000000754824  -0.026607227011
          1      347.000 -31.904931510000   0.360000000000  -4.669267832031  -2.961950635160  -1.909652518898  -1.263453034721  -0.274262119043  -0.000000754824  -0.027024111536
          1      348.000 -30.104657530000   0.360000000000  -4.818900348836  -3.096521463039  -2.019313452944  -1.355117155957  -0.342551452572  -0.000000754824  -0.027357077476
          1      349.000 -27.104383560000   0.360000000000  -4.843607353550  -3.172145262942  -2.108658898371  -1.444759185165  -0.404441009983  -0.000000754825  -0.027653705687
          1      350.000  -9.904109589000   0.380000000000  -4.702688158562  -3.169881176837  -2.159104557127  -1.516501572333  -0.476075167253  -0.000000754825  -0.027992142392
          1      351.000  -8.403835616000   0.380000000000  -4.166144806894  -2.977852192889  -2.116397028874  -1.540894685965  -0.546399243418  -0.000000940678  -0.028516746235
          1      352.000 -10.403561640000   0.380000000000  -3.534391921316  -2.650867688579  -1.970482690182  -1.495550828431  -0.598000280620  -0.000023389052  -0.029404773772
          1      353.000 -15.803287670000   0.410000000000  -3.114775856634  -2.369276046327  -1.807961289425  -1.412335821059  -0.604833769141  -0.017678276718  -0.030649883867
          1      354.000 -19.703013700000   0.410000000000  -2.938582192008  -2.200592279890  -1.684756411827  -1.331497219904  -0.618512173250  -0.125368239031  -0.032003394814
          1      355.000 -19.802739730000   0.410000000000  -2.928176023222  -2.134778213796  -1.618323008877  -1.279842948728  -0.615000239173  -0.131191306926  -0.033223199968
          1      356.000 -22.702465750000   0.410000000000  -2.997634712717  -2.138380981018  -1.598085786737  -1.255007021983  -0.615493808794  -0.164241767140  -0.034220653604
          1      357.000 -29.502191780000   0.410000000000  -3.126447365432  -2.185254295497  -1.609949418323  -1.252891356971  -0.616207219668  -0.194403213139  -0.035663579743
          1      358.000 -31.401917810000   0.410000000000  -3.371851018664  -2.294685909711  -1.659019157444  -1.275480397965  -0.641743212215  -0.276610285196  -0.071806376908
          1      359.000 -29.201643840000   0.460000000000  -3.688929221900  -2.471371728883  -1.758140263027  -1.336064743011  -0.693970466100  -0.368497173314  -0.160829305280
          1      360.000 -27.401369860000   0.460000000000  -3.937947885272  -2.657201436787  -1.889066549219  -1.432979841361  -0.770210383945  -0.462900929731  -0.256923893150
          1      361.000 -17.901095890000   0.460000000000  -4.053458615844  -2.792520805443  -2.014830567638  -1.546368959496  -0.868850981515  -0.563748472943  -0.354029969720
          1      362.000 -14.300821920000   0.460000000000  -4.012168280274  -2.853052071411  -2.111646335309  -1.655903307615  -0.982886393625  -0.673044528927  -0.454850603137
          1      363.000 -23.700547950000   0.460000000000  -3.842750912678  -2.829861185486  -2.162264712230  -1.742795492387  -1.099829335355  -0.787087707854  -0.560037357357
          1      364.000 -21.300273970000   0.460000000000  -3.728951384693  -2.792192817904  -2.186488744019  -1.805585387378  -1.206647298686  -0.897974199939  -0.666130442570
          1      365.000 -18.600000000000   0.500000000000  -3.718000705642  -2.802199202197  -2.223999353935  -1.865002002943  -1.300502985479  -1.000133159591  -0.768212627407
