   1.0000000000000000     
  -18.600000000000001     
  -18.599981521226955     
  -18.599963042446493     
  -18.599944563651206     
  -18.599926084833683     
  -18.599907605986512     
  -18.599889127102280     
  -18.599870648173574     
  -18.599852169192989     
  -18.599833690153108     
  -18.599815211046522     
  -18.599796731865823     
  -18.599778252603599     
  -18.599759773252440     
  -18.599741293804932     
  -18.599722814253667     
  -18.599704334591234     
  -18.599685854810225     
  -18.599667374903230     
  -18.599648894862842     
  -18.599630414681656     
  -17.367608454808327     
  -16.102655696920433     
  -14.778596441018502     
  -13.380155861693211     
  -11.903575617905744     
  -10.354476925493096     
  -8.7445314277920048     
  -7.0883149820864437     
  -6.4171492113942783     
  -5.7419831577748184     
  -5.0637606103911175     
  -4.7238505271993665     
  -4.3835220995538542     
  -4.0428885123674405     
  -3.8724993780005548     
  -3.7702494455324347     
  -3.7361640605584756     
  -3.7250524419830833     
  -3.7139394018869156     
  -3.7028241205212029     
  -3.6694615880444563     
  -3.6138096388499812     
  -3.5023320864457643     
  -3.3907029551232810     
  -3.2789617094264321     
  -3.1671479970465355     
  -2.8310010511718398     
  -2.6075098526952347     
  -2.3847256430708992     
  -2.2738614049063419     
  -2.1783149104149304     
  -2.1152694363828526     
  -2.0526861249924271     
  -1.9905896404214976     
  -1.9290050533072862     
  -1.8386951472353368     
  -1.7505224032680413     
  -1.6652298987955207     
  -1.5831390417839062     
  -1.5045939042267014     
  -1.4299584871233901     
  -1.3872582696539342     
  -1.3457556456623150     
  -1.3049744683602440     
  -1.2649344679331227     
  -1.2256556464251751     
  -1.1871582561340079     
  -1.1494627736381529     
  -1.1125898688149090     
  -1.0944709156352381     
  -1.0413890469099782     
  -1.0071090928531152     
 -0.97373550377043983     
 -0.94128922000777959     
 -0.90979103619930402     
 -0.87926150948727577     
 -0.86436829321336117     
 -0.82118472048058266     
 -0.79368020610512713     
 -0.76722189131705432     
 -0.74182727486201516     
 -0.71751275881867826     
 -0.69429344956436889     
 -0.67218294436449844     
 -0.65119310583994772     
 -0.63133382757386181     
 -0.61261279521892376     
 -0.59503524860394119     
 -0.57860375143851317     
 -0.56331797618051349     
 -0.54917451235190939     
 -0.53616670694741964     
 -0.52428454546918668     
 -0.49946739101619353     
 -0.48129035549642885     
 -0.46932136980011446     
 -0.46302790220842938     
 -0.46181097845649677     
 -0.46504301325003533     
 -0.47210284076706444     
 -0.48240328095565710     
 -0.49540935759649846     
 -0.51064764685581576     
 -0.52770858786746233     
 -0.54624397635820898     
 -0.56596163869700844     
 -0.58661880415526269     
 -0.60801519307406648     
 -0.62998642783994541     
 -0.65239807915717019     
 -0.67514046908962211     
 -0.69812423907216026     
 -0.72127663060017355     
 -0.76789840378535845     
 -0.81461270041322109     
 -0.86118952166283458     
 -0.90747459057094415     
 -0.95336320231027694     
 -0.99878312924939405     
  -1.0436834711332283     
  -1.0880273951803225     
  -1.1317874164524058     
  -1.1749423347677113     
  -1.2174752503268982     
  -1.2593722805951819     
  -1.3006217321232509     
  -1.3412135667746063     
  -1.3811390579091625     
  -1.4203905687009646     
  -1.4589614086561138     
  -1.4968457399475723     
  -1.5340385152837781     
  -1.5705354355713599     
  -1.6063329198594121     
  -1.6414280827754799     
  -1.6758187164117713     
  -1.7095032747393633     
  -1.7424808593425762     
  -1.7747512057204495     
  -1.8063146696909862     
  -1.8371722136168147     
  -1.8906897296659333     
  -1.9635869774599191     
  -2.0468462404217878     
  -2.0992669421153498     
  -2.1684144818899171     
  -2.2169011653721862     
  -2.2472314187490152     
  -2.2621206220793191     
  -2.2643557725033054     
  -2.2566699647679558     
  -2.2416360544562801     
  -2.2215832509020985     
  -2.1985386277672943     
  -2.1741937547739201     
  -2.1498949579402535     
  -2.1266542309249492     
  -2.1051766741528799     
  -2.0858996417746365     
  -2.0545982800175344     
  -2.0325865426704994     
  -2.0181440901225431     
  -2.0092192382839360     
  -2.0039866158834698     
  -2.0010537400470212     
  -1.9994603665926862     
  -1.9985871928137497     
  -1.9980731804546987     
  -1.9980023210943012     
  -1.9980000306190728     
  -1.9980000000874500     
  -1.9980000000014289     
  -1.9979999999999374     
  -1.9979999999999367     
  -1.9980000000000033     
