          1        1.000 -13.700000000000   0.430000000000  -6.649650331126  -5.774000000000  -5.484000000000  -5.105000000000  -4.619000000000  -4.262000000000  -3.948000000000
          1        2.000 -11.800000000000   0.430000000000  -6.338956383628  -5.698548611831  -5.461608360284  -5.147300756359  -4.751224919117  -4.487202477833  -4.290797849943
          1        3.000 -10.900000000000   0.430000000000  -6.329360013801  -5.715654710239  -5.492364821923  -5.206192776083  -4.856637392952  -4.621483536733  -4.436330693920
          1        4.000  -8.300000000000   0.430000000000  -6.249792761545  -5.721785826310  -5.523661484473  -5.265044628835  -4.943680361379  -4.722885246585  -4.543856128215
          1        5.000 -12.000000000000   0.410000000000  -6.128594875614  -5.681910546129  -5.515287859010  -5.292815891644  -5.005852405485  -4.800910904180  -4.629360754292
          1        6.000 -14.400000000000   0.410000000000  -6.277492049977  -5.734674074551  -5.551806255433  -5.326570565791  -5.052635648916  -4.859670497954  -4.696265039942
          1        7.000 -15.700000000000   0.410000000000  -6.596667562794  -5.908879043967  -5.683353668803  -5.419621224601  -5.121038899515  -4.922351856986  -4.758219331435
          1        8.000 -16.200000000000   0.410000000000  -6.936357190600  -6.137565087367  -5.872934257813  -5.565265615464  -5.224911889230  -5.006378704939  -4.830840330775
          1        9.000  -3.100000000000   0.410000000000  -7.009206942908  -6.305810951727  -6.045938995533  -5.724198330814  -5.352574191417  -5.111544056445  -4.919299727515
          1       10.000  -3.600000000000   0.410000000000  -6.372932937495  -6.114076685704  -5.975991623193  -5.755256067416  -5.439794430175  -5.206878627882  -5.010105474770
          1       11.000 -13.200000000000   0.410000000000  -5.986187963868  -5.841596104170  -5.771870295776  -5.644459323274  -5.427062828263  -5.239957447858  -5.065936704516
          1       12.000 -25.300000000000   0.410000000000  -6.479348654050  -5.929369658016  -5.774992141475  -5.602842742174  -5.394724087439  -5.233902238481  -5.083627801423
          1       13.000 -25.600000000000   0.410000000000  -7.618840127553  -6.477713222586  -6.141900737441  -5.798807137743  -5.468700750908  -5.271174909370  -5.111199972307
          1       14.000 -30.300000000000   0.380000000000  -8.754821393837  -7.183609848992  -6.700407061789  -6.188661306195  -5.689718153305  -5.408259084780  -5.200201394220
          1       15.000 -28.700000000000   0.410000000000  -9.933812384423  -8.014700998616  -7.394393401851  -6.714505880194  -6.030587139500  -5.643841915619  -5.365147364610
          1       16.000 -29.200000000000   0.410000000000 -10.522350729287  -8.633965048743  -7.991791204406  -7.244723696500  -6.437353779489  -5.955225540358  -5.600268216798
          1       17.000 -23.800000000000   0.430000000000 -10.850450708319  -9.060926223591  -8.434557311861  -7.678767159665  -6.820404723076  -6.280625136890  -5.868460209598
          1       18.000 -19.700000000000   0.430000000000 -10.782739587598  -9.255931925799  -8.697804013631  -7.990818585849  -7.142397524992  -6.580239479294  -6.134414018269
          1       19.000 -20.400000000000   0.480000000000 -10.511532828742  -9.250440604132  -8.778023571568  -8.155399509773  -7.370193911188  -6.822068936376  -6.369471578872
          1       20.000 -15.100000000000   0.480000000000 -10.274378852028  -9.189590415367  -8.778837998310  -8.227682687359  -7.513713102730  -6.997461168452  -6.557282686269
          1       21.000 -13.100000000000   0.500000000000  -9.900638258528  -9.045432606527  -8.707350676715  -8.234437025072  -7.596989923577  -7.119296505770  -6.700587665104
          1       22.000 -22.700000000000   0.480000000000  -9.594334973226  -8.859448282967  -8.576301714213  -8.175820043844  -7.620888690343  -7.189999157322  -6.801176842195
          1       23.000 -24.800000000000   0.480000000000  -9.816026899767  -8.890745901528  -8.570768547194  -8.160592661275  -7.630890383211  -7.230173201825  -6.867809783759
          1       24.000 -27.800000000000   0.460000000000 -10.273395314773  -9.127926925896  -8.740799645099  -8.269130723929  -7.698527436759  -7.291092772585  -6.933649982862
          1       25.000 -31.900000000000   0.430000000000 -10.895403895828  -9.489962571476  -9.025351203409  -8.475461995686  -7.835288535924  -7.397396054985  -7.025282356112
          1       26.000 -31.300000000000   0.410000000000 -11.737622797386 -10.028378525213  -9.460778115937  -8.799161077461  -8.051262530725  -7.559561853364  -7.155165399622
          1       27.000 -27.600000000000   0.410000000000 -12.306509262896 -10.528448188925  -9.916073233989  -9.181966476307  -8.336752049568  -7.782223308912  -7.332702488712
          1       28.000 -25.400000000000   0.480000000000 -12.470534683166 -10.825456263749 -10.237561076523  -9.503323667907  -8.622993123046  -8.028624060085  -7.541343527631
          1       29.000 -22.200000000000   0.460000000000 -12.373053113986 -10.930644948533 -10.399878537471  -9.712077043409  -8.853709541855  -8.252477395618  -7.747769294205
          1       30.000 -22.600000000000   0.460000000000 -12.155245785700 -10.906448478594 -10.439018641877  -9.816014878505  -9.012181460388  -8.429243157979  -7.927009086251
          1       31.000 -10.300000000000   0.430000000000 -11.845622169188 -10.812684108588 -10.407874495545  -9.850181411713  -9.109159598229  -8.556488897200  -8.069579386010
          1       32.000 -11.600000000000   0.410000000000 -11.038858746884 -10.445295460489 -10.175217964383  -9.750837451628  -9.126783332476  -8.627972240838  -8.171099455423
          1       33.000 -10.200000000000   0.410000000000 -10.410010741067 -10.025662585391  -9.842280554813  -9.532124880529  -9.040502193023  -8.618442872087  -8.212137605853
          1       34.000  -7.900000000000   0.410000000000  -9.901288488065  -9.660312489316  -9.532195599717  -9.298702899309  -8.906672526275  -8.552760991500  -8.199012716613
          1       35.000 -17.200000000000   0.410000000000  -9.564947800993  -9.346841665505  -9.247476960674  -9.066902863983  -8.752957634032  -8.456805729286  -8.150849728376
          1       36.000 -27.700000000000   0.410000000000  -9.992623248351  -9.378835993894  -9.188395562878  -8.951896088088  -8.632512010435  -8.361514028518  -8.087737216236
          1       37.000 -24.000000000000   0.410000000000 -10.913789267742  -9.817543336922  -9.471397865822  -9.082934290818  -8.644879764772  -8.336530044771  -8.056206524056
          1       38.000 -27.600000000000   0.410000000000 -11.508904754599 -10.252644577594  -9.833922589847  -9.344142905211  -8.786253513094  -8.412329375710  -8.094454765248
          1       39.000 -29.700000000000   0.410000000000 -12.098620276998 -10.669797107247 -10.191287864027  -9.626808024441  -8.979332085739  -8.548268420757  -8.189344795421
          1       40.000 -26.600000000000   0.410000000000 -12.631418565432 -11.095459223687 -10.569445264067  -9.939215061212  -9.209018317491  -8.723459478327  -8.323192921610
          1       41.000 -26.300000000000   0.410000000000 -12.871604136802 -11.391149019291 -10.868793768459 -10.221448469769  -9.446852320447  -8.920757487721  -8.484305152376
          1       42.000 -25.400000000000   0.410000000000 -13.000831091453 -11.584189871417 -11.078240381906 -10.438762979814  -9.655103706383  -9.110075759115  -8.651016986376
          1       43.000 -34.900000000000   0.410000000000 -13.239142742870 -11.769261309344 -11.258441423313 -10.618724003714  -9.833119040071  -9.280249845706  -8.809020654677
          1       44.000 -37.600000000000   0.410000000000 -14.014442869518 -12.208219266635 -11.603630116235 -10.881449772614 -10.032992950075  -9.453136544154  -8.964514205969
          1       45.000 -35.300000000000   0.410000000000 -14.816919989012 -12.787601678822 -12.097236350764 -11.272552966502 -10.315374747447  -9.676551172366  -9.149347299746
          1       46.000 -31.600000000000   0.460000000000 -15.240021431660 -13.241255982368 -12.538027081624 -11.671678445073 -10.641256451250  -9.946448194264  -9.374036907825
          1       47.000 -27.900000000000   0.460000000000 -15.236732881643 -13.452860265109 -12.802107860972 -11.966928290003 -10.933769339833 -10.214948462813  -9.612611338143
          1       48.000 -12.400000000000   0.460000000000 -14.854636208839 -13.419262233341 -12.864893815632 -12.114791239912 -11.141667636837 -10.436455619864  -9.829416751472
          1       49.000  -6.500000000000   0.410000000000 -13.708126905206 -12.955941247734 -12.599200280986 -12.035171389085 -11.215686215067 -10.572693080047  -9.993006831575
          1       50.000  -1.300000000000   0.410000000000 -12.238775637773 -12.130456189233 -11.991849220702 -11.669561865110 -11.090638792634 -10.569307557902 -10.060915892593
          1       51.000  -3.200000000000   0.410000000000 -10.929330388592 -11.234446320695 -11.256443498534 -11.139721099188 -10.799509589566 -10.421631830992 -10.012469710649
          1       52.000  -9.900000000000   0.410000000000 -10.196717931414 -10.542699861069 -10.617830061254 -10.608792980443 -10.434836892627 -10.180102685932  -9.869911205383
          1       53.000 -14.300000000000   0.410000000000 -10.147056843518 -10.232779063409 -10.254556511116 -10.234129776589 -10.110648734701  -9.924537108730  -9.685452673079
          1       54.000 -15.800000000000   0.410000000000 -10.424663481325 -10.218052874178 -10.153024063472 -10.059319780459  -9.899012012904  -9.724610386643  -9.517065686772
          1       55.000 -12.300000000000   0.410000000000 -10.642867085392 -10.295335975048 -10.173540217849 -10.014237770648  -9.794180452067  -9.601359025015  -9.396285134315
          1       56.000  -3.800000000000   0.410000000000 -10.428682186735 -10.228397408974 -10.129821072534  -9.972704574874  -9.734941061453  -9.529028279016  -9.319096750048
          1       57.000  -8.300000000000   0.410000000000  -9.810754510848  -9.893344815478  -9.882920266183  -9.808101229935  -9.632975971136  -9.450142086232  -9.251918105055
          1       58.000  -2.800000000000   0.410000000000  -9.426806847097  -9.581016750457  -9.604448143098  -9.580956899561  -9.471804172946  -9.330059302604  -9.160899079508
          1       59.000  -3.500000000000   0.480000000000  -8.917086191099  -9.229537905835  -9.303813585862  -9.337129300114  -9.289648850508  -9.187087034005  -9.048786232157
          1       60.000  -7.800000000000   0.380000000000  -8.600057774369  -8.916392682818  -9.008579981785  -9.078412299294  -9.085921478928  -9.023518939102  -8.918346624640
          1       61.000 -23.400000000000   0.410000000000  -8.995323983146  -8.900397705843  -8.902043635348  -8.915102343974  -8.910063489801  -8.863502819328  -8.781135236731
          1       62.000 -10.000000000000   0.410000000000  -9.843523411365  -9.308681104035  -9.153821131403  -9.006187302550  -8.868693196248  -8.775570249320  -8.679487403590
          1       63.000  -3.800000000000   0.410000000000  -9.673389576759  -9.406048761450  -9.287808418903  -9.126192676717  -8.922793456390  -8.777840983530  -8.646757938860
          1       64.000 -16.600000000000   0.410000000000  -9.230705402074  -9.176620859620  -9.139354735087  -9.056754484474  -8.906771032527  -8.769749878986  -8.632235629270
          1       65.000 -22.400000000000   0.410000000000  -9.667641272880  -9.253521479690  -9.137462838243  -9.009583261687  -8.853250615079  -8.725444892517  -8.595928142894
          1       66.000 -15.000000000000   0.410000000000 -10.332377180072  -9.619124317943  -9.394136304218  -9.150359633891  -8.892632390559  -8.723994593729  -8.576354760491
          1       67.000  -7.800000000000   0.410000000000 -10.310031923296  -9.772800613617  -9.568120776630  -9.307614470771  -8.994734990307  -8.782342605670  -8.602638848109
          1       68.000 -22.600000000000   0.410000000000 -10.041861989227  -9.660799623344  -9.518112724768  -9.317055286249  -9.041140662593  -8.829989386472  -8.639903957661
          1       69.000 -27.600000000000   0.410000000000 -10.696521489929  -9.889417898800  -9.645073157590  -9.373744218859  -9.066618551527  -8.851285508296  -8.659930923178
          1       70.000 -27.600000000000   0.410000000000 -11.628100900680 -10.427679910724 -10.049471273110  -9.636348419587  -9.200249434817  -8.927181311659  -8.704993483869
          1       71.000 -30.700000000000   0.410000000000 -12.381752909041 -10.976738846550 -10.517276858950  -9.996991902847  -9.433378162209  -9.083650139640  -8.808954813887
          1       72.000 -33.900000000000   0.410000000000 -13.139428617834 -11.530266101396 -10.999085917025 -10.388668010628  -9.715709024553  -9.293711554231  -8.963400042635
          1       73.000 -35.100000000000   0.410000000000 -13.931409657628 -12.123391038583 -11.520108690260 -10.819358425897 -10.037929327830  -9.544053345796  -9.157078961327
          1       74.000 -31.800000000000   0.410000000000 -14.569208824158 -12.681412097906 -12.035281912703 -11.266973155334 -10.391073177613  -9.828725530134  -9.385095999684
          1       75.000 -24.300000000000   0.410000000000 -14.757701425346 -13.035915181589 -12.418154771329 -11.648833406811 -10.732685599563 -10.123743905781  -9.633605431689
          1       76.000 -14.900000000000   0.410000000000 -14.319267862251 -13.030963559416 -12.529430130975 -11.853568223382 -10.989105189407 -10.379467176705  -9.869809869610
          1       77.000 -10.000000000000   0.410000000000 -13.372294600354 -12.642498917451 -12.314218105209 -11.810020828454 -11.091615543929 -10.538570714761 -10.049041894493
          1       78.000 -15.800000000000   0.410000000000 -12.484323805314 -12.099884156072 -11.907448206365 -11.569644399168 -11.030405007647 -10.571946217544 -10.137614516238
          1       79.000 -19.100000000000   0.410000000000 -12.237118423401 -11.789105510342 -11.609960052109 -11.329596405124 -10.895664959160 -10.516804951625 -10.143334340565
          1       80.000 -19.700000000000   0.380000000000 -12.390083265886 -11.751182375721 -11.525240914847 -11.220587427102 -10.799702459796 -10.453517073520 -10.116818928518
          1       81.000 -21.700000000000   0.410000000000 -12.663141793062 -11.863048694153 -11.585199024312 -11.231559638141 -10.777296635307 -10.428511686723 -10.102095633936
          1       82.000 -22.400000000000   0.410000000000 -12.884855995997 -12.003818032870 -11.694837783493 -11.303680449112 -10.811358896475 -10.446390420893 -10.114936989684
          1       83.000 -19.200000000000   0.430000000000 -13.019440353663 -12.125422236427 -11.804273166816 -11.392537185264 -10.873108132454 -10.492131479160 -10.151199612530
          1       84.000 -19.900000000000   0.410000000000 -12.956596568774 -12.147428939567 -11.847841334354 -11.449813539023 -10.932309921370 -10.546213303308 -10.199424976742
          1       85.000 -12.200000000000   0.430000000000 -12.791837765293 -12.102678119832 -11.833996763529 -11.463380036986 -10.967008034340 -10.588370258801 -10.244021621047
          1       86.000 -21.300000000000   0.410000000000 -12.421084010359 -11.905927261097 -11.699630403182 -11.394374490600 -10.956517359901 -10.603774764091 -10.273059998711
          1       87.000 -19.900000000000   0.410000000000 -12.568951710955 -11.892907382481 -11.654393296326 -11.340100396268 -10.920735687173 -10.589837903176 -10.277607909222
          1       88.000 -20.300000000000   0.430000000000 -12.721011604238 -11.976381499341 -11.711240529518 -11.368513008268 -10.926928204503 -10.591976766065 -10.283173842971
          1       89.000 -20.000000000000   0.430000000000 -12.820514530833 -12.050740248295 -11.774673763013 -11.417151509786 -10.958647347324 -10.615316875112 -10.302923080015
          1       90.000 -19.000000000000   0.430000000000 -12.860605151246 -12.102205584603 -11.826191604291 -11.464687853269 -10.998066996506 -10.648809416780 -10.332390280540
          1       91.000 -18.900000000000   0.430000000000 -12.831726944243 -12.112882965515 -11.847726547985 -11.494685508015 -11.032263780180 -10.682779141692 -10.365040299488
          1       92.000 -21.300000000000   0.430000000000 -12.842086031753 -12.119136277434 -11.857155681977 -11.510461971325 -11.055986910009 -10.710516736576 -10.394833574127
          1       93.000 -17.300000000000   0.430000000000 -12.923664917823 -12.173754354105 -11.901111711136 -11.544593870362 -11.083974229825 -10.737707405181 -10.422740318453
          1       94.000 -17.900000000000   0.460000000000 -12.799231565510 -12.147034052045 -11.899562208592 -11.561931925179 -11.111540965258 -10.767318105357 -10.452700242018
          1       95.000 -22.400000000000   0.460000000000 -12.722362782760 -12.093103921357 -11.860289762615 -11.543224776270 -11.115851796305 -10.783439146757 -10.475569101183
          1       96.000 -23.400000000000   0.460000000000 -12.888557969214 -12.146976330286 -11.887255747143 -11.552948939641 -11.121467986875 -10.793236675657 -10.490851909850
          1       97.000 -19.600000000000   0.460000000000 -13.092006270945 -12.275360490278 -11.986736115747 -11.620509982165 -11.160015731447 -10.820293300821 -10.513591333213
          1       98.000 -18.400000000000   0.500000000000 -13.076760875660 -12.327429391455 -12.050463675918 -11.685295150977 -11.214273217748 -10.864451016035 -10.550088460521
          1       99.000 -12.400000000000   0.500000000000 -12.891651978114 -12.273516004013 -12.032092491969 -11.697245004631 -11.246657528034 -10.901800239132 -10.587376482015
          1      100.000 -14.400000000000   0.500000000000 -12.494208371097 -12.080178729341 -11.902088590790 -11.629837414054 -11.233459546592 -10.912055242738 -10.609494392719
          1      101.000 -13.100000000000   0.500000000000 -12.193796131473 -11.867492986509 -11.727176148302 -11.505830480389 -11.169494097416 -10.883079380107 -10.603547178435
          1      102.000 -12.000000000000   0.500000000000 -11.939795922365 -11.679909473293 -11.564448808673 -11.377129866484 -11.085006934271 -10.829143107988 -10.573491123203
          1      103.000 -13.600000000000   0.500000000000 -11.702355243204 -11.495134046998 -11.401361037705 -11.243918833922 -10.990369241319 -10.761648218137 -10.528240714417
          1      104.000 -13.200000000000   0.500000000000 -11.572817057437 -11.357480603567 -11.267204530991 -11.122680509828 -10.894031703443 -10.686844308299 -10.472980782139
          1      105.000 -14.300000000000   0.500000000000 -11.488243848550 -11.259671618512 -11.167682583940 -11.026373230188 -10.809182528233 -10.615221650482 -10.415481550245
          1      106.000 -17.100000000000   0.500000000000 -11.488897672545 -11.206979521779 -11.102928719187 -10.954780188957 -10.738902431212 -10.551811131620 -10.361332959122
          1      107.000 -17.300000000000   0.500000000000 -11.623023968574 -11.236677052518 -11.102507389489 -10.927809028348 -10.693990587066 -10.503697536107 -10.315876379283
          1      108.000 -15.900000000000   0.500000000000 -11.749421651850 -11.303224106874 -11.145605717413 -10.943228477682 -10.681794048110 -10.479246463149 -10.286493708937
          1      109.000 -14.600000000000   0.500000000000 -11.759907492715 -11.330866321694 -11.172508827730 -10.962215560544 -10.685734789059 -10.472653385786 -10.272992127797
          1      110.000  -4.600000000000   0.500000000000 -11.575765893062 -11.270709296923 -11.140406778590 -10.949531010228 -10.681505263170 -10.467909547907 -10.265872891595
          1      111.000   3.500000000000   0.500000000000 -10.884076889555 -10.956118838151 -10.928582985038 -10.828050910897 -10.627727963333 -10.439345876803 -10.248664605226
          1      112.000  -4.500000000000   0.500000000000  -9.941292339594 -10.390269735384 -10.492176875470 -10.532044565048 -10.466004040979 -10.342970408870 -10.190271535066
          1      113.000  -2.100000000000   0.500000000000  -9.453848320247  -9.934031703733 -10.072754781813 -10.184571744823 -10.224121450538 -10.172903437449 -10.073126983543
          1      114.000   0.600000000000   0.500000000000  -9.078971324728  -9.597259485088  -9.751387535182  -9.893165993683  -9.985488581010  -9.980707116577  -9.923317438025
          1      115.000  -0.300000000000   0.500000000000  -8.638217083574  -9.246795039490  -9.432092796669  -9.612921471229  -9.754565211660  -9.787140309648  -9.763578787987
          1      116.000  -2.300000000000   0.500000000000  -8.302645558971  -8.927882221745  -9.128054659849  -9.336821308328  -9.521592208495  -9.588573964311  -9.596133035523
          1      117.000  -6.900000000000   0.500000000000  -8.176698630804  -8.713575961056  -8.897286530406  -9.103223853686  -9.304683907515  -9.394230771217  -9.426271975748
          1      118.000 -11.200000000000   0.500000000000  -8.333848478430  -8.663899121565  -8.792600719347  -8.954304512125  -9.132428848770  -9.223988424284  -9.267659162428
          1      119.000 -11.100000000000   0.500000000000  -8.678863750223  -8.773391760496  -8.827581890438  -8.914790561209  -9.030873107447  -9.100120645855  -9.138040382865
          1      120.000  -8.800000000000   0.500000000000  -8.939778584548  -8.917977067736  -8.923486844835  -8.948640943583  -8.996667814252  -9.030502184785  -9.049026708341
          1      121.000  -9.100000000000   0.500000000000  -9.003537498810  -8.985220085559  -8.981516960850  -8.982879431335  -8.991192088849  -8.996467806847  -8.994274164097
          1      122.000  -8.000000000000   0.500000000000  -8.997391910407  -8.994505451030  -8.992317053796  -8.988662941361  -8.981765978083  -8.971890020453  -8.955948152338
          1      123.000   1.400000000000   0.000000000000  -0.258819602739  -7.974111102347  -8.587326918856  -8.865040184638  -8.943009540378  -8.940668225873  -8.920666504689
          1      124.000   1.600000000000   0.000000000000   1.393873740358  -3.920372973875  -5.288670937981  -6.706040550472  -7.930646836335  -8.433351773097  -8.662848128216
          1      125.000  -6.900000000000   0.000000000000  -6.851305145910  -5.482452671774  -5.534405319539  -6.055499179188  -7.002772724297  -7.635370785123  -8.064422435514
          1      126.000  -7.600000000000   0.000000000000  -7.589312452802  -7.011459550578  -6.886520336305  -6.891240568262  -7.139138187331  -7.442151603491  -7.736071394439
          1      127.000  -7.200000000000   0.000000000000  -7.201655529260  -7.235225315583  -7.239233992823  -7.271325164092  -7.384809260621  -7.531774610121  -7.695601677280
          1      128.000   4.000000000000   0.000000000000   3.580516062876  -3.929388581573  -5.156236252625  -6.276567592382  -7.110055620398  -7.448162967286  -7.649110657109
          1      129.000   6.300000000000   0.000000000000   6.031985994887  -2.479093993359  -3.659660050982  -4.950641606488  -6.204038058912  -6.856550874883  -7.274200758585
          1      130.000   3.900000000000   0.000000000000   3.780845097151  -1.868548068385  -2.916873481865  -4.143129563745  -5.453050694597  -6.220264871537  -6.764355234793
          1      131.000  -1.200000000000   0.000000000000  -1.107686969444  -1.661573063800  -2.556679202493  -3.653482689718  -4.902800685791  -5.689646120728  -6.285306908588
          1      132.000   1.100000000000   0.000000000000   0.950378506478  -1.714241626409  -2.436518307010  -3.374453622070  -4.514667854602  -5.275176326701  -5.878619365574
          1      133.000   4.400000000000   0.000000000000   4.189789348185  -1.620716057363  -2.337826880696  -3.213975064408  -4.257660110936  -4.970136397912  -5.554273029493
          1      134.000   0.600000000000   0.000000000000   0.583090197009  -1.401749850438  -2.117715096564  -2.992795300521  -4.018897696521  -4.712791491765  -5.284333638618
          1      135.000  -0.300000000000   0.000000000000  -0.253577765445  -1.369995020068  -2.009713440498  -2.818272369946  -3.799086320691  -4.475203730190  -5.038329370889
          1      136.000   8.700000000000   0.000000000000   8.406245948142  -1.240783555279  -1.903722985317  -2.690975413965  -3.624372290075  -4.273558591337  -4.821523685326
          1      137.000   8.700000000000   0.000000000000   8.523027837647  -0.829214425985  -1.588063662430  -2.461625154118  -3.432717163850  -4.082012218136  -4.624360614982
          1      138.000  11.200000000000   0.000000000000  10.978873093423  -0.528272132798  -1.319459979338  -2.214692588511  -3.209455919440  -3.871274337242  -4.421180041947
          1      139.000  13.700000000000   0.000000000000  13.501468400652   0.055121647838  -0.893982029714  -1.905896582096  -2.966695502222  -3.649928059960  -4.212193366643
          1      140.000   8.800000000000   0.000000000000   8.720647288632   0.307570552298  -0.658135140253  -1.645147924870  -2.714655361697  -3.414466431653  -3.992345833498
          1      141.000   9.000000000000   0.000000000000   8.890394822696   0.560781393313  -0.518005983849  -1.459510123048  -2.501354710389  -3.197512661392  -3.779544504077
          1      142.000  11.300000000000   0.000000000000  11.152857031661   1.003178892973  -0.347618056610  -1.296352513556  -2.319760227743  -3.006012044763  -3.584764343866
          1      143.000   7.700000000000   0.000000000000   7.644246760076   1.682404459069  -0.229675575043  -1.143998986922  -2.151851505874  -2.830131442399  -3.404858467641
          1      144.000   5.400000000000   0.000000000000   5.361571014682   1.216468397859  -0.201785117051  -1.044192058553  -2.009368015857  -2.672098808338  -3.239067292278
          1      145.000   6.800000000000   0.000000000000   6.720350402231   1.281321635918  -0.189591042997  -0.975551183975  -1.895380502183  -2.537122591305  -3.091524302319
          1      146.000   6.700000000000   0.000000000000   6.632111237613   1.349088410887  -0.174570292941  -0.921587554934  -1.801927177832  -2.422042745898  -2.961828048908
          1      147.000   5.600000000000   0.000000000000   5.550772733684   1.193112550432  -0.160345451583  -0.875375096811  -1.722018227277  -2.321934834636  -2.847002696208
          1      148.000   8.800000000000   0.000000000000   8.686953353904   1.594299467566  -0.146910931684  -0.835293734163  -1.651936036481  -2.233199133359  -2.744114556305
          1      149.000   7.100000000000   0.000000000000   7.039899867237   1.550760403570  -0.126569039438  -0.797576678447  -1.589118957613  -2.153405232082  -2.650969907691
          1      150.000   0.400000000000   0.000000000000   0.445081623029   0.502543163457  -0.114212201566  -0.762497896824  -1.531369910230  -2.080390092629  -2.565637881121
          1      151.000   3.400000000000   0.000000000000   3.344039946890   0.531049818196  -0.119401358856  -0.734415833682  -1.478886436494  -2.013300569773  -2.486886275601
          1      152.000  -0.900000000000   0.000000000000  -0.789406566746   0.094620902470  -0.128209584188  -0.713686212737  -1.432729234915  -1.952390146329  -2.414386817336
          1      153.000  -0.600000000000   0.000000000000  -0.577934609980  -0.004290396696  -0.142906765873  -0.698844080268  -1.392647534262  -1.897651303734  -2.348081109305
          1      154.000   0.000000000000   0.000000000000  -0.039222066866  -0.005108545218  -0.159432092133  -0.687856828067  -1.358104540962  -1.848775155900  -2.287755091084
          1      155.000  -0.800000000000   0.000000000000  -0.769603392595  -0.006703172016  -0.208082854565  -0.685515980950  -1.328692763583  -1.805145942438  -2.232842770234
          1      156.000  -1.500000000000   0.000000000000  -1.462914544137  -0.008753010701  -0.275490023008  -0.699157520865  -1.307354274271  -1.767909139642  -2.183642552007
          1      157.000   1.400000000000   0.000000000000   1.244740325553  -0.013476313130  -0.316727546602  -0.719123231940  -1.295367690100  -1.738538584548  -2.141154752185
          1      158.000   3.600000000000   0.000000000000   3.470758905142  -0.023443674847  -0.337521152642  -0.734473866432  -1.288663804313  -1.715724586417  -2.105259815892
          1      159.000   7.900000000000   0.000000000000   7.720551021575  -0.040432558207  -0.352598333261  -0.744595682213  -1.282857174815  -1.696376024450  -2.074115964132
          1      160.000   9.700000000000   0.000000000000   9.565340263733   0.103071750841  -0.331228510629  -0.746769932131  -1.276092154229  -1.678388196298  -2.045828225222
          1      161.000   8.800000000000   0.000000000000   8.704899914548   1.076520932979  -0.187385161269  -0.715971508480  -1.262610573016  -1.658734085450  -2.018414252559
          1      162.000  10.800000000000   0.000000000000  10.674671928391   2.051626392682  -0.126237948441  -0.662808259923  -1.232309965798  -1.630358644593  -1.987342678653
          1      163.000   2.100000000000   0.000000000000   2.141954680617   0.955950756046  -0.099435613320  -0.622460693531  -1.194659885911  -1.594117955574  -1.950475593576
          1      164.000   7.000000000000   0.000000000000   6.893690500915   1.161213686334  -0.088461365583  -0.591620772424  -1.158067180203  -1.556061172119  -1.910928660221
          1      165.000  12.400000000000   0.000000000000  12.235786357700   2.441617512740  -0.042245897793  -0.564159637698  -1.124525390189  -1.519095859420  -1.871300133140
          1      166.000  15.900000000000   0.000000000000  15.719631946917   3.683853035800   0.016922920600  -0.530260802887  -1.091801315268  -1.483245807436  -1.832485955841
          1      167.000  14.200000000000   0.000000000000  14.077005382081   3.734193888220   0.073701814843  -0.493850193088  -1.057656714635  -1.447048329806  -1.793872145686
          1      168.000  11.300000000000   0.000000000000  11.218930394251   3.549854126531   0.723496520796  -0.451302792945  -1.022266408842  -1.410168996499  -1.755017682529
          1      169.000  14.800000000000   0.000000000000  14.639034782389   4.042029772153   0.840441822575  -0.411732474828  -0.984824682287  -1.372061761876  -1.715569774600
          1      170.000  13.900000000000   0.000000000000  13.784830564734   4.510818740360   1.338745453759  -0.372180076227  -0.947844225267  -1.333682955073  -1.675753099416
          1      171.000  13.900000000000   0.000000000000  13.779841538893   4.512375401128   1.377850883656  -0.334813906579  -0.910956191456  -1.295427330163  -1.636028036538
          1      172.000  19.400000000000   0.000000000000  19.189053475899   5.879851406810   2.097860899071  -0.295595494674  -0.875251662052  -1.257798699556  -1.596705237162
          1      173.000  20.300000000000   0.000000000000  20.123505901892   7.103416860594   2.928510655291  -0.197621744402  -0.838024552144  -1.220227445494  -1.557794390844
          1      174.000  18.100000000000   0.000000000000  17.974545021711   7.212809353227   3.394943811007   0.278593824452  -0.779959628792  -1.174907267056  -1.516002365690
          1      175.000  18.200000000000   0.000000000000  18.058494565486   7.216370868323   3.594275543525   0.662743886319  -0.685961685552  -1.108040217585  -1.462066615948
          1      176.000  18.400000000000   0.000000000000  18.258307921731   7.472158865908   3.893323906604   1.017146555870  -0.570452290649  -1.022097212406  -1.393255647879
          1      177.000  15.600000000000   0.000000000000  15.509994180918   7.117825518053   3.976023184862   1.318437525994  -0.433032131251  -0.920827508530  -1.311691713234
          1      178.000  15.300000000000   0.000000000000  15.193367247215   6.794355536537   3.907055501613   1.478322088479  -0.261993839601  -0.798092787291  -1.215155799829
          1      179.000   9.900000000000   0.000000000000   9.882243016178   5.648066635306   3.553399840628   1.559983166569  -0.147561804719  -0.682214227283  -1.112480183454
          1      180.000  12.000000000000   0.000000000000  11.900160408125   5.226633864076   3.149500602926   1.412655989046  -0.097599919602  -0.607635761502  -1.029359532742
          1      181.000  17.400000000000   0.000000000000  17.225043375553   6.634034882740   3.756742028464   1.665256769138  -0.057440111703  -0.550185653786  -0.963099593794
          1      182.000  16.700000000000   0.000000000000  16.586153208678   7.554376088956   4.531276064559   2.150338166634   0.002671590662  -0.500895701381  -0.907366598906
          1      183.000  14.000000000000   0.000000000000  13.930822105047   7.190567612227   4.607953131217   2.377381300596   0.169938020234  -0.449923326888  -0.853792695296
          1      184.000  15.400000000000   0.000000000000  15.285412144460   7.164998848548   4.569343533175   2.438640195387   0.322145185701  -0.397701479380  -0.800787291390
          1      185.000  11.200000000000   0.000000000000  11.168080588171   6.499442392338   4.423343312555   2.521885497612   0.549736679238  -0.347300445762  -0.750184918695
          1      186.000  12.700000000000   0.000000000000  12.607138379861   6.173090202154   4.118836548594   2.386394262089   0.619502541769  -0.304787482175  -0.703536207219
          1      187.000  15.100000000000   0.000000000000  14.977736737299   6.842596425144   4.408424588620   2.519270647415   0.732552824677  -0.264895335378  -0.659458028395
          1      188.000  19.200000000000   0.000000000000  19.031111686053   8.249195645682   5.179242401025   2.923467801041   0.927912723504  -0.228631567176  -0.620631066355
          1      189.000  10.600000000000   0.000000000000  10.615375115064   7.338241319224   5.264376119650   3.261328442086   1.183017631312  -0.191180867215  -0.581163262888
          1      190.000   5.600000000000   0.000000000000   5.628221158437   5.010109691895   4.046878802555   2.801060218247   1.195278936221  -0.146228490695  -0.539987377828
          1      191.000   5.500000000000   0.000000000000   5.480199927202   3.750901725634   3.002451926846   2.129782713701   0.970221038369  -0.117500383358  -0.504022900510
          1      192.000   5.300000000000   0.000000000000   5.276159453326   3.269866672426   2.499406236479   1.725193174753   0.787094698512  -0.094644128739  -0.473184169592
          1      193.000   4.500000000000   0.000000000000   4.484856572714   2.857147551973   2.169285888650   1.487177308677   0.693950191317  -0.081942573777  -0.448546433905
          1      194.000   4.800000000000   0.000000000000   4.771078239553   2.667089554425   1.958301895577   1.321186870735   0.615962844502  -0.074674999855  -0.429808384633
          1      195.000   6.800000000000   0.000000000000   6.738608085517   3.060365704377   2.057838670971   1.303375845954   0.586751595559  -0.069600826159  -0.414803020684
          1      196.000   8.200000000000   0.000000000000   8.132507780554   3.710963528541   2.428684793061   1.484065006027   0.647232186334  -0.065048271353  -0.402129938598
          1      197.000   6.800000000000   0.000000000000   6.770243682375   3.774212430539   2.629455663210   1.668896371309   0.741505605584  -0.059323411959  -0.390500140264
          1      198.000  11.800000000000   0.000000000000  11.675759608113   4.745006645267   3.020862737910   1.831000334657   0.805620419383  -0.052628094338  -0.379053461108
          1      199.000  11.500000000000   0.000000000000  11.425243768980   5.607303572229   3.707862249222   2.266729391505   1.006372281264  -0.038188887786  -0.366513325162
          1      200.000  14.200000000000   0.000000000000  14.081973684941   6.455779460056   4.258928837199   2.640638461258   1.223363666866  -0.020456092950  -0.350589999386
          1      201.000  10.100000000000   0.000000000000  10.077396353647   6.228143229460   4.490104668155   2.952865303993   1.440901983013   0.003931391505  -0.333191629870
          1      202.000   8.600000000000   0.000000000000   8.569843471266   5.393011930646   4.081306872828   2.837664565279   1.467763874642   0.024492198605  -0.314301734097
          1      203.000  12.100000000000   0.000000000000  11.995708804730   5.767891405334   4.052581563590   2.720253436328   1.411667430657   0.115961321504  -0.296706912470
          1      204.000   9.300000000000   0.000000000000   9.272038916805   5.682048851265   4.170082075429   2.836856121872   1.492534421757   0.162587178075  -0.275390842281
          1      205.000   5.700000000000   0.000000000000   5.710117361286   4.535425482639   3.649320575226   2.668276523614   1.507458585936   0.260916699059  -0.253951747992
          1      206.000   6.200000000000   0.000000000000   6.168180926869   3.890458072564   3.092130924633   2.303818670745   1.348111074623   0.250972087589  -0.237171240436
          1      207.000   7.400000000000   0.000000000000   7.348484983802   3.987546454661   2.970721332906   2.122599063208   1.227608975551   0.264412311264  -0.222081805839
          1      208.000   6.300000000000   0.000000000000   6.276274933965   3.870669639585   2.925836937864   2.081409017146   1.192007745285   0.267687438748  -0.207535747221
          1      209.000   6.900000000000   0.000000000000   6.856667987728   3.813209391948   2.837921884292   2.018361237163   1.174486993651   0.298750944063  -0.195542121380
          1      210.000   5.500000000000   0.000000000000   5.484697705919   3.563258853190   2.739878802370   1.977148104023   1.157625228103   0.299998697437  -0.185731438398
          1      211.000   4.500000000000   0.000000000000   4.489161749834   3.090300392551   2.460401241281   1.830169480013   1.098562889899   0.293088378515  -0.176993803322
          1      212.000   6.400000000000   0.000000000000   6.346951386275   3.232515524627   2.381937865438   1.708454839525   1.019506609757   0.287240898531  -0.169366485285
          1      213.000  12.800000000000   0.000000000000  12.654716316803   4.883565064983   3.084647035076   1.949022120292   1.070217007807   0.295954193765  -0.161955610338
          1      214.000   8.400000000000   0.000000000000   8.387005717639   5.190222033128   3.702905207206   2.458886714758   1.341784330125   0.372708826942  -0.153806786757
          1      215.000  12.700000000000   0.000000000000  12.582158666530   5.751382545626   3.957621576081   2.663701570621   1.522412066247   0.472910495032  -0.143715107774
          1      216.000  13.300000000000   0.000000000000  13.209810046504   6.665463459137   4.619200480015   3.083110791470   1.744297914909   0.546779290890  -0.133941235369
          1      217.000  10.050000000000   0.000000000000  10.024117553420   6.350607373082   4.756030580158   3.350905386427   1.968670765483   0.668014791284  -0.121515436482
          1      218.000  10.050000000000   0.000000000000   9.997932636896   5.943708675861   4.537097326093   3.313370515509   2.046293295490   0.764316005054  -0.103258142433
          1      219.000  10.050000000000   0.000000000000   9.996656711499   5.872818250158   4.467151760063   3.270610025513   2.043237634944   0.781219075829  -0.089473367947
          1      220.000  10.050000000000   0.000000000000   9.996293923946   5.850250854697   4.443152544267   3.255961601340   2.053373989999   0.840180115657  -0.069181092975
          1      221.000   6.800000000000   0.000000000000   6.800869786734   5.136159239484   4.162163562212   3.171106716055   2.055737744965   0.878024939566  -0.054932382341
          1      222.000   7.900000000000   0.000000000000   7.853360658719   4.770702027960   3.795001845904   2.922305854704   1.944578091756   0.867711466140  -0.042124856539
          1      223.000   2.500000000000   0.000000000000   2.550916868105   3.594826490938   3.256795471745   2.660666668007   1.822133722463   0.841907181137  -0.023758386482
          1      224.000   2.300000000000   0.000000000000   2.305458436483   2.493780682756   2.405031558133   2.114834028422   1.556007506330   0.769850619893  -0.014388590528
          1      225.000   7.900000000000   0.000000000000   7.803762844968   3.303378763140   2.419606893482   1.851751641378   1.301444137152   0.649088712571  -0.007085668820
          1      226.000  10.100000000000   0.000000000000  10.013608757635   4.609216686179   3.139763124989   2.139940020083   1.334542342399   0.621145816276  -0.001615020683
          1      227.000  10.600000000000   0.000000000000  10.528441228335   5.352865499634   3.744865469952   2.558066703711   1.559315307761   0.712643376134   0.003023632117
          1      228.000   7.500000000000   0.000000000000   7.488846965368   5.026450936713   3.855823598363   2.806806002779   1.779013163504   0.829277073105   0.009426621620
          1      229.000   2.300000000000   0.000000000000   2.351240241650   3.493997674914   3.189005981309   2.609914803591   1.797046976540   0.880344150293   0.017736549042
          1      230.000   2.300000000000   0.000000000000   2.303326755501   2.434418903023   2.352440232906   2.080956781677   1.552953158965   0.806854335139   0.026057813640
          1      231.000   2.000000000000   0.000000000000   2.002677108887   1.993841890591   1.890768040010   1.671013816792   1.266470827669   0.677268937440   0.053109915723
          1      232.000   1.600000000000   0.000000000000   1.603664512785   1.632257293818   1.545560201813   1.364601938386   1.038088078517   0.563178531659   0.045274553303
          1      233.000   4.200000000000   0.000000000000   4.154095323868   1.963622066182   1.511752115355   1.199108494795   0.871188501100   0.465182194098   0.034712017755
          1      234.000   7.600000000000   0.000000000000   7.518291533289   3.062993301842   2.016848538913   1.363443234486   0.867849887678   0.429459895523   0.029432756268
          1      235.000   5.500000000000   0.000000000000   5.485386127526   3.324925482866   2.414830386689   1.677424276584   1.031661811840   0.486588730298   0.035360257653
          1      236.000   3.900000000000   0.000000000000   3.897443873213   2.839668893904   2.275960991667   1.723810937098   1.134716206711   0.556597031763   0.045979491778
          1      237.000   6.800000000000   0.000000000000   6.734417445461   3.189003248726   2.324235765902   1.707517042362   1.139646178031   0.574604714407   0.051752251605
          1      238.000  11.200000000000   0.000000000000  11.085084278911   4.617555821650   3.034886776027   2.019545931113   1.249063848124   0.607173560396   0.058064333662
          1      239.000   9.500000000000   0.000000000000   9.455347451360   5.223907956925   3.697865350469   2.524451966692   1.535615744995   0.727599252189   0.076253137803
          1      240.000   2.400000000000   0.000000000000   2.465119943004   3.723482426644   3.277869754834   2.582373511549   1.722396848645   0.858248015809   0.105030750200
          1      241.000   2.800000000000   0.000000000000   2.796276550052   2.585630206958   2.431033728974   2.118789338055   1.580638668286   0.871749541701   0.158846251098
          1      242.000   2.600000000000   0.000000000000   2.597369284844   2.242843998494   2.046584614616   1.774116735141   1.349145315399   0.767281298975   0.146674709867
          1      243.000  -0.200000000000   0.000000000000  -0.103419098649   1.413966750624   1.554460169073   1.451345194615   1.137017772674   0.655872382071   0.130028283444
          1      244.000   0.000000000000   0.000000000000  -0.019012451914   0.795007815093   1.002000224852   1.034620272195   0.874396629908   0.527617367483   0.109737739262
          1      245.000   3.600000000000   0.000000000000   3.547050639542   1.343337272618   1.008622453108   0.835211243357   0.661372845092   0.399010790209   0.086407103501
          1      246.000   3.750000000000   0.000000000000   3.724548461115   1.895050672977   1.344596039038   0.958507156658   0.641182822212   0.348565634711   0.073806875248
          1      247.000   3.900000000000   0.000000000000   3.875451835259   2.081897601867   1.515135200308   1.084739510059   0.706164164777   0.368084724449   0.074912661304
          1      248.000   3.100000000000   0.000000000000   3.091271628290   2.005642852797   1.552333564815   1.156799712215   0.768740646884   0.402146020106   0.080266216156
          1      249.000   3.400000000000   0.000000000000   3.379829536622   1.974344498860   1.528112274166   1.159464850417   0.790919663643   0.421764529665   0.084067837597
          1      250.000   5.100000000000   0.000000000000   5.053623072607   2.386475980691   1.702574564256   1.225963476785   0.815451672701   0.432032134958   0.085865233852
          1      251.000   2.100000000000   0.000000000000   2.119493213894   2.064304680976   1.706569181919   1.309367451024   0.879153985227   0.460980741605   0.090682868396
          1      252.000   0.900000000000   0.000000000000   0.914642973311   1.356005421564   1.307142922050   1.133252380790   0.836491564349   0.462815151413   0.092928546720
          1      253.000  -1.600000000000   0.000000000000  -1.542402103050   0.660850237497   0.839279097713   0.846169626587   0.690987671044   0.406242937519   0.084721988762
          1      254.000  -1.000000000000   0.000000000000  -0.974608967169   0.339785377754   0.509619458399   0.567290614766   0.502163138419   0.312154594959   0.068285269709
          1      255.000   0.600000000000   0.000000000000   0.476724726319   0.199731907132   0.322209940519   0.373777320725   0.343658461292   0.220346864432   0.050352887945
          1      256.000   0.700000000000   0.000000000000   0.647887699214   0.124061280833   0.207941429888   0.246108616812   0.230334926897   0.149998252895   0.035313412704
          1      257.000   1.400000000000   0.000000000000   1.341672487450   0.077500553981   0.134768519451   0.161759158504   0.152895768998   0.100290341522   0.023635038793
          1      258.000   0.200000000000   0.000000000000   0.196532691897   0.049641517685   0.087588946976   0.105925801090   0.100643991583   0.065954518334   0.014598929255
          1      259.000   0.200000000000   0.000000000000   0.194042093054   0.031755127708   0.056880857175   0.069033134640   0.065478013708   0.041904680593   0.005996463303
          1      260.000  -1.400000000000   0.000000000000  -1.341441789896   0.019611108053   0.036172151620   0.044070923279   0.041459696027   0.025754830547   0.002928589773
          1      261.000  -1.600000000000   0.000000000000  -1.562454126241   0.010331475938   0.022234166074   0.027655998867   0.026029663103   0.015908371715   0.001244753978
          1      262.000  -3.600000000000   0.000000000000  -3.525800480710   0.003662201406   0.011580876647   0.015918538434   0.015687783014   0.009789752161   0.001068369939
          1      263.000  -3.600000000000   0.000000000000  -3.562410094307  -0.042960729039   0.001347211798   0.006464232482   0.008304387074   0.005734642794   0.000841547242
          1      264.000  -4.200000000000   0.000000000000  -4.157830666260  -1.133240403268   0.000289652373   0.002781172031   0.003749654210   0.002583139183  -0.000017652312
          1      265.000  -3.900000000000   0.000000000000  -3.864881278992  -1.109574011106  -0.000069833396   0.000999018020   0.001504816231   0.001035351719  -0.000095723440
          1      266.000  -5.400000000000   0.000000000000  -5.344200970763  -1.604823492236  -0.430973631491   0.000404399104   0.000574860302   0.000403568089  -0.003027229566
          1      267.000  -5.500000000000   0.000000000000  -5.456014828641  -2.210989160385  -1.059728817371  -0.062500951309   0.000043435785   0.000076162049  -0.009538436181
          1      268.000  -4.200000000000   0.000000000000  -4.176988128857  -2.073462788059  -1.202841693014  -0.118633883099   0.000002375625   0.000009701630  -0.011162883420
          1      269.000  -1.700000000000   0.000000000000  -1.709255823009  -1.344877659886  -0.926453145668  -0.228821656822   0.000000556460   0.000004997072  -0.011768667050
          1      270.000  -1.800000000000   0.000000000000  -1.789499743386  -1.016800612986  -0.708615036084  -0.258597229752   0.000000431608   0.000003696027  -0.012759685069
          1      271.000  -4.000000000000   0.000000000000  -3.958407254342  -1.552183542571  -0.901496125075  -0.276583352789  -0.000000074217  -0.000000297923  -0.018391404436
          1      272.000  -3.300000000000   0.000000000000  -3.282348384053  -1.742631668147  -1.128405392859  -0.357754583220  -0.000000120380  -0.000000417465  -0.026539962110
          1      273.000  -5.400000000000   0.000000000000  -5.352114023739  -2.374261517906  -1.454880763092  -0.458724668369  -0.000000728296  -0.000000570094  -0.030572953831
          1      274.000  -3.600000000000   0.000000000000  -3.588577978594  -2.184830634139  -1.528646524006  -0.607901921601  -0.000000728309  -0.000000651829  -0.032400792419
          1      275.000  -4.200000000000   0.000000000000  -4.171102021701  -2.188925902243  -1.506020148586  -0.658746678589  -0.000000728493  -0.000000708951  -0.033418251201
          1      276.000  -0.300000000000   0.000000000000  -0.356655936553  -1.272914869156  -1.109956131993  -0.653494906058  -0.000000750244  -0.000000744057  -0.034686738063
          1      277.000   3.100000000000   0.000000000000   2.919605457620  -0.637923460686  -0.666984142980  -0.528354774204  -0.000001023123  -0.000000749994  -0.039187781442
          1      278.000   0.400000000000   0.000000000000   0.389137766216  -0.424775807055  -0.481457197032  -0.432858082410  -0.000008259732  -0.000000750134  -0.045696589074
          1      279.000  -2.800000000000   0.380000000000  -0.008868948665  -0.331244554344  -0.386758015226  -0.370270886881  -0.000408051816  -0.000000750789  -0.049706851276
          1      280.000  -5.400000000000   0.380000000000  -0.014749128541  -0.280173502739  -0.330686738852  -0.327102408462  -0.030925416879  -0.000000753454  -0.051874763020
          1      281.000  -9.900000000000   0.360000000000  -0.026293363790  -0.247343873656  -0.293179685537  -0.295402180386  -0.043767868018  -0.000000754012  -0.053158618953
          1      282.000 -11.200000000000   0.280000000000  -0.057128587604  -0.223809428463  -0.265808069336  -0.271163956392  -0.040507483472  -0.000000754082  -0.054307519831
          1      283.000 -11.000000000000   0.360000000000  -0.128688834854  -0.205939934849  -0.244758092564  -0.251917728945  -0.037644797410  -0.000000754090  -0.057249673180
          1      284.000 -12.100000000000   0.330000000000  -0.190453220225  -0.191914517764  -0.227964987591  -0.236057331347  -0.049648762601  -0.000000754172  -0.062531911408
          1      285.000  -7.000000000000   0.380000000000  -0.323078747400  -0.181172285526  -0.214271718811  -0.222682504456  -0.054897152354  -0.000000754447  -0.066779186446
          1      286.000  -6.300000000000   0.380000000000  -0.423872726726  -0.177655289019  -0.203774178573  -0.211316224029  -0.053647946867  -0.000000754754  -0.069403873985
          1      287.000  -5.900000000000   0.380000000000  -0.477494590960  -0.191226155416  -0.199172555819  -0.201708084119  -0.051121251717  -0.000000754755  -0.071035516315
          1      288.000  -5.400000000000   0.380000000000  -0.516692663213  -0.221158079583  -0.203337123748  -0.193915204619  -0.049145152605  -0.000000754756  -0.072206527562
          1      289.000  -6.100000000000   0.380000000000  -0.551360826840  -0.256181553500  -0.215022163542  -0.188155153966  -0.051496692931  -0.000000754765  -0.073896902000
          1      290.000 -11.200000000000   0.380000000000  -0.601204739872  -0.289037659151  -0.230220414033  -0.184474301641  -0.055499434313  -0.000000754809  -0.077639046276
          1      291.000 -11.700000000000   0.380000000000  -0.716183336750  -0.323717207098  -0.247077946996  -0.182665404785  -0.056511200150  -0.000000754809  -0.081928156612
          1      292.000  -7.600000000000   0.380000000000  -0.854931105969  -0.373646971197  -0.269919028456  -0.182592367452  -0.055834906577  -0.000000754809  -0.085080083915
          1      293.000  -5.800000000000   0.360000000000  -0.920973504804  -0.432810621588  -0.301636394061  -0.184655295712  -0.054589290295  -0.000000754809  -0.087169482926
          1      294.000  -8.400000000000   0.360000000000  -0.922787329893  -0.474719662346  -0.331876574043  -0.189257579463  -0.053255294693  -0.000000754810  -0.088589197392
          1      295.000  -8.300000000000   0.360000000000  -0.942695138448  -0.498825024597  -0.352867921616  -0.195599170268  -0.052293927269  -0.000000754810  -0.089774239084
          1      296.000  -8.800000000000   0.360000000000  -0.979832073033  -0.520549460747  -0.369610249878  -0.202437042819  -0.052688166522  -0.000000754815  -0.091757331149
          1      297.000  -9.700000000000   0.360000000000  -1.023335974184  -0.543640780989  -0.386042006378  -0.209370721249  -0.054689754079  -0.000000754828  -0.095256082963
          1      298.000  -5.000000000000   0.410000000000  -1.064509194444  -0.568883723117  -0.403406229168  -0.216528508924  -0.056736440595  -0.000000754853  -0.098802485553
          1      299.000  -2.900000000000   0.410000000000  -1.036663778693  -0.585067704670  -0.418592922781  -0.224060709237  -0.058112053780  -0.000000754939  -0.101478732690
          1      300.000  -6.500000000000   0.410000000000  -0.956502607248  -0.578173632748  -0.423164346775  -0.231292348722  -0.059036033395  -0.000000755220  -0.103355768380
          1      301.000  -7.200000000000   0.410000000000  -0.903038923493  -0.558747605075  -0.417832220435  -0.236838136406  -0.059796954525  -0.000000756165  -0.104672150410
          1      302.000 -10.200000000000   0.410000000000  -0.897016095091  -0.544917588065  -0.411278248286  -0.240304444930  -0.060563457872  -0.000000759489  -0.105612322457
          1      303.000 -11.900000000000   0.410000000000  -0.938580064249  -0.544258269382  -0.409429356037  -0.242558654368  -0.061429545567  -0.000000772033  -0.106309411819
          1      304.000 -15.900000000000   0.410000000000  -1.025149377244  -0.561656774410  -0.416127457112  -0.244846496764  -0.062568167228  -0.000000824410  -0.106904084412
          1      305.000 -18.200000000000   0.410000000000  -1.165187054261  -0.601548807325  -0.434730043658  -0.248498883955  -0.064472573790  -0.000001059438  -0.107710143676
          1      306.000  -8.900000000000   0.430000000000  -1.336520761802  -0.668794065664  -0.469559346105  -0.255079181650  -0.067467388302  -0.000002113761  -0.109465696256
          1      307.000  -3.000000000000   0.430000000000  -1.394768299239  -0.735782594261  -0.513356557115  -0.266177497007  -0.070841571010  -0.000007785157  -0.112658674040
          1      308.000  -2.500000000000   0.410000000000  -1.288320493537  -0.749978730608  -0.537380617893  -0.280312189815  -0.073928389156  -0.000058019111  -0.116421457407
          1      309.000  -3.600000000000   0.410000000000  -1.125212169075  -0.714321439823  -0.531347690610  -0.292078982708  -0.076751503629  -0.000815399466  -0.119761953735
          1      310.000  -4.900000000000   0.410000000000  -0.995305840969  -0.663752662477  -0.509503325717  -0.298184764983  -0.079566517354  -0.004546506001  -0.122580852968
          1      311.000 -11.200000000000   0.410000000000  -0.926751308478  -0.620722370521  -0.485989799996  -0.299437260518  -0.082486952980  -0.007255834932  -0.125388864732
          1      312.000  -9.700000000000   0.410000000000  -0.950175012815  -0.598668924299  -0.469685972710  -0.298169930456  -0.085433963668  -0.008211829535  -0.128071267297
          1      313.000  -8.400000000000   0.410000000000  -1.014027904929  -0.603872931230  -0.467003999241  -0.296930745826  -0.088413862138  -0.008653765157  -0.130282430390
          1      314.000  -5.200000000000   0.410000000000  -1.052055086995  -0.621132857457  -0.474445277936  -0.297596000803  -0.091978537763  -0.008940023035  -0.131994107296
          1      315.000  -8.200000000000   0.410000000000  -1.040714937787  -0.631617746958  -0.482460238260  -0.300251048885  -0.096290973038  -0.009290807733  -0.133309432145
          1      316.000 -11.400000000000   0.410000000000  -1.033880125050  -0.631840299891  -0.485432769674  -0.303587394633  -0.100236860697  -0.010917810104  -0.134387326203
          1      317.000 -16.700000000000   0.410000000000  -1.087096061654  -0.639112465304  -0.489242725353  -0.306796797480  -0.103877450466  -0.020009793207  -0.135817457577
          1      318.000 -22.600000000000   0.410000000000  -1.231910563596  -0.672628254864  -0.504400393471  -0.310923928172  -0.110180195691  -0.042530304275  -0.139884828132
          1      319.000 -25.300000000000   0.410000000000  -1.485209496512  -0.752713216132  -0.543711322724  -0.318786741235  -0.122359689048  -0.072481894398  -0.150005452465
          1      320.000 -25.300000000000   0.410000000000  -1.805443409534  -0.888005030594  -0.618153287047  -0.335160718546  -0.139518578376  -0.104724503278  -0.166981472333
          1      321.000 -27.200000000000   0.410000000000  -2.115010952133  -1.054086856692  -0.722097381055  -0.365440609648  -0.159686048300  -0.136719048598  -0.188918677429
          1      322.000 -28.200000000000   0.410000000000  -2.392245349499  -1.220946155790  -0.837995338246  -0.411897358937  -0.182692698769  -0.167552717966  -0.213442460478
          1      323.000 -25.100000000000   0.430000000000  -2.634913433386  -1.380320898960  -0.957485926307  -0.473703800223  -0.210492410149  -0.197912884327  -0.239088876426
          1      324.000 -18.900000000000   0.430000000000  -2.784807776167  -1.514235504864  -1.070739441760  -0.548945846662  -0.246913509165  -0.229966456893  -0.265751050015
          1      325.000 -20.900000000000   0.430000000000  -2.788919121933  -1.590848026195  -1.157211412612  -0.631527643620  -0.296933560244  -0.267293850340  -0.294737247970
          1      326.000 -20.300000000000   0.460000000000  -2.748853656464  -1.625155470036  -1.215991756469  -0.713568212995  -0.363891826086  -0.314232490230  -0.328659667085
          1      327.000 -21.700000000000   0.460000000000  -2.722705698473  -1.657015677582  -1.270336069537  -0.796195661465  -0.445815290984  -0.373511807269  -0.370580816573
          1      328.000 -18.600000000000   0.460000000000  -2.711690028252  -1.694922259125  -1.328900419597  -0.882642908014  -0.537496121845  -0.444358200144  -0.422244095498
          1      329.000  -6.500000000000   0.430000000000  -2.692042542170  -1.738500184445  -1.393327933475  -0.973341232536  -0.634534288298  -0.523907325729  -0.483262420797
          1      330.000  -4.100000000000   0.410000000000  -2.523746388057  -1.739742652865  -1.438263911109  -1.060954758891  -0.733587046495  -0.609104114069  -0.551909461896
          1      331.000  -8.100000000000   0.460000000000  -2.253130100463  -1.672731979946  -1.435731519672  -1.126494817381  -0.827698419638  -0.695783589282  -0.625571086414
          1      332.000 -13.200000000000   0.380000000000  -2.068388165440  -1.599034253861  -1.412080704457  -1.165787005989  -0.906883886645  -0.776922303205  -0.699728990129
          1      333.000 -14.100000000000   0.380000000000  -2.095072247928  -1.588041335371  -1.412810028928  -1.195571327729  -0.969118859471  -0.847281933868  -0.769222714862
          1      334.000 -15.200000000000   0.380000000000  -2.251252676587  -1.656998448693  -1.463749616127  -1.238447507196  -1.023024876807  -0.908283699080  -0.832009801061
          1      335.000 -19.400000000000   0.380000000000  -2.448246076351  -1.768935402778  -1.550816078856  -1.302478780685  -1.079936902397  -0.966349585274  -0.890373756724
          1      336.000 -24.200000000000   0.360000000000  -2.731755326455  -1.926107363741  -1.672423536516  -1.389405860246  -1.146792504044  -1.027678924518  -0.948457022289
          1      337.000 -29.100000000000   0.360000000000  -3.136738662222  -2.153533728327  -1.846464616566  -1.509338536737  -1.229976772265  -1.097564684927  -1.010404094384
          1      338.000 -35.100000000000   0.360000000000  -3.660061144959  -2.462833648535  -2.087026840756  -1.676459073774  -1.339386284113  -1.182997314701  -1.081227993364
          1      339.000 -34.200000000000   0.360000000000  -4.279412310456  -2.856526620742  -2.402480108353  -1.903955143633  -1.487238479632  -1.293257758983  -1.167729330080
          1      340.000 -35.400000000000   0.360000000000  -4.842709172390  -3.279581326392  -2.766134473774  -2.190526384619  -1.683332520218  -1.438119715354  -1.278072890708
          1      341.000 -35.800000000000   0.360000000000  -5.328674510453  -3.686505312500  -3.137451102005  -2.510084029912  -1.922235618389  -1.620347646174  -1.417984964873
          1      342.000 -32.700000000000   0.360000000000  -5.749015971869  -4.072305427217  -3.503234089330  -2.842122303120  -2.188640845658  -1.832950168179  -1.586383907783
          1      343.000 -28.400000000000   0.360000000000  -6.031318917235  -4.400827396379  -3.835758144612  -3.164857057462  -2.466393122505  -2.065133847979  -1.777297521371
          1      344.000 -28.300000000000   0.360000000000  -6.154126755325  -4.636049386379  -4.099933249574  -3.447991296705  -2.734077405271  -2.301944343394  -1.980876919544
          1      345.000 -31.100000000000   0.360000000000  -6.248090092092  -4.813145958516  -4.305818846882  -3.681543353178  -2.973875259778  -2.527148200447  -2.184310612147
          1      346.000 -30.800000000000   0.330000000000  -6.464656864749  -5.011914278613  -4.507872113123  -3.892241620399  -3.188713536513  -2.734996771210  -2.378915651541
          1      347.000 -32.900000000000   0.360000000000  -6.834813216474  -5.292347019614  -4.762521006802  -4.123677483091  -3.401017888284  -2.935023662218  -2.566344171378
          1      348.000 -31.100000000000   0.360000000000  -7.126061279061  -5.575563601207  -5.034867098083  -4.377081397188  -3.626729500117  -3.141011690873  -2.755444720865
          1      349.000 -28.100000000000   0.360000000000  -7.287619889956  -5.795155403254  -5.266782874305  -4.613589777790  -3.851991813455  -3.350490975928  -2.948468689505
          1      350.000 -10.900000000000   0.380000000000  -7.273416253807  -5.926809848630  -5.434471667588  -4.809564582834  -4.058308678198  -3.551345048048  -3.138679630588
          1      351.000  -9.400000000000   0.380000000000  -6.837170473622  -5.842771674468  -5.448369250632  -4.911414182127  -4.218222649676  -3.726462731526  -3.314990041955
          1      352.000 -11.400000000000   0.380000000000  -6.284545327579  -5.593139642750  -5.303905327177  -4.882943535091  -4.293861794136  -3.847047807343  -3.457212743461
          1      353.000 -16.800000000000   0.410000000000  -5.924799884607  -5.360959761475  -5.130670995329  -4.791550774061  -4.298721188016  -3.907190773730  -3.552765307819
          1      354.000 -20.700000000000   0.410000000000  -5.803448491604  -5.234283185232  -5.017217469027  -4.711759340325  -4.277688115068  -3.930604545380  -3.610859211996
          1      355.000 -20.800000000000   0.410000000000  -5.846324289281  -5.211193724218  -4.981858035066  -4.676788602015  -4.265655828075  -3.945031876144  -3.650531162949
          1      356.000 -23.700000000000   0.410000000000  -5.963561530755  -5.258314656017  -5.009202002059  -4.689238798536  -4.277807771905  -3.967987549013  -3.687753392658
          1      357.000 -30.500000000000   0.410000000000  -6.140452519265  -5.352676208768  -5.080040814152  -4.738689236016  -4.315117487607  -4.005968224684  -3.731364180199
          1      358.000 -32.400000000000   0.410000000000  -6.442350228092  -5.519740437328  -5.208208324881  -4.829941059036  -4.379306441390  -4.061753595820  -3.785591354618
          1      359.000 -30.200000000000   0.460000000000  -6.817230489152  -5.758014374821  -5.400778810215  -4.973287205067  -4.478641506337  -4.141662269669  -3.855650269534
          1      360.000 -28.400000000000   0.460000000000  -7.117973387615  -6.000086183393  -5.615210617954  -5.149761157044  -4.610656640237  -4.248266964192  -3.945788584553
          1      361.000 -18.900000000000   0.460000000000  -7.280821293157  -6.184353232892  -5.797884187354  -5.320281044413  -4.755224428687  -4.371952598132  -4.052672746234
          1      362.000 -15.300000000000   0.460000000000  -7.276268756271  -6.280666713907  -5.917986907773  -5.455484802886  -4.889574417710  -4.496706587948  -4.166160564305
          1      363.000 -24.700000000000   0.460000000000  -7.129118927708  -6.275243099681  -5.955220733102  -5.532574654495  -4.993445627816  -4.606188131799  -4.273916772949
          1      364.000 -22.300000000000   0.460000000000  -7.029601747455  -6.242056038363  -5.950627076419  -5.563778993494  -5.060803405719  -4.690052662330  -4.365433976009
          1      365.000 -19.600000000000   0.500000000000  -7.022699438105  -6.246244266781  -5.962799319791  -5.590965844436  -5.110477119853  -4.754719101097  -4.440298884188
