   1.0000000000000000     
  -19.600000000000001     
  -19.599984929178675     
  -19.599969858350008     
  -19.599954787506658     
  -19.599939716641281     
  -19.599924645746533     
  -19.599909574815079     
  -19.599894503839572     
  -19.599879432812678     
  -19.599864361727054     
  -19.599849290575357     
  -19.599834219350246     
  -19.599819148044389     
  -19.599804076650440     
  -19.599789005161060     
  -19.599773933568908     
  -19.599758861866643     
  -19.599743790046929     
  -19.599728718102426     
  -19.599713646025794     
  -19.599698573809700     
  -18.594874380715751     
  -17.557432179666364     
  -16.461474651842192     
  -15.291937020664108     
  -14.045169109419533     
  -12.726765496620208     
  -11.348204580975972     
  -9.9236729001274746     
  -9.3450942749360557     
  -8.7624161600562331     
  -8.1765266163874930     
  -7.8827017590809909     
  -7.5883960897465279     
  -7.2937141434221289     
  -7.1462707822975906     
  -7.0577781424708075     
  -7.0282767700488487     
  -7.0188402072477638     
  -7.0094027418711109     
  -6.9999631506981412     
  -6.9716307982596941     
  -6.9243684882112824     
  -6.8296966521028928     
  -6.7348706205863227     
  -6.6399200962443485     
  -6.5448740125629197     
  -6.2592103271473727     
  -6.0688739342418501     
  -6.0124000340341111     
  -5.9842117646852229     
  -5.8998389276682639     
  -5.8437817760733299     
  -5.7878913021225307     
  -5.7053858298979128     
  -5.6232499454739235     
  -5.5415610015418917     
  -5.4603615177841984     
  -5.3796937511583476     
  -5.2995997870536309     
  -5.2518398003165894     
  -5.2043578962589043     
  -5.1571285976378771     
  -5.1101602604435445     
  -5.0634611411193369     
  -5.0170393950677363     
  -4.9709030742237017     
  -4.9250601238007103     
  -4.8795183783134428     
  -4.8342855569794008     
  -4.8117883696621009     
  -4.7447741104342782     
  -4.7005131258795441     
  -4.6565906829422836     
  -4.6130138403794998     
  -4.5697895063304683     
  -4.5269244319509232     
  -4.5056295894790237     
  -4.4422957379018513     
  -4.4005472614017149     
  -4.3591833571005187     
  -4.3182099000234784     
  -4.2776325733070184     
  -4.2374568633889904     
  -4.1976880555841882     
  -4.1583312300701198     
  -4.1193912583032146     
  -4.0808727998809964     
  -4.0427802998614659     
  -4.0051179865467743     
  -3.9678898697344618     
  -3.9310997394359561     
  -3.8947511650587381     
  -3.8588474950455574     
  -3.7710433295271031     
  -3.6860824263680838     
  -3.6039991338348676     
  -3.5248195297168912     
  -3.4485617174450671     
  -3.3752361879847950     
  -3.3048462331850175     
  -3.2373883964605619     
  -3.1728529473834812     
  -3.1112243678442999     
  -3.0524818388073722     
  -2.9965997182275377     
  -2.9435480023307870     
  -2.8932927641151553     
  -2.8457965645372933     
  -2.8010188333652493     
  -2.7589162180605649     
  -2.7194429002753289     
  -2.6825508805945812     
  -2.6481902330123535     
  -2.5869106076234440     
  -2.5351191259946879     
  -2.4923658858668531     
  -2.4581866664207377     
  -2.4321065746044201     
  -2.4136433506046089     
  -2.4023105512908396     
  -2.3976207338679245     
  -2.3990886760631946     
  -2.4062346028929902     
  -2.4185873471264632     
  -2.4356873503870005     
  -2.4570894107791839     
  -2.4823650957948615     
  -2.5111047605013956     
  -2.5429191357019079     
  -2.5774404750376516     
  -2.6143232713002398     
  -2.6532445691377360     
  -2.6939039134206366     
  -2.7360229799935785     
  -2.7793449389881237     
  -2.8236336011089533     
  -2.8686723951597806     
  -2.9142632213119510     
  -2.9602252198889127     
  -3.0063934902620710     
  -3.0526177892170114     
  -3.1358691135683081     
  -3.2577070991320500     
  -3.4099723338375085     
  -3.5141316711187836     
  -3.6669701703905764     
  -3.7931759828320843     
  -3.8939427290422230     
  -3.9714458519278946     
  -4.0283639537372649     
  -4.0675918132413091     
  -4.0920511398584676     
  -4.1045576159892612     
  -4.1077263768390688     
  -4.1039078430811502     
  -4.0951493341419773     
  -4.0831787817886696     
  -4.0694068267238555     
  -4.0549433729861439     
  -4.0264503339235409     
  -4.0023420285890250     
  -3.9838173430470047     
  -3.9705770363887738     
  -3.9616492957437419     
  -3.9559090942764255     
  -3.9523460914038195     
  -3.9501617120271306     
  -3.9484523192645278     
  -3.9480263936104252     
  -3.9480006512609345     
  -3.9480000034341440     
  -3.9480000000353566     
  -3.9480000000001896     
  -3.9480000000000128     
  -3.9480000000000040     
