7300
1	0.4945
2	0.4945
3	0.4945
4	0.4945
5	0.4715
6	0.4715
7	0.4715
8	0.4715
9	0.4715
10	0.4715
11	0.4715
12	0.4715
13	0.4715
14	0.437
15	0.4715
16	0.4715
17	0.4945
18	0.4945
19	0.552
20	0.552
21	0.575
22	0.552
23	0.552
24	0.529
25	0.4945
26	0.4715
27	0.4715
28	0.552
29	0.529
30	0.529
31	0.4945
32	0.4715
33	0.4715
34	0.4715
35	0.4715
36	0.4715
37	0.4715
38	0.4715
39	0.4715
40	0.4715
41	0.4715
42	0.4715
43	0.4715
44	0.4715
45	0.4715
46	0.529
47	0.529
48	0.529
49	0.4715
50	0.4715
51	0.4715
52	0.4715
53	0.4715
54	0.4715
55	0.4715
56	0.4715
57	0.4715
58	0.4715
59	0.552
60	0.437
61	0.41
62	0.41
63	0.41
64	0.41
65	0.41
66	0.41
67	0.41
68	0.41
69	0.41
70	0.41
71	0.41
72	0.41
73	0.41
74	0.41
75	0.41
76	0.41
77	0.41
78	0.41
79	0.41
80	0.38
81	0.41
82	0.41
83	0.43
84	0.41
85	0.43
86	0.41
87	0.41
88	0.43
89	0.43
90	0.43
91	0.43
92	0.43
93	0.43
94	0.46
95	0.46
96	0.46
97	0.46
98	0.5
99	0.5
100	0.5
101	0.5
102	0.5
103	0.5
104	0.5
105	0.5
106	0.5
107	0.5
108	0.5
109	0.5
110	0.5
111	0
112	0.5
113	0.5
114	0
115	0.5
116	0.5
117	0.5
118	0.5
119	0.5
120	0.5
121	0.5
122	0.5
123	0
124	0
125	0
126	0
127	0
128	0
129	0
130	0
131	0
132	0
133	0
134	0
135	0
136	0
137	0
138	0
139	0
140	0
141	0
142	0
143	0
144	0
145	0
146	0
147	0
148	0
149	0
150	0
151	0
152	0
153	0
154	0
155	0
156	0
157	0
158	0
159	0
160	0
161	0
162	0
163	0
164	0
165	0
166	0
167	0
168	0
169	0
170	0
171	0
172	0
173	0
174	0
175	0
176	0
177	0
178	0
179	0
180	0
181	0
182	0
183	0
184	0
185	0
186	0
187	0
188	0
189	0
190	0
191	0
192	0
193	0
194	0
195	0
196	0
197	0
198	0
199	0
200	0
201	0
202	0
203	0
204	0
205	0
206	0
207	0
208	0
209	0
210	0
211	0
212	0
213	0
214	0
215	0
216	0
217	0
218	0
219	0
220	0
221	0
222	0
223	0
224	0
225	0
226	0
227	0
228	0
229	0
230	0
231	0
232	0
233	0
234	0
235	0
236	0
237	0
238	0
239	0
240	0
241	0
242	0
243	0
244	0
245	0
246	0
247	0
248	0
249	0
250	0
251	0
252	0
253	0
254	0
255	0
256	0
257	0
258	0
259	0
260	0
261	0
262	0
263	0
264	0
265	0
266	0
267	0
268	0
269	0
270	0
271	0
272	0
273	0
274	0
275	0
276	0.41
277	0
278	0
279	0.38
280	0.38
281	0.36
282	0.28
283	0.36
284	0.33
285	0.38
286	0.38
287	0.38
288	0.38
289	0.38
290	0.38
291	0.38
292	0.38
293	0.36
294	0.36
295	0.36
296	0.36
297	0.36
298	0.41
299	0.41
300	0.41
301	0.41
302	0.41
303	0.41
304	0.41
305	0.41
306	0.43
307	0.43
308	0.41
309	0.41
310	0.41
311	0.41
312	0.41
313	0.41
314	0.41
315	0.41
316	0.41
317	0.41
318	0.41
319	0.41
320	0.41
321	0.41
322	0.41
323	0.43
324	0.43
325	0.43
326	0.46
327	0.46
328	0.46
329	0.43
330	0.41
331	0.46
332	0.38
333	0.38
334	0.38
335	0.38
336	0.36
337	0.36
338	0.36
339	0.36
340	0.36
341	0.36
342	0.36
343	0.36
344	0.36
345	0.36
346	0.33
347	0.36
348	0.36
349	0.36
350	0.38
351	0.38
352	0.38
353	0.41
354	0.41
355	0.41
356	0.41
357	0.41
358	0.41
359	0.46
360	0.46
361	0.46
362	0.46
363	0.46
364	0.46
365	0.5825
366	0.4945
367	0.4945
368	0.4945
369	0.4945
370	0.4715
371	0.4715
372	0.4715
373	0.4715
374	0.4715
375	0.4715
376	0.4715
377	0.4715
378	0.4715
379	0.437
380	0.4715
381	0.4715
382	0.4945
383	0.4945
384	0.552
385	0.552
386	0.575
387	0.552
388	0.552
389	0.529
390	0.4945
391	0.4715
392	0.4715
393	0.552
394	0.529
395	0.529
396	0.4945
397	0.4715
398	0.4715
399	0.4715
400	0.4715
401	0.4715
402	0.4715
403	0.4715
404	0.4715
405	0.4715
406	0.4715
407	0.4715
408	0.4715
409	0.4715
410	0.4715
411	0.529
412	0.529
413	0.529
414	0.4715
415	0.4715
416	0.4715
417	0.4715
418	0.4715
419	0.4715
420	0.4715
421	0.4715
422	0.4715
423	0.4715
424	0.552
425	0.437
426	0.41
427	0.41
428	0.41
429	0.41
430	0.41
431	0.41
432	0.41
433	0.41
434	0.41
435	0.41
436	0.41
437	0.41
438	0.41
439	0.41
440	0.41
441	0.41
442	0.41
443	0.41
444	0.41
445	0.38
446	0.41
447	0.41
448	0.43
449	0.41
450	0.43
451	0.41
452	0.41
453	0.43
454	0.43
455	0.43
456	0.43
457	0.43
458	0.43
459	0.46
460	0.46
461	0.46
462	0.46
463	0.5
464	0.5
465	0.5
466	0.5
467	0.5
468	0.5
469	0.5
470	0.5
471	0.5
472	0.5
473	0.5
474	0.5
475	0.5
476	0
477	0.5
478	0.5
479	0
480	0.5
481	0.5
482	0.5
483	0.5
484	0.5
485	0.5
486	0.5
487	0.5
488	0
489	0
490	0
491	0
492	0
493	0
494	0
495	0
496	0
497	0
498	0
499	0
500	0
501	0
502	0
503	0
504	0
505	0
506	0
507	0
508	0
509	0
510	0
511	0
512	0
513	0
514	0
515	0
516	0
517	0
518	0
519	0
520	0
521	0
522	0
523	0
524	0
525	0
526	0
527	0
528	0
529	0
530	0
531	0
532	0
533	0
534	0
535	0
536	0
537	0
538	0
539	0
540	0
541	0
542	0
543	0
544	0
545	0
546	0
547	0
548	0
549	0
550	0
551	0
552	0
553	0
554	0
555	0
556	0
557	0
558	0
559	0
560	0
561	0
562	0
563	0
564	0
565	0
566	0
567	0
568	0
569	0
570	0
571	0
572	0
573	0
574	0
575	0
576	0
577	0
578	0
579	0
580	0
581	0
582	0
583	0
584	0
585	0
586	0
587	0
588	0
589	0
590	0
591	0
592	0
593	0
594	0
595	0
596	0
597	0
598	0
599	0
600	0
601	0
602	0
603	0
604	0
605	0
606	0
607	0
608	0
609	0
610	0
611	0
612	0
613	0
614	0
615	0
616	0
617	0
618	0
619	0
620	0
621	0
622	0
623	0
624	0
625	0
626	0
627	0
628	0
629	0
630	0
631	0
632	0
633	0
634	0
635	0
636	0
637	0
638	0
639	0
640	0
641	0.41
642	0
643	0
644	0.38
645	0.38
646	0.36
647	0.28
648	0.36
649	0.33
650	0.38
651	0.38
652	0.38
653	0.38
654	0.38
655	0.38
656	0.38
657	0.38
658	0.36
659	0.36
660	0.36
661	0.36
662	0.36
663	0.41
664	0.41
665	0.41
666	0.41
667	0.41
668	0.41
669	0.41
670	0.41
671	0.43
672	0.43
673	0.41
674	0.41
675	0.41
676	0.41
677	0.41
678	0.41
679	0.41
680	0.41
681	0.41
682	0.41
683	0.41
684	0.41
685	0.41
686	0.41
687	0.41
688	0.43
689	0.43
690	0.43
691	0.46
692	0.46
693	0.46
694	0.43
695	0.41
696	0.46
697	0.38
698	0.38
699	0.38
700	0.38
701	0.36
702	0.36
703	0.36
704	0.36
705	0.36
706	0.36
707	0.36
708	0.36
709	0.36
710	0.36
711	0.33
712	0.36
713	0.36
714	0.36
715	0.38
716	0.38
717	0.38
718	0.41
719	0.41
720	0.41
721	0.41
722	0.41
723	0.41
724	0.46
725	0.46
726	0.46
727	0.46
728	0.46
729	0.46
730	0.5825
731	0.4945
732	0.4945
733	0.4945
734	0.4945
735	0.4715
736	0.4715
737	0.4715
738	0.4715
739	0.4715
740	0.4715
741	0.4715
742	0.4715
743	0.4715
744	0.437
745	0.4715
746	0.4715
747	0.4945
748	0.4945
749	0.552
750	0.552
751	0.575
752	0.552
753	0.552
754	0.529
755	0.4945
756	0.4715
757	0.4715
758	0.552
759	0.529
760	0.529
761	0.4945
762	0.4715
763	0.4715
764	0.4715
765	0.4715
766	0.4715
767	0.4715
768	0.4715
769	0.4715
770	0.4715
771	0.4715
772	0.4715
773	0.4715
774	0.4715
775	0.4715
776	0.529
777	0.529
778	0.529
779	0.4715
780	0.4715
781	0.4715
782	0.4715
783	0.4715
784	0.4715
785	0.4715
786	0.4715
787	0.4715
788	0.4715
789	0.552
790	0.437
791	0.41
792	0.41
793	0.41
794	0.41
795	0.41
796	0.41
797	0.41
798	0.41
799	0.41
800	0.41
801	0.41
802	0.41
803	0.41
804	0.41
805	0.41
806	0.41
807	0.41
808	0.41
809	0.41
810	0.38
811	0.41
812	0.41
813	0.43
814	0.41
815	0.43
816	0.41
817	0.41
818	0.43
819	0.43
820	0.43
821	0.43
822	0.43
823	0.43
824	0.46
825	0.46
826	0.46
827	0.46
828	0.5
829	0.5
830	0.5
831	0.5
832	0.5
833	0.5
834	0.5
835	0.5
836	0.5
837	0.5
838	0.5
839	0.5
840	0.5
841	0
842	0.5
843	0.5
844	0
845	0.5
846	0.5
847	0.5
848	0.5
849	0.5
850	0.5
851	0.5
852	0.5
853	0
854	0
855	0
856	0
857	0
858	0
859	0
860	0
861	0
862	0
863	0
864	0
865	0
866	0
867	0
868	0
869	0
870	0
871	0
872	0
873	0
874	0
875	0
876	0
877	0
878	0
879	0
880	0
881	0
882	0
883	0
884	0
885	0
886	0
887	0
888	0
889	0
890	0
891	0
892	0
893	0
894	0
895	0
896	0
897	0
898	0
899	0
900	0
901	0
902	0
903	0
904	0
905	0
906	0
907	0
908	0
909	0
910	0
911	0
912	0
913	0
914	0
915	0
916	0
917	0
918	0
919	0
920	0
921	0
922	0
923	0
924	0
925	0
926	0
927	0
928	0
929	0
930	0
931	0
932	0
933	0
934	0
935	0
936	0
937	0
938	0
939	0
940	0
941	0
942	0
943	0
944	0
945	0
946	0
947	0
948	0
949	0
950	0
951	0
952	0
953	0
954	0
955	0
956	0
957	0
958	0
959	0
960	0
961	0
962	0
963	0
964	0
965	0
966	0
967	0
968	0
969	0
970	0
971	0
972	0
973	0
974	0
975	0
976	0
977	0
978	0
979	0
980	0
981	0
982	0
983	0
984	0
985	0
986	0
987	0
988	0
989	0
990	0
991	0
992	0
993	0
994	0
995	0
996	0
997	0
998	0
999	0
1000	0
1001	0
1002	0
1003	0
1004	0
1005	0
1006	0.41
1007	0
1008	0
1009	0.38
1010	0.38
1011	0.36
1012	0.28
1013	0.36
1014	0.33
1015	0.38
1016	0.38
1017	0.38
1018	0.38
1019	0.38
1020	0.38
1021	0.38
1022	0.38
1023	0.36
1024	0.36
1025	0.36
1026	0.36
1027	0.36
1028	0.41
1029	0.41
1030	0.41
1031	0.41
1032	0.41
1033	0.41
1034	0.41
1035	0.41
1036	0.43
1037	0.43
1038	0.41
1039	0.41
1040	0.41
1041	0.41
1042	0.41
1043	0.41
1044	0.41
1045	0.41
1046	0.41
1047	0.41
1048	0.41
1049	0.41
1050	0.41
1051	0.41
1052	0.41
1053	0.43
1054	0.43
1055	0.43
1056	0.46
1057	0.46
1058	0.46
1059	0.43
1060	0.41
1061	0.46
1062	0.38
1063	0.38
1064	0.38
1065	0.38
1066	0.36
1067	0.36
1068	0.36
1069	0.36
1070	0.36
1071	0.36
1072	0.36
1073	0.36
1074	0.36
1075	0.36
1076	0.33
1077	0.36
1078	0.36
1079	0.36
1080	0.38
1081	0.38
1082	0.38
1083	0.41
1084	0.41
1085	0.41
1086	0.41
1087	0.41
1088	0.41
1089	0.46
1090	0.46
1091	0.46
1092	0.46
1093	0.46
1094	0.46
1095	0.5825
1096	0.4945
1097	0.4945
1098	0.4945
1099	0.4945
1100	0.4715
1101	0.4715
1102	0.4715
1103	0.4715
1104	0.4715
1105	0.4715
1106	0.4715
1107	0.4715
1108	0.4715
1109	0.437
1110	0.4715
1111	0.4715
1112	0.4945
1113	0.4945
1114	0.552
1115	0.552
1116	0.575
1117	0.552
1118	0.552
1119	0.529
1120	0.4945
1121	0.4715
1122	0.4715
1123	0.552
1124	0.529
1125	0.529
1126	0.4945
1127	0.4715
1128	0.4715
1129	0.4715
1130	0.4715
1131	0.4715
1132	0.4715
1133	0.4715
1134	0.4715
1135	0.4715
1136	0.4715
1137	0.4715
1138	0.4715
1139	0.4715
1140	0.4715
1141	0.529
1142	0.529
1143	0.529
1144	0.4715
1145	0.4715
1146	0.4715
1147	0.4715
1148	0.4715
1149	0.4715
1150	0.4715
1151	0.4715
1152	0.4715
1153	0.4715
1154	0.552
1155	0.437
1156	0.41
1157	0.41
1158	0.41
1159	0.41
1160	0.41
1161	0.41
1162	0.41
1163	0.41
1164	0.41
1165	0.41
1166	0.41
1167	0.41
1168	0.41
1169	0.41
1170	0.41
1171	0.41
1172	0.41
1173	0.41
1174	0.41
1175	0.38
1176	0.41
1177	0.41
1178	0.43
1179	0.41
1180	0.43
1181	0.41
1182	0.41
1183	0.43
1184	0.43
1185	0.43
1186	0.43
1187	0.43
1188	0.43
1189	0.46
1190	0.46
1191	0.46
1192	0.46
1193	0.5
1194	0.5
1195	0.5
1196	0.5
1197	0.5
1198	0.5
1199	0.5
1200	0.5
1201	0.5
1202	0.5
1203	0.5
1204	0.5
1205	0.5
1206	0
1207	0.5
1208	0.5
1209	0
1210	0.5
1211	0.5
1212	0.5
1213	0.5
1214	0.5
1215	0.5
1216	0.5
1217	0.5
1218	0
1219	0
1220	0
1221	0
1222	0
1223	0
1224	0
1225	0
1226	0
1227	0
1228	0
1229	0
1230	0
1231	0
1232	0
1233	0
1234	0
1235	0
1236	0
1237	0
1238	0
1239	0
1240	0
1241	0
1242	0
1243	0
1244	0
1245	0
1246	0
1247	0
1248	0
1249	0
1250	0
1251	0
1252	0
1253	0
1254	0
1255	0
1256	0
1257	0
1258	0
1259	0
1260	0
1261	0
1262	0
1263	0
1264	0
1265	0
1266	0
1267	0
1268	0
1269	0
1270	0
1271	0
1272	0
1273	0
1274	0
1275	0
1276	0
1277	0
1278	0
1279	0
1280	0
1281	0
1282	0
1283	0
1284	0
1285	0
1286	0
1287	0
1288	0
1289	0
1290	0
1291	0
1292	0
1293	0
1294	0
1295	0
1296	0
1297	0
1298	0
1299	0
1300	0
1301	0
1302	0
1303	0
1304	0
1305	0
1306	0
1307	0
1308	0
1309	0
1310	0
1311	0
1312	0
1313	0
1314	0
1315	0
1316	0
1317	0
1318	0
1319	0
1320	0
1321	0
1322	0
1323	0
1324	0
1325	0
1326	0
1327	0
1328	0
1329	0
1330	0
1331	0
1332	0
1333	0
1334	0
1335	0
1336	0
1337	0
1338	0
1339	0
1340	0
1341	0
1342	0
1343	0
1344	0
1345	0
1346	0
1347	0
1348	0
1349	0
1350	0
1351	0
1352	0
1353	0
1354	0
1355	0
1356	0
1357	0
1358	0
1359	0
1360	0
1361	0
1362	0
1363	0
1364	0
1365	0
1366	0
1367	0
1368	0
1369	0
1370	0
1371	0.41
1372	0
1373	0
1374	0.38
1375	0.38
1376	0.36
1377	0.28
1378	0.36
1379	0.33
1380	0.38
1381	0.38
1382	0.38
1383	0.38
1384	0.38
1385	0.38
1386	0.38
1387	0.38
1388	0.36
1389	0.36
1390	0.36
1391	0.36
1392	0.36
1393	0.41
1394	0.41
1395	0.41
1396	0.41
1397	0.41
1398	0.41
1399	0.41
1400	0.41
1401	0.43
1402	0.43
1403	0.41
1404	0.41
1405	0.41
1406	0.41
1407	0.41
1408	0.41
1409	0.41
1410	0.41
1411	0.41
1412	0.41
1413	0.41
1414	0.41
1415	0.41
1416	0.41
1417	0.41
1418	0.43
1419	0.43
1420	0.43
1421	0.46
1422	0.46
1423	0.46
1424	0.43
1425	0.41
1426	0.46
1427	0.38
1428	0.38
1429	0.38
1430	0.38
1431	0.36
1432	0.36
1433	0.36
1434	0.36
1435	0.36
1436	0.36
1437	0.36
1438	0.36
1439	0.36
1440	0.36
1441	0.33
1442	0.36
1443	0.36
1444	0.36
1445	0.38
1446	0.38
1447	0.38
1448	0.41
1449	0.41
1450	0.41
1451	0.41
1452	0.41
1453	0.41
1454	0.46
1455	0.46
1456	0.46
1457	0.46
1458	0.46
1459	0.46
1460	0.5825
1461	0.4945
1462	0.4945
1463	0.4945
1464	0.4945
1465	0.4715
1466	0.4715
1467	0.4715
1468	0.4715
1469	0.4715
1470	0.4715
1471	0.4715
1472	0.4715
1473	0.4715
1474	0.437
1475	0.4715
1476	0.4715
1477	0.4945
1478	0.4945
1479	0.552
1480	0.552
1481	0.575
1482	0.552
1483	0.552
1484	0.529
1485	0.4945
1486	0.4715
1487	0.4715
1488	0.552
1489	0.529
1490	0.529
1491	0.4945
1492	0.4715
1493	0.4715
1494	0.4715
1495	0.4715
1496	0.4715
1497	0.4715
1498	0.4715
1499	0.4715
1500	0.4715
1501	0.4715
1502	0.4715
1503	0.4715
1504	0.4715
1505	0.4715
1506	0.529
1507	0.529
1508	0.529
1509	0.4715
1510	0.4715
1511	0.4715
1512	0.4715
1513	0.4715
1514	0.4715
1515	0.4715
1516	0.4715
1517	0.4715
1518	0.4715
1519	0.552
1520	0.437
1521	0.41
1522	0.41
1523	0.41
1524	0.41
1525	0.41
1526	0.41
1527	0.41
1528	0.41
1529	0.41
1530	0.41
1531	0.41
1532	0.41
1533	0.41
1534	0.41
1535	0.41
1536	0.41
1537	0.41
1538	0.41
1539	0.41
1540	0.38
1541	0.41
1542	0.41
1543	0.43
1544	0.41
1545	0.43
1546	0.41
1547	0.41
1548	0.43
1549	0.43
1550	0.43
1551	0.43
1552	0.43
1553	0.43
1554	0.46
1555	0.46
1556	0.46
1557	0.46
1558	0.5
1559	0.5
1560	0.5
1561	0.5
1562	0.5
1563	0.5
1564	0.5
1565	0.5
1566	0.5
1567	0.5
1568	0.5
1569	0.5
1570	0.5
1571	0
1572	0.5
1573	0.5
1574	0
1575	0.5
1576	0.5
1577	0.5
1578	0.5
1579	0.5
1580	0.5
1581	0.5
1582	0.5
1583	0
1584	0
1585	0
1586	0
1587	0
1588	0
1589	0
1590	0
1591	0
1592	0
1593	0
1594	0
1595	0
1596	0
1597	0
1598	0
1599	0
1600	0
1601	0
1602	0
1603	0
1604	0
1605	0
1606	0
1607	0
1608	0
1609	0
1610	0
1611	0
1612	0
1613	0
1614	0
1615	0
1616	0
1617	0
1618	0
1619	0
1620	0
1621	0
1622	0
1623	0
1624	0
1625	0
1626	0
1627	0
1628	0
1629	0
1630	0
1631	0
1632	0
1633	0
1634	0
1635	0
1636	0
1637	0
1638	0
1639	0
1640	0
1641	0
1642	0
1643	0
1644	0
1645	0
1646	0
1647	0
1648	0
1649	0
1650	0
1651	0
1652	0
1653	0
1654	0
1655	0
1656	0
1657	0
1658	0
1659	0
1660	0
1661	0
1662	0
1663	0
1664	0
1665	0
1666	0
1667	0
1668	0
1669	0
1670	0
1671	0
1672	0
1673	0
1674	0
1675	0
1676	0
1677	0
1678	0
1679	0
1680	0
1681	0
1682	0
1683	0
1684	0
1685	0
1686	0
1687	0
1688	0
1689	0
1690	0
1691	0
1692	0
1693	0
1694	0
1695	0
1696	0
1697	0
1698	0
1699	0
1700	0
1701	0
1702	0
1703	0
1704	0
1705	0
1706	0
1707	0
1708	0
1709	0
1710	0
1711	0
1712	0
1713	0
1714	0
1715	0
1716	0
1717	0
1718	0
1719	0
1720	0
1721	0
1722	0
1723	0
1724	0
1725	0
1726	0
1727	0
1728	0
1729	0
1730	0
1731	0
1732	0
1733	0
1734	0
1735	0
1736	0.41
1737	0
1738	0
1739	0.38
1740	0.38
1741	0.36
1742	0.28
1743	0.36
1744	0.33
1745	0.38
1746	0.38
1747	0.38
1748	0.38
1749	0.38
1750	0.38
1751	0.38
1752	0.38
1753	0.36
1754	0.36
1755	0.36
1756	0.36
1757	0.36
1758	0.41
1759	0.41
1760	0.41
1761	0.41
1762	0.41
1763	0.41
1764	0.41
1765	0.41
1766	0.43
1767	0.43
1768	0.41
1769	0.41
1770	0.41
1771	0.41
1772	0.41
1773	0.41
1774	0.41
1775	0.41
1776	0.41
1777	0.41
1778	0.41
1779	0.41
1780	0.41
1781	0.41
1782	0.41
1783	0.43
1784	0.43
1785	0.43
1786	0.46
1787	0.46
1788	0.46
1789	0.43
1790	0.41
1791	0.46
1792	0.38
1793	0.38
1794	0.38
1795	0.38
1796	0.36
1797	0.36
1798	0.36
1799	0.36
1800	0.36
1801	0.36
1802	0.36
1803	0.36
1804	0.36
1805	0.36
1806	0.33
1807	0.36
1808	0.36
1809	0.36
1810	0.38
1811	0.38
1812	0.38
1813	0.41
1814	0.41
1815	0.41
1816	0.41
1817	0.41
1818	0.41
1819	0.46
1820	0.46
1821	0.46
1822	0.46
1823	0.46
1824	0.46
1825	0.5825
1826	0.4945
1827	0.4945
1828	0.4945
1829	0.4945
1830	0.4715
1831	0.4715
1832	0.4715
1833	0.4715
1834	0.4715
1835	0.4715
1836	0.4715
1837	0.4715
1838	0.4715
1839	0.437
1840	0.4715
1841	0.4715
1842	0.4945
1843	0.4945
1844	0.552
1845	0.552
1846	0.575
1847	0.552
1848	0.552
1849	0.529
1850	0.4945
1851	0.4715
1852	0.4715
1853	0.552
1854	0.529
1855	0.529
1856	0.4945
1857	0.4715
1858	0.4715
1859	0.4715
1860	0.4715
1861	0.4715
1862	0.4715
1863	0.4715
1864	0.4715
1865	0.4715
1866	0.4715
1867	0.4715
1868	0.4715
1869	0.4715
1870	0.4715
1871	0.529
1872	0.529
1873	0.529
1874	0.4715
1875	0.4715
1876	0.4715
1877	0.4715
1878	0.4715
1879	0.4715
1880	0.4715
1881	0.4715
1882	0.4715
1883	0.4715
1884	0.552
1885	0.437
1886	0.41
1887	0.41
1888	0.41
1889	0.41
1890	0.41
1891	0.41
1892	0.41
1893	0.41
1894	0.41
1895	0.41
1896	0.41
1897	0.41
1898	0.41
1899	0.41
1900	0.41
1901	0.41
1902	0.41
1903	0.41
1904	0.41
1905	0.38
1906	0.41
1907	0.41
1908	0.43
1909	0.41
1910	0.43
1911	0.41
1912	0.41
1913	0.43
1914	0.43
1915	0.43
1916	0.43
1917	0.43
1918	0.43
1919	0.46
1920	0.46
1921	0.46
1922	0.46
1923	0.5
1924	0.5
1925	0.5
1926	0.5
1927	0.5
1928	0.5
1929	0.5
1930	0.5
1931	0.5
1932	0.5
1933	0.5
1934	0.5
1935	0.5
1936	0
1937	0.5
1938	0.5
1939	0
1940	0.5
1941	0.5
1942	0.5
1943	0.5
1944	0.5
1945	0.5
1946	0.5
1947	0.5
1948	0
1949	0
1950	0
1951	0
1952	0
1953	0
1954	0
1955	0
1956	0
1957	0
1958	0
1959	0
1960	0
1961	0
1962	0
1963	0
1964	0
1965	0
1966	0
1967	0
1968	0
1969	0
1970	0
1971	0
1972	0
1973	0
1974	0
1975	0
1976	0
1977	0
1978	0
1979	0
1980	0
1981	0
1982	0
1983	0
1984	0
1985	0
1986	0
1987	0
1988	0
1989	0
1990	0
1991	0
1992	0
1993	0
1994	0
1995	0
1996	0
1997	0
1998	0
1999	0
2000	0
2001	0
2002	0
2003	0
2004	0
2005	0
2006	0
2007	0
2008	0
2009	0
2010	0
2011	0
2012	0
2013	0
2014	0
2015	0
2016	0
2017	0
2018	0
2019	0
2020	0
2021	0
2022	0
2023	0
2024	0
2025	0
2026	0
2027	0
2028	0
2029	0
2030	0
2031	0
2032	0
2033	0
2034	0
2035	0
2036	0
2037	0
2038	0
2039	0
2040	0
2041	0
2042	0
2043	0
2044	0
2045	0
2046	0
2047	0
2048	0
2049	0
2050	0
2051	0
2052	0
2053	0
2054	0
2055	0
2056	0
2057	0
2058	0
2059	0
2060	0
2061	0
2062	0
2063	0
2064	0
2065	0
2066	0
2067	0
2068	0
2069	0
2070	0
2071	0
2072	0
2073	0
2074	0
2075	0
2076	0
2077	0
2078	0
2079	0
2080	0
2081	0
2082	0
2083	0
2084	0
2085	0
2086	0
2087	0
2088	0
2089	0
2090	0
2091	0
2092	0
2093	0
2094	0
2095	0
2096	0
2097	0
2098	0
2099	0
2100	0
2101	0.41
2102	0
2103	0
2104	0.38
2105	0.38
2106	0.36
2107	0.28
2108	0.36
2109	0.33
2110	0.38
2111	0.38
2112	0.38
2113	0.38
2114	0.38
2115	0.38
2116	0.38
2117	0.38
2118	0.36
2119	0.36
2120	0.36
2121	0.36
2122	0.36
2123	0.41
2124	0.41
2125	0.41
2126	0.41
2127	0.41
2128	0.41
2129	0.41
2130	0.41
2131	0.43
2132	0.43
2133	0.41
2134	0.41
2135	0.41
2136	0.41
2137	0.41
2138	0.41
2139	0.41
2140	0.41
2141	0.41
2142	0.41
2143	0.41
2144	0.41
2145	0.41
2146	0.41
2147	0.41
2148	0.43
2149	0.43
2150	0.43
2151	0.46
2152	0.46
2153	0.46
2154	0.43
2155	0.41
2156	0.46
2157	0.38
2158	0.38
2159	0.38
2160	0.38
2161	0.36
2162	0.36
2163	0.36
2164	0.36
2165	0.36
2166	0.36
2167	0.36
2168	0.36
2169	0.36
2170	0.36
2171	0.33
2172	0.36
2173	0.36
2174	0.36
2175	0.38
2176	0.38
2177	0.38
2178	0.41
2179	0.41
2180	0.41
2181	0.41
2182	0.41
2183	0.41
2184	0.46
2185	0.46
2186	0.46
2187	0.46
2188	0.46
2189	0.46
2190	0.5825
2191	0.4945
2192	0.4945
2193	0.4945
2194	0.4945
2195	0.4715
2196	0.4715
2197	0.4715
2198	0.4715
2199	0.4715
2200	0.4715
2201	0.4715
2202	0.4715
2203	0.4715
2204	0.437
2205	0.4715
2206	0.4715
2207	0.4945
2208	0.4945
2209	0.552
2210	0.552
2211	0.575
2212	0.552
2213	0.552
2214	0.529
2215	0.4945
2216	0.4715
2217	0.4715
2218	0.552
2219	0.529
2220	0.529
2221	0.4945
2222	0.4715
2223	0.4715
2224	0.4715
2225	0.4715
2226	0.4715
2227	0.4715
2228	0.4715
2229	0.4715
2230	0.4715
2231	0.4715
2232	0.4715
2233	0.4715
2234	0.4715
2235	0.4715
2236	0.529
2237	0.529
2238	0.529
2239	0.4715
2240	0.4715
2241	0.4715
2242	0.4715
2243	0.4715
2244	0.4715
2245	0.4715
2246	0.4715
2247	0.4715
2248	0.4715
2249	0.552
2250	0.437
2251	0.41
2252	0.41
2253	0.41
2254	0.41
2255	0.41
2256	0.41
2257	0.41
2258	0.41
2259	0.41
2260	0.41
2261	0.41
2262	0.41
2263	0.41
2264	0.41
2265	0.41
2266	0.41
2267	0.41
2268	0.41
2269	0.41
2270	0.38
2271	0.41
2272	0.41
2273	0.43
2274	0.41
2275	0.43
2276	0.41
2277	0.41
2278	0.43
2279	0.43
2280	0.43
2281	0.43
2282	0.43
2283	0.43
2284	0.46
2285	0.46
2286	0.46
2287	0.46
2288	0.5
2289	0.5
2290	0.5
2291	0.5
2292	0.5
2293	0.5
2294	0.5
2295	0.5
2296	0.5
2297	0.5
2298	0.5
2299	0.5
2300	0.5
2301	0
2302	0.5
2303	0.5
2304	0
2305	0.5
2306	0.5
2307	0.5
2308	0.5
2309	0.5
2310	0.5
2311	0.5
2312	0.5
2313	0
2314	0
2315	0
2316	0
2317	0
2318	0
2319	0
2320	0
2321	0
2322	0
2323	0
2324	0
2325	0
2326	0
2327	0
2328	0
2329	0
2330	0
2331	0
2332	0
2333	0
2334	0
2335	0
2336	0
2337	0
2338	0
2339	0
2340	0
2341	0
2342	0
2343	0
2344	0
2345	0
2346	0
2347	0
2348	0
2349	0
2350	0
2351	0
2352	0
2353	0
2354	0
2355	0
2356	0
2357	0
2358	0
2359	0
2360	0
2361	0
2362	0
2363	0
2364	0
2365	0
2366	0
2367	0
2368	0
2369	0
2370	0
2371	0
2372	0
2373	0
2374	0
2375	0
2376	0
2377	0
2378	0
2379	0
2380	0
2381	0
2382	0
2383	0
2384	0
2385	0
2386	0
2387	0
2388	0
2389	0
2390	0
2391	0
2392	0
2393	0
2394	0
2395	0
2396	0
2397	0
2398	0
2399	0
2400	0
2401	0
2402	0
2403	0
2404	0
2405	0
2406	0
2407	0
2408	0
2409	0
2410	0
2411	0
2412	0
2413	0
2414	0
2415	0
2416	0
2417	0
2418	0
2419	0
2420	0
2421	0
2422	0
2423	0
2424	0
2425	0
2426	0
2427	0
2428	0
2429	0
2430	0
2431	0
2432	0
2433	0
2434	0
2435	0
2436	0
2437	0
2438	0
2439	0
2440	0
2441	0
2442	0
2443	0
2444	0
2445	0
2446	0
2447	0
2448	0
2449	0
2450	0
2451	0
2452	0
2453	0
2454	0
2455	0
2456	0
2457	0
2458	0
2459	0
2460	0
2461	0
2462	0
2463	0
2464	0
2465	0
2466	0.41
2467	0
2468	0
2469	0.38
2470	0.38
2471	0.36
2472	0.28
2473	0.36
2474	0.33
2475	0.38
2476	0.38
2477	0.38
2478	0.38
2479	0.38
2480	0.38
2481	0.38
2482	0.38
2483	0.36
2484	0.36
2485	0.36
2486	0.36
2487	0.36
2488	0.41
2489	0.41
2490	0.41
2491	0.41
2492	0.41
2493	0.41
2494	0.41
2495	0.41
2496	0.43
2497	0.43
2498	0.41
2499	0.41
2500	0.41
2501	0.41
2502	0.41
2503	0.41
2504	0.41
2505	0.41
2506	0.41
2507	0.41
2508	0.41
2509	0.41
2510	0.41
2511	0.41
2512	0.41
2513	0.43
2514	0.43
2515	0.43
2516	0.46
2517	0.46
2518	0.46
2519	0.43
2520	0.41
2521	0.46
2522	0.38
2523	0.38
2524	0.38
2525	0.38
2526	0.36
2527	0.36
2528	0.36
2529	0.36
2530	0.36
2531	0.36
2532	0.36
2533	0.36
2534	0.36
2535	0.36
2536	0.33
2537	0.36
2538	0.36
2539	0.36
2540	0.38
2541	0.38
2542	0.38
2543	0.41
2544	0.41
2545	0.41
2546	0.41
2547	0.41
2548	0.41
2549	0.46
2550	0.46
2551	0.46
2552	0.46
2553	0.46
2554	0.46
2555	0.5825
2556	0.4945
2557	0.4945
2558	0.4945
2559	0.4945
2560	0.4715
2561	0.4715
2562	0.4715
2563	0.4715
2564	0.4715
2565	0.4715
2566	0.4715
2567	0.4715
2568	0.4715
2569	0.437
2570	0.4715
2571	0.4715
2572	0.4945
2573	0.4945
2574	0.552
2575	0.552
2576	0.575
2577	0.552
2578	0.552
2579	0.529
2580	0.4945
2581	0.4715
2582	0.4715
2583	0.552
2584	0.529
2585	0.529
2586	0.4945
2587	0.4715
2588	0.4715
2589	0.4715
2590	0.4715
2591	0.4715
2592	0.4715
2593	0.4715
2594	0.4715
2595	0.4715
2596	0.4715
2597	0.4715
2598	0.4715
2599	0.4715
2600	0.4715
2601	0.529
2602	0.529
2603	0.529
2604	0.4715
2605	0.4715
2606	0.4715
2607	0.4715
2608	0.4715
2609	0.4715
2610	0.4715
2611	0.4715
2612	0.4715
2613	0.4715
2614	0.552
2615	0.437
2616	0.41
2617	0.41
2618	0.41
2619	0.41
2620	0.41
2621	0.41
2622	0.41
2623	0.41
2624	0.41
2625	0.41
2626	0.41
2627	0.41
2628	0.41
2629	0.41
2630	0.41
2631	0.41
2632	0.41
2633	0.41
2634	0.41
2635	0.38
2636	0.41
2637	0.41
2638	0.43
2639	0.41
2640	0.43
2641	0.41
2642	0.41
2643	0.43
2644	0.43
2645	0.43
2646	0.43
2647	0.43
2648	0.43
2649	0.46
2650	0.46
2651	0.46
2652	0.46
2653	0.5
2654	0.5
2655	0.5
2656	0.5
2657	0.5
2658	0.5
2659	0.5
2660	0.5
2661	0.5
2662	0.5
2663	0.5
2664	0.5
2665	0.5
2666	0
2667	0.5
2668	0.5
2669	0
2670	0.5
2671	0.5
2672	0.5
2673	0.5
2674	0.5
2675	0.5
2676	0.5
2677	0.5
2678	0
2679	0
2680	0
2681	0
2682	0
2683	0
2684	0
2685	0
2686	0
2687	0
2688	0
2689	0
2690	0
2691	0
2692	0
2693	0
2694	0
2695	0
2696	0
2697	0
2698	0
2699	0
2700	0
2701	0
2702	0
2703	0
2704	0
2705	0
2706	0
2707	0
2708	0
2709	0
2710	0
2711	0
2712	0
2713	0
2714	0
2715	0
2716	0
2717	0
2718	0
2719	0
2720	0
2721	0
2722	0
2723	0
2724	0
2725	0
2726	0
2727	0
2728	0
2729	0
2730	0
2731	0
2732	0
2733	0
2734	0
2735	0
2736	0
2737	0
2738	0
2739	0
2740	0
2741	0
2742	0
2743	0
2744	0
2745	0
2746	0
2747	0
2748	0
2749	0
2750	0
2751	0
2752	0
2753	0
2754	0
2755	0
2756	0
2757	0
2758	0
2759	0
2760	0
2761	0
2762	0
2763	0
2764	0
2765	0
2766	0
2767	0
2768	0
2769	0
2770	0
2771	0
2772	0
2773	0
2774	0
2775	0
2776	0
2777	0
2778	0
2779	0
2780	0
2781	0
2782	0
2783	0
2784	0
2785	0
2786	0
2787	0
2788	0
2789	0
2790	0
2791	0
2792	0
2793	0
2794	0
2795	0
2796	0
2797	0
2798	0
2799	0
2800	0
2801	0
2802	0
2803	0
2804	0
2805	0
2806	0
2807	0
2808	0
2809	0
2810	0
2811	0
2812	0
2813	0
2814	0
2815	0
2816	0
2817	0
2818	0
2819	0
2820	0
2821	0
2822	0
2823	0
2824	0
2825	0
2826	0
2827	0
2828	0
2829	0
2830	0
2831	0.41
2832	0
2833	0
2834	0.38
2835	0.38
2836	0.36
2837	0.28
2838	0.36
2839	0.33
2840	0.38
2841	0.38
2842	0.38
2843	0.38
2844	0.38
2845	0.38
2846	0.38
2847	0.38
2848	0.36
2849	0.36
2850	0.36
2851	0.36
2852	0.36
2853	0.41
2854	0.41
2855	0.41
2856	0.41
2857	0.41
2858	0.41
2859	0.41
2860	0.41
2861	0.43
2862	0.43
2863	0.41
2864	0.41
2865	0.41
2866	0.41
2867	0.41
2868	0.41
2869	0.41
2870	0.41
2871	0.41
2872	0.41
2873	0.41
2874	0.41
2875	0.41
2876	0.41
2877	0.41
2878	0.43
2879	0.43
2880	0.43
2881	0.46
2882	0.46
2883	0.46
2884	0.43
2885	0.41
2886	0.46
2887	0.38
2888	0.38
2889	0.38
2890	0.38
2891	0.36
2892	0.36
2893	0.36
2894	0.36
2895	0.36
2896	0.36
2897	0.36
2898	0.36
2899	0.36
2900	0.36
2901	0.33
2902	0.36
2903	0.36
2904	0.36
2905	0.38
2906	0.38
2907	0.38
2908	0.41
2909	0.41
2910	0.41
2911	0.41
2912	0.41
2913	0.41
2914	0.46
2915	0.46
2916	0.46
2917	0.46
2918	0.46
2919	0.46
2920	0.5825
2921	0.4945
2922	0.4945
2923	0.4945
2924	0.4945
2925	0.4715
2926	0.4715
2927	0.4715
2928	0.4715
2929	0.4715
2930	0.4715
2931	0.4715
2932	0.4715
2933	0.4715
2934	0.437
2935	0.4715
2936	0.4715
2937	0.4945
2938	0.4945
2939	0.552
2940	0.552
2941	0.575
2942	0.552
2943	0.552
2944	0.529
2945	0.4945
2946	0.4715
2947	0.4715
2948	0.552
2949	0.529
2950	0.529
2951	0.4945
2952	0.4715
2953	0.4715
2954	0.4715
2955	0.4715
2956	0.4715
2957	0.4715
2958	0.4715
2959	0.4715
2960	0.4715
2961	0.4715
2962	0.4715
2963	0.4715
2964	0.4715
2965	0.4715
2966	0.529
2967	0.529
2968	0.529
2969	0.4715
2970	0.4715
2971	0.4715
2972	0.4715
2973	0.4715
2974	0.4715
2975	0.4715
2976	0.4715
2977	0.4715
2978	0.4715
2979	0.552
2980	0.437
2981	0.41
2982	0.41
2983	0.41
2984	0.41
2985	0.41
2986	0.41
2987	0.41
2988	0.41
2989	0.41
2990	0.41
2991	0.41
2992	0.41
2993	0.41
2994	0.41
2995	0.41
2996	0.41
2997	0.41
2998	0.41
2999	0.41
3000	0.38
3001	0.41
3002	0.41
3003	0.43
3004	0.41
3005	0.43
3006	0.41
3007	0.41
3008	0.43
3009	0.43
3010	0.43
3011	0.43
3012	0.43
3013	0.43
3014	0.46
3015	0.46
3016	0.46
3017	0.46
3018	0.5
3019	0.5
3020	0.5
3021	0.5
3022	0.5
3023	0.5
3024	0.5
3025	0.5
3026	0.5
3027	0.5
3028	0.5
3029	0.5
3030	0.5
3031	0
3032	0.5
3033	0.5
3034	0
3035	0.5
3036	0.5
3037	0.5
3038	0.5
3039	0.5
3040	0.5
3041	0.5
3042	0.5
3043	0
3044	0
3045	0
3046	0
3047	0
3048	0
3049	0
3050	0
3051	0
3052	0
3053	0
3054	0
3055	0
3056	0
3057	0
3058	0
3059	0
3060	0
3061	0
3062	0
3063	0
3064	0
3065	0
3066	0
3067	0
3068	0
3069	0
3070	0
3071	0
3072	0
3073	0
3074	0
3075	0
3076	0
3077	0
3078	0
3079	0
3080	0
3081	0
3082	0
3083	0
3084	0
3085	0
3086	0
3087	0
3088	0
3089	0
3090	0
3091	0
3092	0
3093	0
3094	0
3095	0
3096	0
3097	0
3098	0
3099	0
3100	0
3101	0
3102	0
3103	0
3104	0
3105	0
3106	0
3107	0
3108	0
3109	0
3110	0
3111	0
3112	0
3113	0
3114	0
3115	0
3116	0
3117	0
3118	0
3119	0
3120	0
3121	0
3122	0
3123	0
3124	0
3125	0
3126	0
3127	0
3128	0
3129	0
3130	0
3131	0
3132	0
3133	0
3134	0
3135	0
3136	0
3137	0
3138	0
3139	0
3140	0
3141	0
3142	0
3143	0
3144	0
3145	0
3146	0
3147	0
3148	0
3149	0
3150	0
3151	0
3152	0
3153	0
3154	0
3155	0
3156	0
3157	0
3158	0
3159	0
3160	0
3161	0
3162	0
3163	0
3164	0
3165	0
3166	0
3167	0
3168	0
3169	0
3170	0
3171	0
3172	0
3173	0
3174	0
3175	0
3176	0
3177	0
3178	0
3179	0
3180	0
3181	0
3182	0
3183	0
3184	0
3185	0
3186	0
3187	0
3188	0
3189	0
3190	0
3191	0
3192	0
3193	0
3194	0
3195	0
3196	0.41
3197	0
3198	0
3199	0.38
3200	0.38
3201	0.36
3202	0.28
3203	0.36
3204	0.33
3205	0.38
3206	0.38
3207	0.38
3208	0.38
3209	0.38
3210	0.38
3211	0.38
3212	0.38
3213	0.36
3214	0.36
3215	0.36
3216	0.36
3217	0.36
3218	0.41
3219	0.41
3220	0.41
3221	0.41
3222	0.41
3223	0.41
3224	0.41
3225	0.41
3226	0.43
3227	0.43
3228	0.41
3229	0.41
3230	0.41
3231	0.41
3232	0.41
3233	0.41
3234	0.41
3235	0.41
3236	0.41
3237	0.41
3238	0.41
3239	0.41
3240	0.41
3241	0.41
3242	0.41
3243	0.43
3244	0.43
3245	0.43
3246	0.46
3247	0.46
3248	0.46
3249	0.43
3250	0.41
3251	0.46
3252	0.38
3253	0.38
3254	0.38
3255	0.38
3256	0.36
3257	0.36
3258	0.36
3259	0.36
3260	0.36
3261	0.36
3262	0.36
3263	0.36
3264	0.36
3265	0.36
3266	0.33
3267	0.36
3268	0.36
3269	0.36
3270	0.38
3271	0.38
3272	0.38
3273	0.41
3274	0.41
3275	0.41
3276	0.41
3277	0.41
3278	0.41
3279	0.46
3280	0.46
3281	0.46
3282	0.46
3283	0.46
3284	0.46
3285	0.5825
3286	0.4945
3287	0.4945
3288	0.4945
3289	0.4945
3290	0.4715
3291	0.4715
3292	0.4715
3293	0.4715
3294	0.4715
3295	0.4715
3296	0.4715
3297	0.4715
3298	0.4715
3299	0.437
3300	0.4715
3301	0.4715
3302	0.4945
3303	0.4945
3304	0.552
3305	0.552
3306	0.575
3307	0.552
3308	0.552
3309	0.529
3310	0.4945
3311	0.4715
3312	0.4715
3313	0.552
3314	0.529
3315	0.529
3316	0.4945
3317	0.4715
3318	0.4715
3319	0.4715
3320	0.4715
3321	0.4715
3322	0.4715
3323	0.4715
3324	0.4715
3325	0.4715
3326	0.4715
3327	0.4715
3328	0.4715
3329	0.4715
3330	0.4715
3331	0.529
3332	0.529
3333	0.529
3334	0.4715
3335	0.4715
3336	0.4715
3337	0.4715
3338	0.4715
3339	0.4715
3340	0.4715
3341	0.4715
3342	0.4715
3343	0.4715
3344	0.552
3345	0.437
3346	0.41
3347	0.41
3348	0.41
3349	0.41
3350	0.41
3351	0.41
3352	0.41
3353	0.41
3354	0.41
3355	0.41
3356	0.41
3357	0.41
3358	0.41
3359	0.41
3360	0.41
3361	0.41
3362	0.41
3363	0.41
3364	0.41
3365	0.38
3366	0.41
3367	0.41
3368	0.43
3369	0.41
3370	0.43
3371	0.41
3372	0.41
3373	0.43
3374	0.43
3375	0.43
3376	0.43
3377	0.43
3378	0.43
3379	0.46
3380	0.46
3381	0.46
3382	0.46
3383	0.5
3384	0.5
3385	0.5
3386	0.5
3387	0.5
3388	0.5
3389	0.5
3390	0.5
3391	0.5
3392	0.5
3393	0.5
3394	0.5
3395	0.5
3396	0
3397	0.5
3398	0.5
3399	0
3400	0.5
3401	0.5
3402	0.5
3403	0.5
3404	0.5
3405	0.5
3406	0.5
3407	0.5
3408	0
3409	0
3410	0
3411	0
3412	0
3413	0
3414	0
3415	0
3416	0
3417	0
3418	0
3419	0
3420	0
3421	0
3422	0
3423	0
3424	0
3425	0
3426	0
3427	0
3428	0
3429	0
3430	0
3431	0
3432	0
3433	0
3434	0
3435	0
3436	0
3437	0
3438	0
3439	0
3440	0
3441	0
3442	0
3443	0
3444	0
3445	0
3446	0
3447	0
3448	0
3449	0
3450	0
3451	0
3452	0
3453	0
3454	0
3455	0
3456	0
3457	0
3458	0
3459	0
3460	0
3461	0
3462	0
3463	0
3464	0
3465	0
3466	0
3467	0
3468	0
3469	0
3470	0
3471	0
3472	0
3473	0
3474	0
3475	0
3476	0
3477	0
3478	0
3479	0
3480	0
3481	0
3482	0
3483	0
3484	0
3485	0
3486	0
3487	0
3488	0
3489	0
3490	0
3491	0
3492	0
3493	0
3494	0
3495	0
3496	0
3497	0
3498	0
3499	0
3500	0
3501	0
3502	0
3503	0
3504	0
3505	0
3506	0
3507	0
3508	0
3509	0
3510	0
3511	0
3512	0
3513	0
3514	0
3515	0
3516	0
3517	0
3518	0
3519	0
3520	0
3521	0
3522	0
3523	0
3524	0
3525	0
3526	0
3527	0
3528	0
3529	0
3530	0
3531	0
3532	0
3533	0
3534	0
3535	0
3536	0
3537	0
3538	0
3539	0
3540	0
3541	0
3542	0
3543	0
3544	0
3545	0
3546	0
3547	0
3548	0
3549	0
3550	0
3551	0
3552	0
3553	0
3554	0
3555	0
3556	0
3557	0
3558	0
3559	0
3560	0
3561	0.41
3562	0
3563	0
3564	0.38
3565	0.38
3566	0.36
3567	0.28
3568	0.36
3569	0.33
3570	0.38
3571	0.38
3572	0.38
3573	0.38
3574	0.38
3575	0.38
3576	0.38
3577	0.38
3578	0.36
3579	0.36
3580	0.36
3581	0.36
3582	0.36
3583	0.41
3584	0.41
3585	0.41
3586	0.41
3587	0.41
3588	0.41
3589	0.41
3590	0.41
3591	0.43
3592	0.43
3593	0.41
3594	0.41
3595	0.41
3596	0.41
3597	0.41
3598	0.41
3599	0.41
3600	0.41
3601	0.41
3602	0.41
3603	0.41
3604	0.41
3605	0.41
3606	0.41
3607	0.41
3608	0.43
3609	0.43
3610	0.43
3611	0.46
3612	0.46
3613	0.46
3614	0.43
3615	0.41
3616	0.46
3617	0.38
3618	0.38
3619	0.38
3620	0.38
3621	0.36
3622	0.36
3623	0.36
3624	0.36
3625	0.36
3626	0.36
3627	0.36
3628	0.36
3629	0.36
3630	0.36
3631	0.33
3632	0.36
3633	0.36
3634	0.36
3635	0.38
3636	0.38
3637	0.38
3638	0.41
3639	0.41
3640	0.41
3641	0.41
3642	0.41
3643	0.41
3644	0.46
3645	0.46
3646	0.46
3647	0.46
3648	0.46
3649	0.46
3650	0.5825
3651	0.4945
3652	0.4945
3653	0.4945
3654	0.4945
3655	0.4715
3656	0.4715
3657	0.4715
3658	0.4715
3659	0.4715
3660	0.4715
3661	0.4715
3662	0.4715
3663	0.4715
3664	0.437
3665	0.4715
3666	0.4715
3667	0.4945
3668	0.4945
3669	0.552
3670	0.552
3671	0.575
3672	0.552
3673	0.552
3674	0.529
3675	0.4945
3676	0.4715
3677	0.4715
3678	0.552
3679	0.529
3680	0.529
3681	0.4945
3682	0.4715
3683	0.4715
3684	0.4715
3685	0.4715
3686	0.4715
3687	0.4715
3688	0.4715
3689	0.4715
3690	0.4715
3691	0.4715
3692	0.4715
3693	0.4715
3694	0.4715
3695	0.4715
3696	0.529
3697	0.529
3698	0.529
3699	0.4715
3700	0.4715
3701	0.4715
3702	0.4715
3703	0.4715
3704	0.4715
3705	0.4715
3706	0.4715
3707	0.4715
3708	0.4715
3709	0.552
3710	0.437
3711	0.41
3712	0.41
3713	0.41
3714	0.41
3715	0.41
3716	0.41
3717	0.41
3718	0.41
3719	0.41
3720	0.41
3721	0.41
3722	0.41
3723	0.41
3724	0.41
3725	0.41
3726	0.41
3727	0.41
3728	0.41
3729	0.41
3730	0.38
3731	0.41
3732	0.41
3733	0.43
3734	0.41
3735	0.43
3736	0.41
3737	0.41
3738	0.43
3739	0.43
3740	0.43
3741	0.43
3742	0.43
3743	0.43
3744	0.46
3745	0.46
3746	0.46
3747	0.46
3748	0.5
3749	0.5
3750	0.5
3751	0.5
3752	0.5
3753	0.5
3754	0.5
3755	0.5
3756	0.5
3757	0.5
3758	0.5
3759	0.5
3760	0.5
3761	0
3762	0.5
3763	0.5
3764	0
3765	0.5
3766	0.5
3767	0.5
3768	0.5
3769	0.5
3770	0.5
3771	0.5
3772	0.5
3773	0
3774	0
3775	0
3776	0
3777	0
3778	0
3779	0
3780	0
3781	0
3782	0
3783	0
3784	0
3785	0
3786	0
3787	0
3788	0
3789	0
3790	0
3791	0
3792	0
3793	0
3794	0
3795	0
3796	0
3797	0
3798	0
3799	0
3800	0
3801	0
3802	0
3803	0
3804	0
3805	0
3806	0
3807	0
3808	0
3809	0
3810	0
3811	0
3812	0
3813	0
3814	0
3815	0
3816	0
3817	0
3818	0
3819	0
3820	0
3821	0
3822	0
3823	0
3824	0
3825	0
3826	0
3827	0
3828	0
3829	0
3830	0
3831	0
3832	0
3833	0
3834	0
3835	0
3836	0
3837	0
3838	0
3839	0
3840	0
3841	0
3842	0
3843	0
3844	0
3845	0
3846	0
3847	0
3848	0
3849	0
3850	0
3851	0
3852	0
3853	0
3854	0
3855	0
3856	0
3857	0
3858	0
3859	0
3860	0
3861	0
3862	0
3863	0
3864	0
3865	0
3866	0
3867	0
3868	0
3869	0
3870	0
3871	0
3872	0
3873	0
3874	0
3875	0
3876	0
3877	0
3878	0
3879	0
3880	0
3881	0
3882	0
3883	0
3884	0
3885	0
3886	0
3887	0
3888	0
3889	0
3890	0
3891	0
3892	0
3893	0
3894	0
3895	0
3896	0
3897	0
3898	0
3899	0
3900	0
3901	0
3902	0
3903	0
3904	0
3905	0
3906	0
3907	0
3908	0
3909	0
3910	0
3911	0
3912	0
3913	0
3914	0
3915	0
3916	0
3917	0
3918	0
3919	0
3920	0
3921	0
3922	0
3923	0
3924	0
3925	0
3926	0.41
3927	0
3928	0
3929	0.38
3930	0.38
3931	0.36
3932	0.28
3933	0.36
3934	0.33
3935	0.38
3936	0.38
3937	0.38
3938	0.38
3939	0.38
3940	0.38
3941	0.38
3942	0.38
3943	0.36
3944	0.36
3945	0.36
3946	0.36
3947	0.36
3948	0.41
3949	0.41
3950	0.41
3951	0.41
3952	0.41
3953	0.41
3954	0.41
3955	0.41
3956	0.43
3957	0.43
3958	0.41
3959	0.41
3960	0.41
3961	0.41
3962	0.41
3963	0.41
3964	0.41
3965	0.41
3966	0.41
3967	0.41
3968	0.41
3969	0.41
3970	0.41
3971	0.41
3972	0.41
3973	0.43
3974	0.43
3975	0.43
3976	0.46
3977	0.46
3978	0.46
3979	0.43
3980	0.41
3981	0.46
3982	0.38
3983	0.38
3984	0.38
3985	0.38
3986	0.36
3987	0.36
3988	0.36
3989	0.36
3990	0.36
3991	0.36
3992	0.36
3993	0.36
3994	0.36
3995	0.36
3996	0.33
3997	0.36
3998	0.36
3999	0.36
4000	0.38
4001	0.38
4002	0.38
4003	0.41
4004	0.41
4005	0.41
4006	0.41
4007	0.41
4008	0.41
4009	0.46
4010	0.46
4011	0.46
4012	0.46
4013	0.46
4014	0.46
4015	0.5825
4016	0.4945
4017	0.4945
4018	0.4945
4019	0.4945
4020	0.4715
4021	0.4715
4022	0.4715
4023	0.4715
4024	0.4715
4025	0.4715
4026	0.4715
4027	0.4715
4028	0.4715
4029	0.437
4030	0.4715
4031	0.4715
4032	0.4945
4033	0.4945
4034	0.552
4035	0.552
4036	0.575
4037	0.552
4038	0.552
4039	0.529
4040	0.4945
4041	0.4715
4042	0.4715
4043	0.552
4044	0.529
4045	0.529
4046	0.4945
4047	0.4715
4048	0.4715
4049	0.4715
4050	0.4715
4051	0.4715
4052	0.4715
4053	0.4715
4054	0.4715
4055	0.4715
4056	0.4715
4057	0.4715
4058	0.4715
4059	0.4715
4060	0.4715
4061	0.529
4062	0.529
4063	0.529
4064	0.4715
4065	0.4715
4066	0.4715
4067	0.4715
4068	0.4715
4069	0.4715
4070	0.4715
4071	0.4715
4072	0.4715
4073	0.4715
4074	0.552
4075	0.437
4076	0.41
4077	0.41
4078	0.41
4079	0.41
4080	0.41
4081	0.41
4082	0.41
4083	0.41
4084	0.41
4085	0.41
4086	0.41
4087	0.41
4088	0.41
4089	0.41
4090	0.41
4091	0.41
4092	0.41
4093	0.41
4094	0.41
4095	0.38
4096	0.41
4097	0.41
4098	0.43
4099	0.41
4100	0.43
4101	0.41
4102	0.41
4103	0.43
4104	0.43
4105	0.43
4106	0.43
4107	0.43
4108	0.43
4109	0.46
4110	0.46
4111	0.46
4112	0.46
4113	0.5
4114	0.5
4115	0.5
4116	0.5
4117	0.5
4118	0.5
4119	0.5
4120	0.5
4121	0.5
4122	0.5
4123	0.5
4124	0.5
4125	0.5
4126	0
4127	0.5
4128	0.5
4129	0
4130	0.5
4131	0.5
4132	0.5
4133	0.5
4134	0.5
4135	0.5
4136	0.5
4137	0.5
4138	0
4139	0
4140	0
4141	0
4142	0
4143	0
4144	0
4145	0
4146	0
4147	0
4148	0
4149	0
4150	0
4151	0
4152	0
4153	0
4154	0
4155	0
4156	0
4157	0
4158	0
4159	0
4160	0
4161	0
4162	0
4163	0
4164	0
4165	0
4166	0
4167	0
4168	0
4169	0
4170	0
4171	0
4172	0
4173	0
4174	0
4175	0
4176	0
4177	0
4178	0
4179	0
4180	0
4181	0
4182	0
4183	0
4184	0
4185	0
4186	0
4187	0
4188	0
4189	0
4190	0
4191	0
4192	0
4193	0
4194	0
4195	0
4196	0
4197	0
4198	0
4199	0
4200	0
4201	0
4202	0
4203	0
4204	0
4205	0
4206	0
4207	0
4208	0
4209	0
4210	0
4211	0
4212	0
4213	0
4214	0
4215	0
4216	0
4217	0
4218	0
4219	0
4220	0
4221	0
4222	0
4223	0
4224	0
4225	0
4226	0
4227	0
4228	0
4229	0
4230	0
4231	0
4232	0
4233	0
4234	0
4235	0
4236	0
4237	0
4238	0
4239	0
4240	0
4241	0
4242	0
4243	0
4244	0
4245	0
4246	0
4247	0
4248	0
4249	0
4250	0
4251	0
4252	0
4253	0
4254	0
4255	0
4256	0
4257	0
4258	0
4259	0
4260	0
4261	0
4262	0
4263	0
4264	0
4265	0
4266	0
4267	0
4268	0
4269	0
4270	0
4271	0
4272	0
4273	0
4274	0
4275	0
4276	0
4277	0
4278	0
4279	0
4280	0
4281	0
4282	0
4283	0
4284	0
4285	0
4286	0
4287	0
4288	0
4289	0
4290	0
4291	0.41
4292	0
4293	0
4294	0.38
4295	0.38
4296	0.36
4297	0.28
4298	0.36
4299	0.33
4300	0.38
4301	0.38
4302	0.38
4303	0.38
4304	0.38
4305	0.38
4306	0.38
4307	0.38
4308	0.36
4309	0.36
4310	0.36
4311	0.36
4312	0.36
4313	0.41
4314	0.41
4315	0.41
4316	0.41
4317	0.41
4318	0.41
4319	0.41
4320	0.41
4321	0.43
4322	0.43
4323	0.41
4324	0.41
4325	0.41
4326	0.41
4327	0.41
4328	0.41
4329	0.41
4330	0.41
4331	0.41
4332	0.41
4333	0.41
4334	0.41
4335	0.41
4336	0.41
4337	0.41
4338	0.43
4339	0.43
4340	0.43
4341	0.46
4342	0.46
4343	0.46
4344	0.43
4345	0.41
4346	0.46
4347	0.38
4348	0.38
4349	0.38
4350	0.38
4351	0.36
4352	0.36
4353	0.36
4354	0.36
4355	0.36
4356	0.36
4357	0.36
4358	0.36
4359	0.36
4360	0.36
4361	0.33
4362	0.36
4363	0.36
4364	0.36
4365	0.38
4366	0.38
4367	0.38
4368	0.41
4369	0.41
4370	0.41
4371	0.41
4372	0.41
4373	0.41
4374	0.46
4375	0.46
4376	0.46
4377	0.46
4378	0.46
4379	0.46
4380	0.5825
4381	0.4945
4382	0.4945
4383	0.4945
4384	0.4945
4385	0.4715
4386	0.4715
4387	0.4715
4388	0.4715
4389	0.4715
4390	0.4715
4391	0.4715
4392	0.4715
4393	0.4715
4394	0.437
4395	0.4715
4396	0.4715
4397	0.4945
4398	0.4945
4399	0.552
4400	0.552
4401	0.575
4402	0.552
4403	0.552
4404	0.529
4405	0.4945
4406	0.4715
4407	0.4715
4408	0.552
4409	0.529
4410	0.529
4411	0.4945
4412	0.4715
4413	0.4715
4414	0.4715
4415	0.4715
4416	0.4715
4417	0.4715
4418	0.4715
4419	0.4715
4420	0.4715
4421	0.4715
4422	0.4715
4423	0.4715
4424	0.4715
4425	0.4715
4426	0.529
4427	0.529
4428	0.529
4429	0.4715
4430	0.4715
4431	0.4715
4432	0.4715
4433	0.4715
4434	0.4715
4435	0.4715
4436	0.4715
4437	0.4715
4438	0.4715
4439	0.552
4440	0.437
4441	0.41
4442	0.41
4443	0.41
4444	0.41
4445	0.41
4446	0.41
4447	0.41
4448	0.41
4449	0.41
4450	0.41
4451	0.41
4452	0.41
4453	0.41
4454	0.41
4455	0.41
4456	0.41
4457	0.41
4458	0.41
4459	0.41
4460	0.38
4461	0.41
4462	0.41
4463	0.43
4464	0.41
4465	0.43
4466	0.41
4467	0.41
4468	0.43
4469	0.43
4470	0.43
4471	0.43
4472	0.43
4473	0.43
4474	0.46
4475	0.46
4476	0.46
4477	0.46
4478	0.5
4479	0.5
4480	0.5
4481	0.5
4482	0.5
4483	0.5
4484	0.5
4485	0.5
4486	0.5
4487	0.5
4488	0.5
4489	0.5
4490	0.5
4491	0
4492	0.5
4493	0.5
4494	0
4495	0.5
4496	0.5
4497	0.5
4498	0.5
4499	0.5
4500	0.5
4501	0.5
4502	0.5
4503	0
4504	0
4505	0
4506	0
4507	0
4508	0
4509	0
4510	0
4511	0
4512	0
4513	0
4514	0
4515	0
4516	0
4517	0
4518	0
4519	0
4520	0
4521	0
4522	0
4523	0
4524	0
4525	0
4526	0
4527	0
4528	0
4529	0
4530	0
4531	0
4532	0
4533	0
4534	0
4535	0
4536	0
4537	0
4538	0
4539	0
4540	0
4541	0
4542	0
4543	0
4544	0
4545	0
4546	0
4547	0
4548	0
4549	0
4550	0
4551	0
4552	0
4553	0
4554	0
4555	0
4556	0
4557	0
4558	0
4559	0
4560	0
4561	0
4562	0
4563	0
4564	0
4565	0
4566	0
4567	0
4568	0
4569	0
4570	0
4571	0
4572	0
4573	0
4574	0
4575	0
4576	0
4577	0
4578	0
4579	0
4580	0
4581	0
4582	0
4583	0
4584	0
4585	0
4586	0
4587	0
4588	0
4589	0
4590	0
4591	0
4592	0
4593	0
4594	0
4595	0
4596	0
4597	0
4598	0
4599	0
4600	0
4601	0
4602	0
4603	0
4604	0
4605	0
4606	0
4607	0
4608	0
4609	0
4610	0
4611	0
4612	0
4613	0
4614	0
4615	0
4616	0
4617	0
4618	0
4619	0
4620	0
4621	0
4622	0
4623	0
4624	0
4625	0
4626	0
4627	0
4628	0
4629	0
4630	0
4631	0
4632	0
4633	0
4634	0
4635	0
4636	0
4637	0
4638	0
4639	0
4640	0
4641	0
4642	0
4643	0
4644	0
4645	0
4646	0
4647	0
4648	0
4649	0
4650	0
4651	0
4652	0
4653	0
4654	0
4655	0
4656	0.41
4657	0
4658	0
4659	0.38
4660	0.38
4661	0.36
4662	0.28
4663	0.36
4664	0.33
4665	0.38
4666	0.38
4667	0.38
4668	0.38
4669	0.38
4670	0.38
4671	0.38
4672	0.38
4673	0.36
4674	0.36
4675	0.36
4676	0.36
4677	0.36
4678	0.41
4679	0.41
4680	0.41
4681	0.41
4682	0.41
4683	0.41
4684	0.41
4685	0.41
4686	0.43
4687	0.43
4688	0.41
4689	0.41
4690	0.41
4691	0.41
4692	0.41
4693	0.41
4694	0.41
4695	0.41
4696	0.41
4697	0.41
4698	0.41
4699	0.41
4700	0.41
4701	0.41
4702	0.41
4703	0.43
4704	0.43
4705	0.43
4706	0.46
4707	0.46
4708	0.46
4709	0.43
4710	0.41
4711	0.46
4712	0.38
4713	0.38
4714	0.38
4715	0.38
4716	0.36
4717	0.36
4718	0.36
4719	0.36
4720	0.36
4721	0.36
4722	0.36
4723	0.36
4724	0.36
4725	0.36
4726	0.33
4727	0.36
4728	0.36
4729	0.36
4730	0.38
4731	0.38
4732	0.38
4733	0.41
4734	0.41
4735	0.41
4736	0.41
4737	0.41
4738	0.41
4739	0.46
4740	0.46
4741	0.46
4742	0.46
4743	0.46
4744	0.46
4745	0.5825
4746	0.4945
4747	0.4945
4748	0.4945
4749	0.4945
4750	0.4715
4751	0.4715
4752	0.4715
4753	0.4715
4754	0.4715
4755	0.4715
4756	0.4715
4757	0.4715
4758	0.4715
4759	0.437
4760	0.4715
4761	0.4715
4762	0.4945
4763	0.4945
4764	0.552
4765	0.552
4766	0.575
4767	0.552
4768	0.552
4769	0.529
4770	0.4945
4771	0.4715
4772	0.4715
4773	0.552
4774	0.529
4775	0.529
4776	0.4945
4777	0.4715
4778	0.4715
4779	0.4715
4780	0.4715
4781	0.4715
4782	0.4715
4783	0.4715
4784	0.4715
4785	0.4715
4786	0.4715
4787	0.4715
4788	0.4715
4789	0.4715
4790	0.4715
4791	0.529
4792	0.529
4793	0.529
4794	0.4715
4795	0.4715
4796	0.4715
4797	0.4715
4798	0.4715
4799	0.4715
4800	0.4715
4801	0.4715
4802	0.4715
4803	0.4715
4804	0.552
4805	0.437
4806	0.41
4807	0.41
4808	0.41
4809	0.41
4810	0.41
4811	0.41
4812	0.41
4813	0.41
4814	0.41
4815	0.41
4816	0.41
4817	0.41
4818	0.41
4819	0.41
4820	0.41
4821	0.41
4822	0.41
4823	0.41
4824	0.41
4825	0.38
4826	0.41
4827	0.41
4828	0.43
4829	0.41
4830	0.43
4831	0.41
4832	0.41
4833	0.43
4834	0.43
4835	0.43
4836	0.43
4837	0.43
4838	0.43
4839	0.46
4840	0.46
4841	0.46
4842	0.46
4843	0.5
4844	0.5
4845	0.5
4846	0.5
4847	0.5
4848	0.5
4849	0.5
4850	0.5
4851	0.5
4852	0.5
4853	0.5
4854	0.5
4855	0.5
4856	0
4857	0.5
4858	0.5
4859	0
4860	0.5
4861	0.5
4862	0.5
4863	0.5
4864	0.5
4865	0.5
4866	0.5
4867	0.5
4868	0
4869	0
4870	0
4871	0
4872	0
4873	0
4874	0
4875	0
4876	0
4877	0
4878	0
4879	0
4880	0
4881	0
4882	0
4883	0
4884	0
4885	0
4886	0
4887	0
4888	0
4889	0
4890	0
4891	0
4892	0
4893	0
4894	0
4895	0
4896	0
4897	0
4898	0
4899	0
4900	0
4901	0
4902	0
4903	0
4904	0
4905	0
4906	0
4907	0
4908	0
4909	0
4910	0
4911	0
4912	0
4913	0
4914	0
4915	0
4916	0
4917	0
4918	0
4919	0
4920	0
4921	0
4922	0
4923	0
4924	0
4925	0
4926	0
4927	0
4928	0
4929	0
4930	0
4931	0
4932	0
4933	0
4934	0
4935	0
4936	0
4937	0
4938	0
4939	0
4940	0
4941	0
4942	0
4943	0
4944	0
4945	0
4946	0
4947	0
4948	0
4949	0
4950	0
4951	0
4952	0
4953	0
4954	0
4955	0
4956	0
4957	0
4958	0
4959	0
4960	0
4961	0
4962	0
4963	0
4964	0
4965	0
4966	0
4967	0
4968	0
4969	0
4970	0
4971	0
4972	0
4973	0
4974	0
4975	0
4976	0
4977	0
4978	0
4979	0
4980	0
4981	0
4982	0
4983	0
4984	0
4985	0
4986	0
4987	0
4988	0
4989	0
4990	0
4991	0
4992	0
4993	0
4994	0
4995	0
4996	0
4997	0
4998	0
4999	0
5000	0
5001	0
5002	0
5003	0
5004	0
5005	0
5006	0
5007	0
5008	0
5009	0
5010	0
5011	0
5012	0
5013	0
5014	0
5015	0
5016	0
5017	0
5018	0
5019	0
5020	0
5021	0.41
5022	0
5023	0
5024	0.38
5025	0.38
5026	0.36
5027	0.28
5028	0.36
5029	0.33
5030	0.38
5031	0.38
5032	0.38
5033	0.38
5034	0.38
5035	0.38
5036	0.38
5037	0.38
5038	0.36
5039	0.36
5040	0.36
5041	0.36
5042	0.36
5043	0.41
5044	0.41
5045	0.41
5046	0.41
5047	0.41
5048	0.41
5049	0.41
5050	0.41
5051	0.43
5052	0.43
5053	0.41
5054	0.41
5055	0.41
5056	0.41
5057	0.41
5058	0.41
5059	0.41
5060	0.41
5061	0.41
5062	0.41
5063	0.41
5064	0.41
5065	0.41
5066	0.41
5067	0.41
5068	0.43
5069	0.43
5070	0.43
5071	0.46
5072	0.46
5073	0.46
5074	0.43
5075	0.41
5076	0.46
5077	0.38
5078	0.38
5079	0.38
5080	0.38
5081	0.36
5082	0.36
5083	0.36
5084	0.36
5085	0.36
5086	0.36
5087	0.36
5088	0.36
5089	0.36
5090	0.36
5091	0.33
5092	0.36
5093	0.36
5094	0.36
5095	0.38
5096	0.38
5097	0.38
5098	0.41
5099	0.41
5100	0.41
5101	0.41
5102	0.41
5103	0.41
5104	0.46
5105	0.46
5106	0.46
5107	0.46
5108	0.46
5109	0.46
5110	0.5825
5111	0.4945
5112	0.4945
5113	0.4945
5114	0.4945
5115	0.4715
5116	0.4715
5117	0.4715
5118	0.4715
5119	0.4715
5120	0.4715
5121	0.4715
5122	0.4715
5123	0.4715
5124	0.437
5125	0.4715
5126	0.4715
5127	0.4945
5128	0.4945
5129	0.552
5130	0.552
5131	0.575
5132	0.552
5133	0.552
5134	0.529
5135	0.4945
5136	0.4715
5137	0.4715
5138	0.552
5139	0.529
5140	0.529
5141	0.4945
5142	0.4715
5143	0.4715
5144	0.4715
5145	0.4715
5146	0.4715
5147	0.4715
5148	0.4715
5149	0.4715
5150	0.4715
5151	0.4715
5152	0.4715
5153	0.4715
5154	0.4715
5155	0.4715
5156	0.529
5157	0.529
5158	0.529
5159	0.4715
5160	0.4715
5161	0.4715
5162	0.4715
5163	0.4715
5164	0.4715
5165	0.4715
5166	0.4715
5167	0.4715
5168	0.4715
5169	0.552
5170	0.437
5171	0.41
5172	0.41
5173	0.41
5174	0.41
5175	0.41
5176	0.41
5177	0.41
5178	0.41
5179	0.41
5180	0.41
5181	0.41
5182	0.41
5183	0.41
5184	0.41
5185	0.41
5186	0.41
5187	0.41
5188	0.41
5189	0.41
5190	0.38
5191	0.41
5192	0.41
5193	0.43
5194	0.41
5195	0.43
5196	0.41
5197	0.41
5198	0.43
5199	0.43
5200	0.43
5201	0.43
5202	0.43
5203	0.43
5204	0.46
5205	0.46
5206	0.46
5207	0.46
5208	0.5
5209	0.5
5210	0.5
5211	0.5
5212	0.5
5213	0.5
5214	0.5
5215	0.5
5216	0.5
5217	0.5
5218	0.5
5219	0.5
5220	0.5
5221	0
5222	0.5
5223	0.5
5224	0
5225	0.5
5226	0.5
5227	0.5
5228	0.5
5229	0.5
5230	0.5
5231	0.5
5232	0.5
5233	0
5234	0
5235	0
5236	0
5237	0
5238	0
5239	0
5240	0
5241	0
5242	0
5243	0
5244	0
5245	0
5246	0
5247	0
5248	0
5249	0
5250	0
5251	0
5252	0
5253	0
5254	0
5255	0
5256	0
5257	0
5258	0
5259	0
5260	0
5261	0
5262	0
5263	0
5264	0
5265	0
5266	0
5267	0
5268	0
5269	0
5270	0
5271	0
5272	0
5273	0
5274	0
5275	0
5276	0
5277	0
5278	0
5279	0
5280	0
5281	0
5282	0
5283	0
5284	0
5285	0
5286	0
5287	0
5288	0
5289	0
5290	0
5291	0
5292	0
5293	0
5294	0
5295	0
5296	0
5297	0
5298	0
5299	0
5300	0
5301	0
5302	0
5303	0
5304	0
5305	0
5306	0
5307	0
5308	0
5309	0
5310	0
5311	0
5312	0
5313	0
5314	0
5315	0
5316	0
5317	0
5318	0
5319	0
5320	0
5321	0
5322	0
5323	0
5324	0
5325	0
5326	0
5327	0
5328	0
5329	0
5330	0
5331	0
5332	0
5333	0
5334	0
5335	0
5336	0
5337	0
5338	0
5339	0
5340	0
5341	0
5342	0
5343	0
5344	0
5345	0
5346	0
5347	0
5348	0
5349	0
5350	0
5351	0
5352	0
5353	0
5354	0
5355	0
5356	0
5357	0
5358	0
5359	0
5360	0
5361	0
5362	0
5363	0
5364	0
5365	0
5366	0
5367	0
5368	0
5369	0
5370	0
5371	0
5372	0
5373	0
5374	0
5375	0
5376	0
5377	0
5378	0
5379	0
5380	0
5381	0
5382	0
5383	0
5384	0
5385	0
5386	0.41
5387	0
5388	0
5389	0.38
5390	0.38
5391	0.36
5392	0.28
5393	0.36
5394	0.33
5395	0.38
5396	0.38
5397	0.38
5398	0.38
5399	0.38
5400	0.38
5401	0.38
5402	0.38
5403	0.36
5404	0.36
5405	0.36
5406	0.36
5407	0.36
5408	0.41
5409	0.41
5410	0.41
5411	0.41
5412	0.41
5413	0.41
5414	0.41
5415	0.41
5416	0.43
5417	0.43
5418	0.41
5419	0.41
5420	0.41
5421	0.41
5422	0.41
5423	0.41
5424	0.41
5425	0.41
5426	0.41
5427	0.41
5428	0.41
5429	0.41
5430	0.41
5431	0.41
5432	0.41
5433	0.43
5434	0.43
5435	0.43
5436	0.46
5437	0.46
5438	0.46
5439	0.43
5440	0.41
5441	0.46
5442	0.38
5443	0.38
5444	0.38
5445	0.38
5446	0.36
5447	0.36
5448	0.36
5449	0.36
5450	0.36
5451	0.36
5452	0.36
5453	0.36
5454	0.36
5455	0.36
5456	0.33
5457	0.36
5458	0.36
5459	0.36
5460	0.38
5461	0.38
5462	0.38
5463	0.41
5464	0.41
5465	0.41
5466	0.41
5467	0.41
5468	0.41
5469	0.46
5470	0.46
5471	0.46
5472	0.46
5473	0.46
5474	0.46
5475	0.5825
5476	0.4945
5477	0.4945
5478	0.4945
5479	0.4945
5480	0.4715
5481	0.4715
5482	0.4715
5483	0.4715
5484	0.4715
5485	0.4715
5486	0.4715
5487	0.4715
5488	0.4715
5489	0.437
5490	0.4715
5491	0.4715
5492	0.4945
5493	0.4945
5494	0.552
5495	0.552
5496	0.575
5497	0.552
5498	0.552
5499	0.529
5500	0.4945
5501	0.4715
5502	0.4715
5503	0.552
5504	0.529
5505	0.529
5506	0.4945
5507	0.4715
5508	0.4715
5509	0.4715
5510	0.4715
5511	0.4715
5512	0.4715
5513	0.4715
5514	0.4715
5515	0.4715
5516	0.4715
5517	0.4715
5518	0.4715
5519	0.4715
5520	0.4715
5521	0.529
5522	0.529
5523	0.529
5524	0.4715
5525	0.4715
5526	0.4715
5527	0.4715
5528	0.4715
5529	0.4715
5530	0.4715
5531	0.4715
5532	0.4715
5533	0.4715
5534	0.552
5535	0.437
5536	0.41
5537	0.41
5538	0.41
5539	0.41
5540	0.41
5541	0.41
5542	0.41
5543	0.41
5544	0.41
5545	0.41
5546	0.41
5547	0.41
5548	0.41
5549	0.41
5550	0.41
5551	0.41
5552	0.41
5553	0.41
5554	0.41
5555	0.38
5556	0.41
5557	0.41
5558	0.43
5559	0.41
5560	0.43
5561	0.41
5562	0.41
5563	0.43
5564	0.43
5565	0.43
5566	0.43
5567	0.43
5568	0.43
5569	0.46
5570	0.46
5571	0.46
5572	0.46
5573	0.5
5574	0.5
5575	0.5
5576	0.5
5577	0.5
5578	0.5
5579	0.5
5580	0.5
5581	0.5
5582	0.5
5583	0.5
5584	0.5
5585	0.5
5586	0
5587	0.5
5588	0.5
5589	0
5590	0.5
5591	0.5
5592	0.5
5593	0.5
5594	0.5
5595	0.5
5596	0.5
5597	0.5
5598	0
5599	0
5600	0
5601	0
5602	0
5603	0
5604	0
5605	0
5606	0
5607	0
5608	0
5609	0
5610	0
5611	0
5612	0
5613	0
5614	0
5615	0
5616	0
5617	0
5618	0
5619	0
5620	0
5621	0
5622	0
5623	0
5624	0
5625	0
5626	0
5627	0
5628	0
5629	0
5630	0
5631	0
5632	0
5633	0
5634	0
5635	0
5636	0
5637	0
5638	0
5639	0
5640	0
5641	0
5642	0
5643	0
5644	0
5645	0
5646	0
5647	0
5648	0
5649	0
5650	0
5651	0
5652	0
5653	0
5654	0
5655	0
5656	0
5657	0
5658	0
5659	0
5660	0
5661	0
5662	0
5663	0
5664	0
5665	0
5666	0
5667	0
5668	0
5669	0
5670	0
5671	0
5672	0
5673	0
5674	0
5675	0
5676	0
5677	0
5678	0
5679	0
5680	0
5681	0
5682	0
5683	0
5684	0
5685	0
5686	0
5687	0
5688	0
5689	0
5690	0
5691	0
5692	0
5693	0
5694	0
5695	0
5696	0
5697	0
5698	0
5699	0
5700	0
5701	0
5702	0
5703	0
5704	0
5705	0
5706	0
5707	0
5708	0
5709	0
5710	0
5711	0
5712	0
5713	0
5714	0
5715	0
5716	0
5717	0
5718	0
5719	0
5720	0
5721	0
5722	0
5723	0
5724	0
5725	0
5726	0
5727	0
5728	0
5729	0
5730	0
5731	0
5732	0
5733	0
5734	0
5735	0
5736	0
5737	0
5738	0
5739	0
5740	0
5741	0
5742	0
5743	0
5744	0
5745	0
5746	0
5747	0
5748	0
5749	0
5750	0
5751	0.41
5752	0
5753	0
5754	0.38
5755	0.38
5756	0.36
5757	0.28
5758	0.36
5759	0.33
5760	0.38
5761	0.38
5762	0.38
5763	0.38
5764	0.38
5765	0.38
5766	0.38
5767	0.38
5768	0.36
5769	0.36
5770	0.36
5771	0.36
5772	0.36
5773	0.41
5774	0.41
5775	0.41
5776	0.41
5777	0.41
5778	0.41
5779	0.41
5780	0.41
5781	0.43
5782	0.43
5783	0.41
5784	0.41
5785	0.41
5786	0.41
5787	0.41
5788	0.41
5789	0.41
5790	0.41
5791	0.41
5792	0.41
5793	0.41
5794	0.41
5795	0.41
5796	0.41
5797	0.41
5798	0.43
5799	0.43
5800	0.43
5801	0.46
5802	0.46
5803	0.46
5804	0.43
5805	0.41
5806	0.46
5807	0.38
5808	0.38
5809	0.38
5810	0.38
5811	0.36
5812	0.36
5813	0.36
5814	0.36
5815	0.36
5816	0.36
5817	0.36
5818	0.36
5819	0.36
5820	0.36
5821	0.33
5822	0.36
5823	0.36
5824	0.36
5825	0.38
5826	0.38
5827	0.38
5828	0.41
5829	0.41
5830	0.41
5831	0.41
5832	0.41
5833	0.41
5834	0.46
5835	0.46
5836	0.46
5837	0.46
5838	0.46
5839	0.46
5840	0.5825
5841	0.4945
5842	0.4945
5843	0.4945
5844	0.4945
5845	0.4715
5846	0.4715
5847	0.4715
5848	0.4715
5849	0.4715
5850	0.4715
5851	0.4715
5852	0.4715
5853	0.4715
5854	0.437
5855	0.4715
5856	0.4715
5857	0.4945
5858	0.4945
5859	0.552
5860	0.552
5861	0.575
5862	0.552
5863	0.552
5864	0.529
5865	0.4945
5866	0.4715
5867	0.4715
5868	0.552
5869	0.529
5870	0.529
5871	0.4945
5872	0.4715
5873	0.4715
5874	0.4715
5875	0.4715
5876	0.4715
5877	0.4715
5878	0.4715
5879	0.4715
5880	0.4715
5881	0.4715
5882	0.4715
5883	0.4715
5884	0.4715
5885	0.4715
5886	0.529
5887	0.529
5888	0.529
5889	0.4715
5890	0.4715
5891	0.4715
5892	0.4715
5893	0.4715
5894	0.4715
5895	0.4715
5896	0.4715
5897	0.4715
5898	0.4715
5899	0.552
5900	0.437
5901	0.41
5902	0.41
5903	0.41
5904	0.41
5905	0.41
5906	0.41
5907	0.41
5908	0.41
5909	0.41
5910	0.41
5911	0.41
5912	0.41
5913	0.41
5914	0.41
5915	0.41
5916	0.41
5917	0.41
5918	0.41
5919	0.41
5920	0.38
5921	0.41
5922	0.41
5923	0.43
5924	0.41
5925	0.43
5926	0.41
5927	0.41
5928	0.43
5929	0.43
5930	0.43
5931	0.43
5932	0.43
5933	0.43
5934	0.46
5935	0.46
5936	0.46
5937	0.46
5938	0.5
5939	0.5
5940	0.5
5941	0.5
5942	0.5
5943	0.5
5944	0.5
5945	0.5
5946	0.5
5947	0.5
5948	0.5
5949	0.5
5950	0.5
5951	0
5952	0.5
5953	0.5
5954	0
5955	0.5
5956	0.5
5957	0.5
5958	0.5
5959	0.5
5960	0.5
5961	0.5
5962	0.5
5963	0
5964	0
5965	0
5966	0
5967	0
5968	0
5969	0
5970	0
5971	0
5972	0
5973	0
5974	0
5975	0
5976	0
5977	0
5978	0
5979	0
5980	0
5981	0
5982	0
5983	0
5984	0
5985	0
5986	0
5987	0
5988	0
5989	0
5990	0
5991	0
5992	0
5993	0
5994	0
5995	0
5996	0
5997	0
5998	0
5999	0
6000	0
6001	0
6002	0
6003	0
6004	0
6005	0
6006	0
6007	0
6008	0
6009	0
6010	0
6011	0
6012	0
6013	0
6014	0
6015	0
6016	0
6017	0
6018	0
6019	0
6020	0
6021	0
6022	0
6023	0
6024	0
6025	0
6026	0
6027	0
6028	0
6029	0
6030	0
6031	0
6032	0
6033	0
6034	0
6035	0
6036	0
6037	0
6038	0
6039	0
6040	0
6041	0
6042	0
6043	0
6044	0
6045	0
6046	0
6047	0
6048	0
6049	0
6050	0
6051	0
6052	0
6053	0
6054	0
6055	0
6056	0
6057	0
6058	0
6059	0
6060	0
6061	0
6062	0
6063	0
6064	0
6065	0
6066	0
6067	0
6068	0
6069	0
6070	0
6071	0
6072	0
6073	0
6074	0
6075	0
6076	0
6077	0
6078	0
6079	0
6080	0
6081	0
6082	0
6083	0
6084	0
6085	0
6086	0
6087	0
6088	0
6089	0
6090	0
6091	0
6092	0
6093	0
6094	0
6095	0
6096	0
6097	0
6098	0
6099	0
6100	0
6101	0
6102	0
6103	0
6104	0
6105	0
6106	0
6107	0
6108	0
6109	0
6110	0
6111	0
6112	0
6113	0
6114	0
6115	0
6116	0.41
6117	0
6118	0
6119	0.38
6120	0.38
6121	0.36
6122	0.28
6123	0.36
6124	0.33
6125	0.38
6126	0.38
6127	0.38
6128	0.38
6129	0.38
6130	0.38
6131	0.38
6132	0.38
6133	0.36
6134	0.36
6135	0.36
6136	0.36
6137	0.36
6138	0.41
6139	0.41
6140	0.41
6141	0.41
6142	0.41
6143	0.41
6144	0.41
6145	0.41
6146	0.43
6147	0.43
6148	0.41
6149	0.41
6150	0.41
6151	0.41
6152	0.41
6153	0.41
6154	0.41
6155	0.41
6156	0.41
6157	0.41
6158	0.41
6159	0.41
6160	0.41
6161	0.41
6162	0.41
6163	0.43
6164	0.43
6165	0.43
6166	0.46
6167	0.46
6168	0.46
6169	0.43
6170	0.41
6171	0.46
6172	0.38
6173	0.38
6174	0.38
6175	0.38
6176	0.36
6177	0.36
6178	0.36
6179	0.36
6180	0.36
6181	0.36
6182	0.36
6183	0.36
6184	0.36
6185	0.36
6186	0.33
6187	0.36
6188	0.36
6189	0.36
6190	0.38
6191	0.38
6192	0.38
6193	0.41
6194	0.41
6195	0.41
6196	0.41
6197	0.41
6198	0.41
6199	0.46
6200	0.46
6201	0.46
6202	0.46
6203	0.46
6204	0.46
6205	0.5825
6206	0.4945
6207	0.4945
6208	0.4945
6209	0.4945
6210	0.4715
6211	0.4715
6212	0.4715
6213	0.4715
6214	0.4715
6215	0.4715
6216	0.4715
6217	0.4715
6218	0.4715
6219	0.437
6220	0.4715
6221	0.4715
6222	0.4945
6223	0.4945
6224	0.552
6225	0.552
6226	0.575
6227	0.552
6228	0.552
6229	0.529
6230	0.4945
6231	0.4715
6232	0.4715
6233	0.552
6234	0.529
6235	0.529
6236	0.4945
6237	0.4715
6238	0.4715
6239	0.4715
6240	0.4715
6241	0.4715
6242	0.4715
6243	0.4715
6244	0.4715
6245	0.4715
6246	0.4715
6247	0.4715
6248	0.4715
6249	0.4715
6250	0.4715
6251	0.529
6252	0.529
6253	0.529
6254	0.4715
6255	0.4715
6256	0.4715
6257	0.4715
6258	0.4715
6259	0.4715
6260	0.4715
6261	0.4715
6262	0.4715
6263	0.4715
6264	0.552
6265	0.437
6266	0.41
6267	0.41
6268	0.41
6269	0.41
6270	0.41
6271	0.41
6272	0.41
6273	0.41
6274	0.41
6275	0.41
6276	0.41
6277	0.41
6278	0.41
6279	0.41
6280	0.41
6281	0.41
6282	0.41
6283	0.41
6284	0.41
6285	0.38
6286	0.41
6287	0.41
6288	0.43
6289	0.41
6290	0.43
6291	0.41
6292	0.41
6293	0.43
6294	0.43
6295	0.43
6296	0.43
6297	0.43
6298	0.43
6299	0.46
6300	0.46
6301	0.46
6302	0.46
6303	0.5
6304	0.5
6305	0.5
6306	0.5
6307	0.5
6308	0.5
6309	0.5
6310	0.5
6311	0.5
6312	0.5
6313	0.5
6314	0.5
6315	0.5
6316	0
6317	0.5
6318	0.5
6319	0
6320	0.5
6321	0.5
6322	0.5
6323	0.5
6324	0.5
6325	0.5
6326	0.5
6327	0.5
6328	0
6329	0
6330	0
6331	0
6332	0
6333	0
6334	0
6335	0
6336	0
6337	0
6338	0
6339	0
6340	0
6341	0
6342	0
6343	0
6344	0
6345	0
6346	0
6347	0
6348	0
6349	0
6350	0
6351	0
6352	0
6353	0
6354	0
6355	0
6356	0
6357	0
6358	0
6359	0
6360	0
6361	0
6362	0
6363	0
6364	0
6365	0
6366	0
6367	0
6368	0
6369	0
6370	0
6371	0
6372	0
6373	0
6374	0
6375	0
6376	0
6377	0
6378	0
6379	0
6380	0
6381	0
6382	0
6383	0
6384	0
6385	0
6386	0
6387	0
6388	0
6389	0
6390	0
6391	0
6392	0
6393	0
6394	0
6395	0
6396	0
6397	0
6398	0
6399	0
6400	0
6401	0
6402	0
6403	0
6404	0
6405	0
6406	0
6407	0
6408	0
6409	0
6410	0
6411	0
6412	0
6413	0
6414	0
6415	0
6416	0
6417	0
6418	0
6419	0
6420	0
6421	0
6422	0
6423	0
6424	0
6425	0
6426	0
6427	0
6428	0
6429	0
6430	0
6431	0
6432	0
6433	0
6434	0
6435	0
6436	0
6437	0
6438	0
6439	0
6440	0
6441	0
6442	0
6443	0
6444	0
6445	0
6446	0
6447	0
6448	0
6449	0
6450	0
6451	0
6452	0
6453	0
6454	0
6455	0
6456	0
6457	0
6458	0
6459	0
6460	0
6461	0
6462	0
6463	0
6464	0
6465	0
6466	0
6467	0
6468	0
6469	0
6470	0
6471	0
6472	0
6473	0
6474	0
6475	0
6476	0
6477	0
6478	0
6479	0
6480	0
6481	0.41
6482	0
6483	0
6484	0.38
6485	0.38
6486	0.36
6487	0.28
6488	0.36
6489	0.33
6490	0.38
6491	0.38
6492	0.38
6493	0.38
6494	0.38
6495	0.38
6496	0.38
6497	0.38
6498	0.36
6499	0.36
6500	0.36
6501	0.36
6502	0.36
6503	0.41
6504	0.41
6505	0.41
6506	0.41
6507	0.41
6508	0.41
6509	0.41
6510	0.41
6511	0.43
6512	0.43
6513	0.41
6514	0.41
6515	0.41
6516	0.41
6517	0.41
6518	0.41
6519	0.41
6520	0.41
6521	0.41
6522	0.41
6523	0.41
6524	0.41
6525	0.41
6526	0.41
6527	0.41
6528	0.43
6529	0.43
6530	0.43
6531	0.46
6532	0.46
6533	0.46
6534	0.43
6535	0.41
6536	0.46
6537	0.38
6538	0.38
6539	0.38
6540	0.38
6541	0.36
6542	0.36
6543	0.36
6544	0.36
6545	0.36
6546	0.36
6547	0.36
6548	0.36
6549	0.36
6550	0.36
6551	0.33
6552	0.36
6553	0.36
6554	0.36
6555	0.38
6556	0.38
6557	0.38
6558	0.41
6559	0.41
6560	0.41
6561	0.41
6562	0.41
6563	0.41
6564	0.46
6565	0.46
6566	0.46
6567	0.46
6568	0.46
6569	0.46
6570	0.5825
6571	0.4945
6572	0.4945
6573	0.4945
6574	0.4945
6575	0.4715
6576	0.4715
6577	0.4715
6578	0.4715
6579	0.4715
6580	0.4715
6581	0.4715
6582	0.4715
6583	0.4715
6584	0.437
6585	0.4715
6586	0.4715
6587	0.4945
6588	0.4945
6589	0.552
6590	0.552
6591	0.575
6592	0.552
6593	0.552
6594	0.529
6595	0.4945
6596	0.4715
6597	0.4715
6598	0.552
6599	0.529
6600	0.529
6601	0.4945
6602	0.4715
6603	0.4715
6604	0.4715
6605	0.4715
6606	0.4715
6607	0.4715
6608	0.4715
6609	0.4715
6610	0.4715
6611	0.4715
6612	0.4715
6613	0.4715
6614	0.4715
6615	0.4715
6616	0.529
6617	0.529
6618	0.529
6619	0.4715
6620	0.4715
6621	0.4715
6622	0.4715
6623	0.4715
6624	0.4715
6625	0.4715
6626	0.4715
6627	0.4715
6628	0.4715
6629	0.552
6630	0.437
6631	0.41
6632	0.41
6633	0.41
6634	0.41
6635	0.41
6636	0.41
6637	0.41
6638	0.41
6639	0.41
6640	0.41
6641	0.41
6642	0.41
6643	0.41
6644	0.41
6645	0.41
6646	0.41
6647	0.41
6648	0.41
6649	0.41
6650	0.38
6651	0.41
6652	0.41
6653	0.43
6654	0.41
6655	0.43
6656	0.41
6657	0.41
6658	0.43
6659	0.43
6660	0.43
6661	0.43
6662	0.43
6663	0.43
6664	0.46
6665	0.46
6666	0.46
6667	0.46
6668	0.5
6669	0.5
6670	0.5
6671	0.5
6672	0.5
6673	0.5
6674	0.5
6675	0.5
6676	0.5
6677	0.5
6678	0.5
6679	0.5
6680	0.5
6681	0
6682	0.5
6683	0.5
6684	0
6685	0.5
6686	0.5
6687	0.5
6688	0.5
6689	0.5
6690	0.5
6691	0.5
6692	0.5
6693	0
6694	0
6695	0
6696	0
6697	0
6698	0
6699	0
6700	0
6701	0
6702	0
6703	0
6704	0
6705	0
6706	0
6707	0
6708	0
6709	0
6710	0
6711	0
6712	0
6713	0
6714	0
6715	0
6716	0
6717	0
6718	0
6719	0
6720	0
6721	0
6722	0
6723	0
6724	0
6725	0
6726	0
6727	0
6728	0
6729	0
6730	0
6731	0
6732	0
6733	0
6734	0
6735	0
6736	0
6737	0
6738	0
6739	0
6740	0
6741	0
6742	0
6743	0
6744	0
6745	0
6746	0
6747	0
6748	0
6749	0
6750	0
6751	0
6752	0
6753	0
6754	0
6755	0
6756	0
6757	0
6758	0
6759	0
6760	0
6761	0
6762	0
6763	0
6764	0
6765	0
6766	0
6767	0
6768	0
6769	0
6770	0
6771	0
6772	0
6773	0
6774	0
6775	0
6776	0
6777	0
6778	0
6779	0
6780	0
6781	0
6782	0
6783	0
6784	0
6785	0
6786	0
6787	0
6788	0
6789	0
6790	0
6791	0
6792	0
6793	0
6794	0
6795	0
6796	0
6797	0
6798	0
6799	0
6800	0
6801	0
6802	0
6803	0
6804	0
6805	0
6806	0
6807	0
6808	0
6809	0
6810	0
6811	0
6812	0
6813	0
6814	0
6815	0
6816	0
6817	0
6818	0
6819	0
6820	0
6821	0
6822	0
6823	0
6824	0
6825	0
6826	0
6827	0
6828	0
6829	0
6830	0
6831	0
6832	0
6833	0
6834	0
6835	0
6836	0
6837	0
6838	0
6839	0
6840	0
6841	0
6842	0
6843	0
6844	0
6845	0
6846	0.41
6847	0
6848	0
6849	0.38
6850	0.38
6851	0.36
6852	0.28
6853	0.36
6854	0.33
6855	0.38
6856	0.38
6857	0.38
6858	0.38
6859	0.38
6860	0.38
6861	0.38
6862	0.38
6863	0.36
6864	0.36
6865	0.36
6866	0.36
6867	0.36
6868	0.41
6869	0.41
6870	0.41
6871	0.41
6872	0.41
6873	0.41
6874	0.41
6875	0.41
6876	0.43
6877	0.43
6878	0.41
6879	0.41
6880	0.41
6881	0.41
6882	0.41
6883	0.41
6884	0.41
6885	0.41
6886	0.41
6887	0.41
6888	0.41
6889	0.41
6890	0.41
6891	0.41
6892	0.41
6893	0.43
6894	0.43
6895	0.43
6896	0.46
6897	0.46
6898	0.46
6899	0.43
6900	0.41
6901	0.46
6902	0.38
6903	0.38
6904	0.38
6905	0.38
6906	0.36
6907	0.36
6908	0.36
6909	0.36
6910	0.36
6911	0.36
6912	0.36
6913	0.36
6914	0.36
6915	0.36
6916	0.33
6917	0.36
6918	0.36
6919	0.36
6920	0.38
6921	0.38
6922	0.38
6923	0.41
6924	0.41
6925	0.41
6926	0.41
6927	0.41
6928	0.41
6929	0.46
6930	0.46
6931	0.46
6932	0.46
6933	0.46
6934	0.46
6935	0.5825
6936	0.4945
6937	0.4945
6938	0.4945
6939	0.4945
6940	0.4715
6941	0.4715
6942	0.4715
6943	0.4715
6944	0.4715
6945	0.4715
6946	0.4715
6947	0.4715
6948	0.4715
6949	0.437
6950	0.4715
6951	0.4715
6952	0.4945
6953	0.4945
6954	0.552
6955	0.552
6956	0.575
6957	0.552
6958	0.552
6959	0.529
6960	0.4945
6961	0.4715
6962	0.4715
6963	0.552
6964	0.529
6965	0.529
6966	0.4945
6967	0.4715
6968	0.4715
6969	0.4715
6970	0.4715
6971	0.4715
6972	0.4715
6973	0.4715
6974	0.4715
6975	0.4715
6976	0.4715
6977	0.4715
6978	0.4715
6979	0.4715
6980	0.4715
6981	0.529
6982	0.529
6983	0.529
6984	0.4715
6985	0.4715
6986	0.4715
6987	0.4715
6988	0.4715
6989	0.4715
6990	0.4715
6991	0.4715
6992	0.4715
6993	0.4715
6994	0.552
6995	0.437
6996	0.41
6997	0.41
6998	0.41
6999	0.41
7000	0.41
7001	0.41
7002	0.41
7003	0.41
7004	0.41
7005	0.41
7006	0.41
7007	0.41
7008	0.41
7009	0.41
7010	0.41
7011	0.41
7012	0.41
7013	0.41
7014	0.41
7015	0.38
7016	0.41
7017	0.41
7018	0.43
7019	0.41
7020	0.43
7021	0.41
7022	0.41
7023	0.43
7024	0.43
7025	0.43
7026	0.43
7027	0.43
7028	0.43
7029	0.46
7030	0.46
7031	0.46
7032	0.46
7033	0.5
7034	0.5
7035	0.5
7036	0.5
7037	0.5
7038	0.5
7039	0.5
7040	0.5
7041	0.5
7042	0.5
7043	0.5
7044	0.5
7045	0.5
7046	0
7047	0.5
7048	0.5
7049	0
7050	0.5
7051	0.5
7052	0.5
7053	0.5
7054	0.5
7055	0.5
7056	0.5
7057	0.5
7058	0
7059	0
7060	0
7061	0
7062	0
7063	0
7064	0
7065	0
7066	0
7067	0
7068	0
7069	0
7070	0
7071	0
7072	0
7073	0
7074	0
7075	0
7076	0
7077	0
7078	0
7079	0
7080	0
7081	0
7082	0
7083	0
7084	0
7085	0
7086	0
7087	0
7088	0
7089	0
7090	0
7091	0
7092	0
7093	0
7094	0
7095	0
7096	0
7097	0
7098	0
7099	0
7100	0
7101	0
7102	0
7103	0
7104	0
7105	0
7106	0
7107	0
7108	0
7109	0
7110	0
7111	0
7112	0
7113	0
7114	0
7115	0
7116	0
7117	0
7118	0
7119	0
7120	0
7121	0
7122	0
7123	0
7124	0
7125	0
7126	0
7127	0
7128	0
7129	0
7130	0
7131	0
7132	0
7133	0
7134	0
7135	0
7136	0
7137	0
7138	0
7139	0
7140	0
7141	0
7142	0
7143	0
7144	0
7145	0
7146	0
7147	0
7148	0
7149	0
7150	0
7151	0
7152	0
7153	0
7154	0
7155	0
7156	0
7157	0
7158	0
7159	0
7160	0
7161	0
7162	0
7163	0
7164	0
7165	0
7166	0
7167	0
7168	0
7169	0
7170	0
7171	0
7172	0
7173	0
7174	0
7175	0
7176	0
7177	0
7178	0
7179	0
7180	0
7181	0
7182	0
7183	0
7184	0
7185	0
7186	0
7187	0
7188	0
7189	0
7190	0
7191	0
7192	0
7193	0
7194	0
7195	0
7196	0
7197	0
7198	0
7199	0
7200	0
7201	0
7202	0
7203	0
7204	0
7205	0
7206	0
7207	0
7208	0
7209	0
7210	0
7211	0.41
7212	0
7213	0
7214	0.38
7215	0.38
7216	0.36
7217	0.28
7218	0.36
7219	0.33
7220	0.38
7221	0.38
7222	0.38
7223	0.38
7224	0.38
7225	0.38
7226	0.38
7227	0.38
7228	0.36
7229	0.36
7230	0.36
7231	0.36
7232	0.36
7233	0.41
7234	0.41
7235	0.41
7236	0.41
7237	0.41
7238	0.41
7239	0.41
7240	0.41
7241	0.43
7242	0.43
7243	0.41
7244	0.41
7245	0.41
7246	0.41
7247	0.41
7248	0.41
7249	0.41
7250	0.41
7251	0.41
7252	0.41
7253	0.41
7254	0.41
7255	0.41
7256	0.41
7257	0.41
7258	0.43
7259	0.43
7260	0.43
7261	0.46
7262	0.46
7263	0.46
7264	0.43
7265	0.41
7266	0.46
7267	0.38
7268	0.38
7269	0.38
7270	0.38
7271	0.36
7272	0.36
7273	0.36
7274	0.36
7275	0.36
7276	0.36
7277	0.36
7278	0.36
7279	0.36
7280	0.36
7281	0.33
7282	0.36
7283	0.36
7284	0.36
7285	0.38
7286	0.38
7287	0.38
7288	0.41
7289	0.41
7290	0.41
7291	0.41
7292	0.41
7293	0.41
7294	0.46
7295	0.46
7296	0.46
7297	0.46
7298	0.46
7299	0.46
7300	0.5825