day	modified_temperature
1	-13.69972602739726
2	-11.799452054794521
3	-10.899178082191781
4	-8.298904109589042
5	-11.998630136986302
6	-14.398356164383562
7	-15.698082191780822
8	-16.197808219178082
9	-3.0975342465753424
10	-3.5972602739726027
11	-13.196986301369863
12	-25.296712328767125
13	-25.596438356164384
14	-30.296164383561646
15	-28.695890410958903
16	-29.195616438356165
17	-23.795342465753425
18	-19.695068493150686
19	-20.394794520547944
20	-15.094520547945205
21	-12.868405939280454
22	-22.196294714415256
23	-23.893562822106894
24	-26.457194813634583
25	-30.26510071143191
26	-29.66482673882917
27	-26.256372895826367
28	-24.49219295909319
29	-21.694376906196077
30	-22.59178082191781
31	-10.29150684931507
32	-11.59123287671233
33	-10.19095890410959
34	-7.89068493150685
35	-17.19041095890411
36	-27.69013698630137
37	-23.98986301369863
38	-27.58958904109589
39	-29.68931506849315
40	-26.589041095890412
41	-26.288767123287673
42	-25.38849315068493
43	-34.88821917808219
44	-37.58794520547946
45	-35.28767123287671
46	-31.587397260273974
47	-27.88712328767123
48	-12.386849315068494
49	-6.486575342465754
50	-1.2863013698630137
51	-3.186027397260274
52	-9.885753424657535
53	-14.285479452054796
54	-15.785205479452056
55	-12.284931506849317
56	-3.784657534246575
57	-8.284383561643835
58	-2.784109589041096
59	-3.4838356164383564
60	-7.7835616438356166
61	-23.383287671232875
62	-9.983013698630137
63	-3.782739726027397
64	-16.58246575342466
65	-22.382191780821916
66	-14.981917808219178
67	-7.781643835616438
68	-22.5813698630137
69	-27.58109589041096
70	-27.58082191780822
71	-30.68054794520548
72	-33.88027397260274
73	-35.08
74	-31.77972602739726
75	-24.279452054794522
76	-14.879178082191782
77	-9.978904109589042
78	-15.778630136986303
79	-19.078356164383564
80	-19.67808219178082
81	-21.677808219178083
82	-22.37753424657534
83	-19.177260273972603
84	-19.87698630136986
85	-12.176712328767122
86	-21.276438356164384
87	-19.876164383561644
88	-20.275890410958905
89	-19.975616438356166
90	-18.975342465753425
91	-18.875068493150682
92	-21.274794520547946
93	-17.274520547945205
94	-17.874246575342465
95	-22.373972602739723
96	-23.373698630136985
97	-19.573424657534247
98	-18.373150684931506
99	-12.372876712328768
100	-14.372602739726029
101	-13.072328767123288
102	-11.972054794520547
103	-13.571780821917807
104	-13.171506849315067
105	-14.271232876712329
106	-17.07095890410959
107	-17.27068493150685
108	-15.87041095890411
109	-14.57013698630137
110	-4.56986301369863
111	3.5304109589041097
112	-4.469315068493151
113	-2.069041095890411
114	0.6312328767123287
115	-0.2684931506849315
116	-2.2682191780821914
117	-6.867945205479453
118	-11.167671232876712
119	-11.067397260273973
120	-8.767123287671234
121	-9.066849315068493
122	-7.966575342465753
123	1.4336986301369863
124	1.633972602739726
125	-6.865753424657535
126	-7.565479452054794
127	-7.165205479452055
128	4.035068493150685
129	6.335342465753424
130	3.9356164383561643
131	-1.1641095890410957
132	1.136164383561644
133	4.436438356164384
134	0.6367123287671232
135	-0.26301369863013696
136	8.737260273972602
137	8.737534246575342
138	11.237808219178081
139	13.738082191780821
140	8.838356164383562
141	9.038630136986301
142	11.338904109589041
143	7.739178082191781
144	5.439452054794521
145	6.83972602739726
146	6.74
147	5.640273972602739
148	8.840547945205481
149	7.140821917808219
150	0.4410958904109589
151	3.4413698630136986
152	-0.8583561643835617
153	-0.5580821917808219
154	0.0421917808219178
155	-0.7575342465753425
156	-1.4572602739726028
157	1.443013698630137
158	3.643287671232877
159	7.943561643835617
160	9.743835616438355
161	8.844109589041096
162	10.844383561643836
163	2.1446575342465755
164	7.0449315068493155
165	12.445205479452055
166	15.945479452054794
167	14.245753424657533
168	11.346027397260274
169	14.846301369863014
170	13.946575342465755
171	13.946849315068494
172	19.447123287671232
173	20.347397260273972
174	18.147671232876714
175	18.24794520547945
176	18.44821917808219
177	15.648493150684931
178	15.348767123287672
179	9.949041095890411
180	12.04931506849315
181	17.44958904109589
182	16.74986301369863
183	14.05013698630137
184	15.45041095890411
185	11.250684931506848
186	12.750958904109588
187	15.151232876712328
188	19.251506849315067
189	10.651780821917807
190	5.652054794520548
191	5.552328767123288
192	5.352602739726027
193	4.552876712328767
194	4.8531506849315065
195	6.853424657534246
196	8.253698630136986
197	6.853972602739725
198	11.854246575342467
199	11.554520547945206
200	14.254794520547945
201	10.155068493150685
202	8.655342465753424
203	12.155616438356164
204	9.355890410958905
205	5.756164383561644
206	6.2564383561643835
207	7.456712328767123
208	6.356986301369862
209	6.9572602739726035
210	5.557534246575343
211	4.557808219178082
212	6.458082191780822
213	12.858356164383562
214	8.4586301369863
215	12.987468261131106
216	13.76255211754916
217	10.757028623886026
218	11.055435362293016
219	11.366341158929362
220	11.628515487347277
221	8.529552415584273
222	9.629826388187013
223	4.0793374051554965
224	3.61771102194306
225	8.907353170512193
226	10.809494377310681
227	11.065565816179294
228	7.562465753424657
229	2.3627397260273972
230	2.363013698630137
231	2.0632876712328767
232	1.6635616438356164
233	4.263835616438357
234	7.664109589041096
235	5.564383561643836
236	3.9646575342465753
237	6.864931506849315
238	11.265205479452055
239	9.565479452054795
240	2.4657534246575343
241	2.866027397260274
242	2.666301369863014
243	-0.1334246575342466
244	0.06684931506849315
245	3.6671232876712327
246	3.8173972602739727
247	3.9676712328767123
248	3.167945205479452
249	3.4682191780821916
250	5.168493150684931
251	2.1687671232876715
252	0.969041095890411
253	-1.5306849315068494
254	-0.9304109589041096
255	0.6698630136986301
256	0.7701369863013698
257	1.4704109589041094
258	0.2706849315068493
259	0.27095890410958906
260	-1.3287671232876712
261	-1.5284931506849315
262	-3.5282191780821917
263	-3.527945205479452
264	-4.127671232876713
265	-3.8273972602739725
266	-5.327123287671233
267	-5.426849315068493
268	-4.126575342465753
269	-1.6263013698630138
270	-1.726027397260274
271	-3.9257534246575343
272	-3.2254794520547945
273	-5.325205479452055
274	-3.524931506849315
275	-4.124657534246576
276	-0.2243835616438356
277	3.175890410958904
278	0.47616438356164387
279	-2.723561643835616
280	-5.323287671232877
281	-9.823013698630138
282	-11.122739726027396
283	-10.922465753424657
284	-12.022191780821917
285	-6.921917808219178
286	-6.2216438356164385
287	-5.821369863013699
288	-5.321095890410959
289	-6.0208219178082185
290	-11.120547945205479
291	-11.620273972602739
292	-7.52
293	-5.71972602739726
294	-8.319452054794521
295	-8.219178082191782
296	-8.718904109589042
297	-9.618630136986301
298	-4.918356164383562
299	-2.818082191780822
300	-6.417808219178082
301	-7.117534246575342
302	-10.117260273972603
303	-11.816986301369864
304	-15.816712328767125
305	-18.116438356164384
306	-8.816164383561643
307	-2.9158904109589043
308	-2.4156164383561642
309	-3.5153424657534247
310	-4.815068493150685
311	-11.114794520547944
312	-9.614520547945204
313	-8.314246575342466
314	-5.113972602739726
315	-8.113698630136986
316	-11.313424657534247
317	-16.613150684931504
318	-22.51287671232877
319	-25.212602739726027
320	-25.21232876712329
321	-27.112054794520546
322	-28.111780821917808
323	-25.01150684931507
324	-18.811232876712328
325	-20.810958904109587
326	-20.21068493150685
327	-21.610410958904108
328	-18.510136986301372
329	-6.40986301369863
330	-4.00958904109589
331	-8.00931506849315
332	-13.10904109589041
333	-14.00876712328767
334	-15.10849315068493
335	-19.30821917808219
336	-24.107945205479453
337	-29.007671232876714
338	-35.007397260273976
339	-34.107123287671236
340	-35.30684931506849
341	-35.70657534246575
342	-32.60630136986302
343	-28.306027397260273
344	-28.205753424657534
345	-31.005479452054796
346	-30.705205479452054
347	-32.804931506849314
348	-31.004657534246576
349	-27.710768724868796
350	-10.285932960065447
351	-8.471954994082093
352	-10.08869793870665
353	-15.08938452052412
354	-18.65267182949074
355	-18.55872688831475
356	-21.45845291571201
357	-28.451849911682523
358	-30.688014657510422
359	-28.886780130487473
360	-27.469489240657435
361	-18.282919261435307
362	-15.20082191780822
363	-24.600547945205477
364	-22.20027397260274
365	-19.5
366	-13.59972602739726
367	-11.699452054794522
368	-10.799178082191782
369	-8.198904109589042
370	-11.898630136986302
371	-14.298356164383563
372	-15.59808219178082
373	-16.09780821917808
374	-2.9975342465753427
375	-3.4972602739726026
376	-13.096986301369862
377	-25.196712328767124
378	-25.496438356164386
379	-30.196164383561644
380	-28.595890410958905
381	-29.095616438356164
382	-23.695342465753427
383	-19.595068493150684
384	-20.294794520547942
385	-14.994520547945205
386	-12.994246575342466
387	-22.593972602739726
388	-24.693698630136986
389	-27.693424657534248
390	-31.793150684931504
391	-31.19287671232877
392	-27.492602739726028
393	-25.292328767123287
394	-22.092054794520546
395	-22.49178082191781
396	-10.191506849315068
397	-11.491232876712328
398	-10.090958904109588
399	-7.79068493150685
400	-17.09041095890411
401	-27.59013698630137
402	-23.88986301369863
403	-27.489589041095893
404	-29.58931506849315
405	-26.489041095890414
406	-26.188767123287672
407	-25.28849315068493
408	-34.78821917808219
409	-37.487945205479456
410	-35.18767123287671
411	-31.487397260273973
412	-27.787123287671232
413	-12.286849315068494
414	-6.386575342465753
415	-1.1863013698630138
416	-3.086027397260274
417	-9.785753424657536
418	-14.185479452054794
419	-15.685205479452055
420	-12.184931506849315
421	-3.684657534246575
422	-8.184383561643836
423	-2.6841095890410958
424	-3.3838356164383563
425	-7.683561643835616
426	-23.283287671232877
427	-9.883013698630137
428	-3.682739726027397
429	-16.48246575342466
430	-22.282191780821915
431	-14.881917808219178
432	-7.6816438356164385
433	-22.4813698630137
434	-27.48109589041096
435	-27.48082191780822
436	-30.580547945205478
437	-33.780273972602735
438	-34.980000000000004
439	-31.679726027397262
440	-24.17945205479452
441	-14.77917808219178
442	-9.87890410958904
443	-15.678630136986301
444	-18.978356164383563
445	-19.578082191780823
446	-21.57780821917808
447	-22.277534246575343
448	-19.077260273972602
449	-19.776986301369863
450	-12.076712328767123
451	-21.176438356164383
452	-19.776164383561643
453	-20.175890410958903
454	-19.875616438356165
455	-18.875342465753423
456	-18.775068493150684
457	-21.174794520547945
458	-17.174520547945207
459	-17.774246575342463
460	-22.273972602739725
461	-23.273698630136984
462	-19.47342465753425
463	-18.273150684931505
464	-12.272876712328767
465	-13.993526652187255
466	-12.398985584587072
467	-10.868318651622149
468	-11.97438245402679
469	-11.167940446440953
470	-12.109124010018261
471	-15.067392501235476
472	-15.673286563615834
473	-14.766674816005711
474	-13.896793803765155
475	-4.46986301369863
476	3.6304109589041094
477	-4.369315068493151
478	-1.969041095890411
479	0.7312328767123287
480	-0.1684931506849315
481	-2.168219178082192
482	-6.767945205479452
483	-11.067671232876712
484	-10.967397260273973
485	-8.667123287671233
486	-8.966849315068492
487	-7.866575342465754
488	1.5336986301369862
489	1.7339726027397262
490	-6.765753424657534
491	-7.465479452054794
492	-7.065205479452055
493	4.135068493150685
494	6.435342465753425
495	4.035616438356164
496	-1.0641095890410959
497	1.2361643835616438
498	4.536438356164384
499	0.7367123287671232
500	-0.16301369863013698
501	8.837260273972602
502	8.837534246575341
503	11.337808219178081
504	13.83808219178082
505	8.938356164383562
506	9.1386301369863
507	11.438904109589043
508	7.839178082191781
509	5.539452054794521
510	6.93972602739726
511	6.84
512	5.740273972602739
513	8.94054794520548
514	7.240821917808219
515	0.541095890410959
516	3.5413698630136987
517	-0.7583561643835617
518	-0.4580821917808219
519	0.1421917808219178
520	-0.6575342465753425
521	-1.3572602739726027
522	1.5430136986301368
523	3.743287671232877
524	8.043561643835616
525	9.843835616438355
526	8.944109589041096
527	10.944383561643836
528	2.2446575342465755
529	7.144931506849315
530	12.545205479452056
531	16.045479452054796
532	14.345753424657534
533	11.446027397260275
534	14.946301369863015
535	14.046575342465754
536	14.046849315068494
537	19.54712328767123
538	20.447397260273974
539	18.247671232876712
540	18.34794520547945
541	18.548219178082192
542	15.748493150684931
543	15.448767123287672
544	10.049041095890411
545	12.14931506849315
546	17.54958904109589
547	16.84986301369863
548	14.15013698630137
549	15.55041095890411
550	11.350684931506848
551	12.850958904109588
552	15.25123287671233
553	19.35150684931507
554	10.751780821917809
555	5.752054794520547
556	5.652328767123287
557	5.452602739726027
558	4.6528767123287675
559	4.953150684931507
560	6.953424657534247
561	8.353698630136986
562	6.953972602739726
563	11.954246575342466
564	11.654520547945205
565	14.354794520547944
566	10.255068493150684
567	8.755342465753424
568	12.255616438356164
569	9.455890410958904
570	5.856164383561644
571	6.356438356164384
572	7.556712328767124
573	6.456986301369863
574	7.057260273972603
575	5.657534246575342
576	4.657808219178082
577	6.558082191780822
578	12.958356164383563
579	8.558630136986302
580	12.85890410958904
581	13.459178082191782
582	10.209452054794522
583	10.209726027397261
584	10.21
585	10.21027397260274
586	6.960547945205479
587	8.06082191780822
588	2.6610958904109587
589	2.4613698630136986
590	8.061643835616438
591	10.261917808219177
592	10.762191780821917
593	7.662465753424658
594	2.462739726027397
595	2.463013698630137
596	2.163287671232877
597	1.7635616438356165
598	4.363835616438356
599	7.764109589041095
600	5.664383561643835
601	4.064657534246575
602	6.9649315068493145
603	11.365205479452055
604	9.665479452054795
605	2.565753424657534
606	2.966027397260274
607	2.766301369863014
608	-0.03342465753424659
609	0.16684931506849313
610	3.767123287671233
611	3.9173972602739724
612	4.067671232876712
613	3.267945205479452
614	3.5682191780821917
615	5.2684931506849315
616	2.268767123287671
617	1.069041095890411
618	-1.4306849315068495
619	-0.8304109589041095
620	0.7698630136986301
621	0.8701369863013698
622	1.5704109589041095
623	0.37068493150684934
624	0.37095890410958904
625	-1.2287671232876711
626	-1.4284931506849317
627	-3.428219178082192
628	-3.4279452054794524
629	-4.027671232876712
630	-3.7273972602739724
631	-5.227123287671233
632	-5.326849315068493
633	-4.026575342465754
634	-1.5263013698630137
635	-1.6260273972602741
636	-3.825753424657534
637	-3.1254794520547944
638	-5.225205479452055
639	-3.4249315068493154
640	-4.024657534246575
641	-0.12438356164383563
642	3.275890410958904
643	0.5761643835616439
644	-2.6235616438356164
645	-5.223287671232877
646	-9.723013698630137
647	-11.022739726027396
648	-10.822465753424657
649	-11.922191780821917
650	-6.821917808219178
651	-6.121643835616438
652	-5.721369863013699
653	-5.221095890410959
654	-5.920821917808219
655	-11.020547945205479
656	-11.52027397260274
657	-7.42
658	-5.6197260273972605
659	-8.219452054794521
660	-8.119178082191782
661	-8.618904109589042
662	-9.518630136986301
663	-4.8183561643835615
664	-2.7180821917808218
665	-6.317808219178082
666	-7.017534246575343
667	-10.017260273972601
668	-11.716986301369863
669	-15.716712328767123
670	-18.016438356164382
671	-8.716164383561644
672	-2.8158904109589042
673	-2.3156164383561646
674	-3.4153424657534246
675	-4.715068493150685
676	-11.014794520547945
677	-9.514520547945205
678	-8.214246575342466
679	-5.0139726027397264
680	-8.013698630136986
681	-11.213424657534247
682	-16.513150684931507
683	-22.412876712328767
684	-25.11260273972603
685	-25.112328767123287
686	-27.012054794520548
687	-28.011780821917807
688	-24.91150684931507
689	-18.711232876712327
690	-20.71095890410959
691	-20.11068493150685
692	-21.51041095890411
693	-18.41013698630137
694	-6.30986301369863
695	-3.9095890410958902
696	-7.90931506849315
697	-13.00904109589041
698	-13.90876712328767
699	-15.00849315068493
700	-19.20821917808219
701	-24.00794520547945
702	-28.907671232876712
703	-34.907397260273974
704	-34.007123287671234
705	-35.20684931506849
706	-35.60657534246575
707	-32.50630136986302
708	-28.20602739726027
709	-28.105753424657536
710	-30.905479452054795
711	-30.605205479452056
712	-32.70493150684931
713	-30.904657534246578
714	-27.904383561643836
715	-10.704109589041096
716	-9.203835616438356
717	-11.203561643835616
718	-16.603287671232877
719	-20.503013698630138
720	-20.602739726027398
721	-23.50246575342466
722	-30.302191780821918
723	-32.20191780821918
724	-30.001643835616438
725	-28.201369863013696
726	-18.701095890410958
727	-15.10082191780822
728	-24.50054794520548
729	-22.10027397260274
730	-19.400000000000002
731	-13.49972602739726
732	-11.599452054794522
733	-10.69917808219178
734	-8.098904109589041
735	-11.7986301369863
736	-14.198356164383561
737	-15.49808219178082
738	-15.997808219178081
739	-2.8975342465753426
740	-3.397260273972603
741	-12.996986301369862
742	-25.096712328767126
743	-25.396438356164385
744	-30.096164383561643
745	-28.495890410958904
746	-28.995616438356162
747	-23.595342465753426
748	-19.495068493150683
749	-20.194794520547944
750	-14.894520547945206
751	-12.894246575342466
752	-22.493972602739724
753	-24.593698630136988
754	-27.593424657534246
755	-31.693150684931506
756	-31.092876712328767
757	-27.39260273972603
758	-25.192328767123286
759	-21.99205479452055
760	-22.39178082191781
761	-10.091506849315069
762	-11.391232876712328
763	-9.990958904109588
764	-7.6906849315068495
765	-16.99041095890411
766	-27.49013698630137
767	-23.78986301369863
768	-27.389589041095892
769	-29.48931506849315
770	-26.389041095890413
771	-26.08876712328767
772	-25.18849315068493
773	-34.68821917808219
774	-37.387945205479454
775	-35.08767123287671
776	-31.387397260273975
777	-27.68712328767123
778	-12.186849315068493
779	-6.286575342465754
780	-1.0863013698630137
781	-2.986027397260274
782	-9.685753424657534
783	-14.085479452054795
784	-15.585205479452055
785	-12.084931506849315
786	-3.584657534246575
787	-8.084383561643836
788	-2.5841095890410957
789	-3.283835616438356
790	-7.583561643835616
791	-23.183287671232875
792	-9.783013698630137
793	-3.582739726027397
794	-16.382465753424658
795	-22.182191780821917
796	-14.781917808219179
797	-7.581643835616438
798	-22.3813698630137
799	-27.38109589041096
800	-27.38082191780822
801	-30.48054794520548
802	-33.68027397260274
803	-34.88
804	-31.57972602739726
805	-24.079452054794523
806	-14.67917808219178
807	-9.77890410958904
808	-15.578630136986302
809	-18.878356164383565
810	-19.47808219178082
811	-21.477808219178083
812	-22.17753424657534
813	-18.9772602739726
814	-19.676986301369862
815	-11.976712328767123
816	-21.076438356164385
817	-19.67616438356164
818	-20.075890410958905
819	-19.775616438356163
820	-18.775342465753425
821	-18.675068493150683
822	-21.074794520547947
823	-17.074520547945205
824	-17.674246575342465
825	-22.173972602739724
826	-23.173698630136986
827	-19.373424657534247
828	-18.173150684931507
829	-12.172876712328767
830	-14.172602739726027
831	-12.872328767123287
832	-11.772054794520548
833	-13.371780821917808
834	-12.971506849315068
835	-14.07123287671233
836	-16.87095890410959
837	-17.07068493150685
838	-15.67041095890411
839	-14.37013698630137
840	-4.369863013698629
841	3.7304109589041095
842	-4.2693150684931505
843	-1.8690410958904111
844	0.8312328767123287
845	-0.0684931506849315
846	-2.0682191780821917
847	-6.667945205479453
848	-10.967671232876711
849	-10.867397260273972
850	-8.567123287671233
851	-8.866849315068492
852	-7.766575342465753
853	1.6336986301369862
854	1.833972602739726
855	-6.6657534246575345
856	-7.365479452054794
857	-6.965205479452055
858	4.235068493150685
859	6.535342465753424
860	4.135616438356164
861	-0.9641095890410959
862	1.336164383561644
863	4.636438356164384
864	0.8367123287671232
865	-0.063013698630137
866	8.937260273972601
867	8.937534246575341
868	11.437808219178082
869	13.938082191780822
870	9.038356164383563
871	9.238630136986302
872	11.538904109589042
873	7.939178082191781
874	5.639452054794521
875	7.03972602739726
876	6.94
877	5.8402739726027395
878	9.04054794520548
879	7.340821917808219
880	0.6410958904109589
881	3.6413698630136984
882	-0.6583561643835617
883	-0.3580821917808219
884	0.24219178082191778
885	-0.5575342465753426
886	-1.2572602739726029
887	1.643013698630137
888	3.843287671232877
889	8.143561643835616
890	9.943835616438355
891	9.044109589041097
892	11.044383561643837
893	2.3446575342465756
894	7.244931506849315
895	12.645205479452056
896	16.145479452054794
897	14.445753424657534
898	11.546027397260275
899	15.046301369863015
900	14.146575342465754
901	14.146849315068494
902	19.64712328767123
903	20.547397260273975
904	18.347671232876714
905	18.447945205479453
906	18.64821917808219
907	15.84849315068493
908	15.548767123287671
909	10.14904109589041
910	12.24931506849315
911	17.64958904109589
912	16.94986301369863
913	14.25013698630137
914	15.65041095890411
915	11.45068493150685
916	12.950958904109589
917	15.351232876712329
918	19.451506849315066
919	10.851780821917808
920	5.852054794520548
921	5.752328767123288
922	5.552602739726027
923	4.752876712328767
924	5.053150684931507
925	7.053424657534246
926	8.453698630136985
927	7.053972602739726
928	12.054246575342466
929	11.754520547945205
930	14.454794520547944
931	10.355068493150684
932	8.855342465753424
933	12.355616438356163
934	9.555890410958904
935	5.956164383561644
936	6.456438356164384
937	7.6567123287671235
938	6.556986301369863
939	7.157260273972603
940	5.757534246575342
941	4.757808219178083
942	6.658082191780823
943	13.058356164383563
944	8.658630136986302
945	12.95890410958904
946	13.559178082191782
947	10.309452054794521
948	10.30972602739726
949	10.31
950	10.31027397260274
951	7.060547945205479
952	8.160821917808219
953	2.761095890410959
954	2.5613698630136983
955	8.161643835616438
956	10.361917808219177
957	10.862191780821917
958	7.7624657534246575
959	2.562739726027397
960	2.5630136986301366
961	2.263287671232877
962	1.8635616438356166
963	4.463835616438356
964	7.864109589041096
965	5.764383561643836
966	4.164657534246575
967	7.064931506849315
968	11.465205479452054
969	9.765479452054795
970	2.665753424657534
971	3.0660273972602736
972	2.866301369863014
973	0.06657534246575342
974	0.26684931506849313
975	3.867123287671233
976	4.017397260273973
977	4.167671232876712
978	3.3679452054794523
979	3.668219178082192
980	5.368493150684931
981	2.3687671232876713
982	1.169041095890411
983	-1.3306849315068494
984	-0.7304109589041097
985	0.8698630136986301
986	0.9701369863013698
987	1.6704109589041094
988	0.4706849315068493
989	0.470958904109589
990	-1.128767123287671
991	-1.3284931506849316
992	-3.328219178082192
993	-3.3279452054794523
994	-3.9276712328767127
995	-3.6273972602739724
996	-5.127123287671234
997	-5.226849315068494
998	-3.9265753424657537
999	-1.4263013698630136
1000	-1.526027397260274
1001	-3.725753424657534
1002	-3.0254794520547943
1003	-5.125205479452055
1004	-3.3249315068493153
1005	-3.9246575342465757
1006	-0.02438356164383565
1007	3.3758904109589043
1008	0.6761643835616438
1009	-2.5235616438356163
1010	-5.123287671232877
1011	-9.623013698630137
1012	-10.922739726027396
1013	-10.722465753424657
1014	-11.822191780821917
1015	-6.721917808219178
1016	-6.021643835616438
1017	-5.621369863013699
1018	-5.12109589041096
1019	-5.820821917808219
1020	-10.92054794520548
1021	-11.42027397260274
1022	-7.319999999999999
1023	-5.51972602739726
1024	-7.947205771403218
1025	-7.247223796510623
1026	-7.246166658778391
1027	-8.64667585130514
1028	-4.718356164383562
1029	-2.6180821917808217
1030	-6.217808219178083
1031	-6.917534246575343
1032	-9.917260273972602
1033	-11.616986301369863
1034	-15.616712328767123
1035	-17.916438356164385
1036	-8.616164383561644
1037	-2.715890410958904
1038	-2.2156164383561645
1039	-3.033439320004986
1040	-3.3516662459559896
1041	-8.831796362147708
1042	-8.15111830075051
1043	-8.114246575342467
1044	-4.913972602739726
1045	-7.913698630136985
1046	-11.113424657534248
1047	-16.413150684931505
1048	-22.31287671232877
1049	-25.012602739726027
1050	-25.01232876712329
1051	-26.912054794520547
1052	-27.91178082191781
1053	-24.81150684931507
1054	-18.61123287671233
1055	-20.610958904109587
1056	-20.01068493150685
1057	-21.41041095890411
1058	-18.310136986301373
1059	-6.20986301369863
1060	-3.80958904109589
1061	-7.8093150684931505
1062	-12.90904109589041
1063	-13.808767123287671
1064	-14.908493150684931
1065	-19.10821917808219
1066	-23.90794520547945
1067	-28.807671232876714
1068	-34.80739726027397
1069	-33.90712328767123
1070	-35.106849315068494
1071	-35.50657534246575
1072	-32.406301369863016
1073	-28.106027397260274
1074	-28.005753424657534
1075	-30.805479452054797
1076	-30.505205479452055
1077	-32.60493150684931
1078	-30.804657534246576
1079	-27.80438356164384
1080	-10.604109589041096
1081	-9.103835616438356
1082	-11.103561643835617
1083	-16.503287671232876
1084	-20.403013698630136
1085	-20.502739726027396
1086	-23.402465753424657
1087	-30.202191780821916
1088	-32.10191780821918
1089	-29.901643835616436
1090	-28.101369863013698
1091	-18.601095890410956
1092	-15.00082191780822
1093	-24.400547945205478
1094	-22.00027397260274
1095	-19.3
1096	-13.399726027397259
1097	-11.49945205479452
1098	-10.59917808219178
1099	-7.998904109589041
1100	-11.698630136986301
1101	-14.098356164383562
1102	-15.398082191780821
1103	-15.897808219178081
1104	-2.7975342465753426
1105	-3.297260273972603
1106	-12.896986301369862
1107	-24.996712328767124
1108	-25.296438356164384
1109	-29.996164383561645
1110	-28.395890410958902
1111	-28.895616438356164
1112	-23.495342465753424
1113	-19.395068493150685
1114	-20.094794520547943
1115	-14.794520547945206
1116	-12.794246575342465
1117	-22.393972602739726
1118	-24.493698630136986
1119	-27.49342465753425
1120	-31.593150684931505
1121	-30.99287671232877
1122	-27.29260273972603
1123	-25.092328767123288
1124	-21.892054794520547
1125	-22.29178082191781
1126	-9.99150684931507
1127	-11.291232876712328
1128	-9.890958904109588
1129	-7.59068493150685
1130	-16.89041095890411
1131	-27.390136986301368
1132	-23.68986301369863
1133	-27.28958904109589
1134	-29.38931506849315
1135	-26.28904109589041
1136	-25.988767123287673
1137	-25.08849315068493
1138	-34.58821917808219
1139	-37.28794520547945
1140	-34.98767123287671
1141	-31.287397260273973
1142	-27.587123287671233
1143	-12.086849315068493
1144	-6.186575342465753
1145	-0.9863013698630138
1146	-2.8860273972602744
1147	-9.585753424657534
1148	-13.985479452054795
1149	-15.485205479452055
1150	-11.984931506849316
1151	-3.4846575342465753
1152	-7.984383561643837
1153	-2.4841095890410956
1154	-3.183835616438356
1155	-7.483561643835616
1156	-23.083287671232874
1157	-9.683013698630138
1158	-3.482739726027397
1159	-16.28246575342466
1160	-22.082191780821915
1161	-14.681917808219177
1162	-7.481643835616438
1163	-22.2813698630137
1164	-27.28109589041096
1165	-27.280821917808222
1166	-30.38054794520548
1167	-33.58027397260274
1168	-34.78
1169	-31.479726027397263
1170	-23.97945205479452
1171	-14.579178082191781
1172	-9.678904109589041
1173	-15.478630136986302
1174	-18.778356164383563
1175	-19.37808219178082
1176	-21.377808219178082
1177	-22.07753424657534
1178	-18.877260273972603
1179	-19.57698630136986
1180	-11.876712328767123
1181	-20.976438356164383
1182	-19.576164383561643
1183	-19.975890410958904
1184	-19.675616438356165
1185	-18.675342465753424
1186	-18.575068493150685
1187	-20.974794520547945
1188	-16.974520547945207
1189	-17.574246575342464
1190	-22.073972602739726
1191	-23.073698630136985
1192	-19.27342465753425
1193	-18.073150684931505
1194	-12.072876712328767
1195	-14.072602739726028
1196	-12.772328767123287
1197	-11.672054794520548
1198	-13.271780821917808
1199	-12.871506849315068
1200	-13.97123287671233
1201	-16.77095890410959
1202	-16.97068493150685
1203	-15.57041095890411
1204	-14.27013698630137
1205	-4.26986301369863
1206	3.8304109589041095
1207	-4.169315068493151
1208	-1.769041095890411
1209	0.9312328767123288
1210	0.031506849315068475
1211	-1.9682191780821916
1212	-6.567945205479452
1213	-10.867671232876711
1214	-10.767397260273972
1215	-8.467123287671233
1216	-8.766849315068493
1217	-7.6665753424657535
1218	1.733698630136986
1219	1.9339726027397262
1220	-6.565753424657535
1221	-7.2654794520547945
1222	-6.865205479452055
1223	4.335068493150685
1224	6.635342465753425
1225	4.235616438356164
1226	-0.8641095890410959
1227	1.436164383561644
1228	4.736438356164384
1229	0.9367123287671233
1230	0.03698630136986303
1231	9.037260273972603
1232	9.037534246575342
1233	11.537808219178082
1234	14.038082191780822
1235	9.138356164383563
1236	9.338630136986302
1237	11.638904109589042
1238	8.03917808219178
1239	5.739452054794521
1240	7.13972602739726
1241	7.04
1242	5.940273972602739
1243	9.14054794520548
1244	7.4408219178082184
1245	0.7410958904109589
1246	3.7413698630136984
1247	-0.5583561643835617
1248	-0.2580821917808219
1249	0.34219178082191776
1250	-0.45753424657534253
1251	-1.1572602739726028
1252	1.7430136986301368
1253	3.9432876712328766
1254	8.243561643835617
1255	10.043835616438356
1256	9.403612252853586
1257	11.585531028989754
1258	3.1358088664747
1259	8.342884069968248
1260	14.073193127668265
1261	17.874121197795183
1262	16.386544409315324
1263	13.563507137992696
1264	16.987092354520804
1265	15.875217088206142
1266	15.574836963284703
1267	20.745075850790165
1268	21.338548592502097
1269	18.888818700222632
1270	18.54794520547945
1271	18.74821917808219
1272	15.94849315068493
1273	15.648767123287673
1274	10.249041095890412
1275	12.349315068493151
1276	17.749589041095888
1277	17.04986301369863
1278	14.35013698630137
1279	15.75041095890411
1280	11.550684931506849
1281	13.050958904109589
1282	15.451232876712329
1283	19.551506849315068
1284	10.951780821917808
1285	5.9520547945205475
1286	5.8523287671232875
1287	5.652602739726027
1288	4.852876712328767
1289	5.153150684931506
1290	7.153424657534247
1291	8.553698630136985
1292	7.153972602739726
1293	12.154246575342466
1294	11.854520547945205
1295	14.554794520547944
1296	10.455068493150684
1297	8.955342465753425
1298	12.455616438356165
1299	9.655890410958905
1300	6.056164383561644
1301	6.556438356164383
1302	7.756712328767124
1303	6.656986301369863
1304	7.257260273972603
1305	5.857534246575343
1306	4.857808219178082
1307	6.758082191780822
1308	13.158356164383562
1309	8.758630136986302
1310	13.05890410958904
1311	13.659178082191781
1312	10.40945205479452
1313	10.40972602739726
1314	10.41
1315	10.41027397260274
1316	7.160547945205479
1317	8.260821917808219
1318	2.861095890410959
1319	2.6613698630136984
1320	8.26164383561644
1321	10.461917808219178
1322	10.962191780821918
1323	7.862465753424657
1324	2.662739726027397
1325	2.6630136986301367
1326	2.3632876712328765
1327	1.9635616438356165
1328	4.5638356164383564
1329	7.964109589041096
1330	5.864383561643836
1331	4.264657534246576
1332	7.164931506849315
1333	11.565205479452054
1334	9.865479452054794
1335	2.765753424657534
1336	3.1660273972602737
1337	2.9663013698630136
1338	0.1665753424657534
1339	0.3668493150684931
1340	3.967123287671233
1341	4.117397260273973
1342	4.267671232876713
1343	3.467945205479452
1344	3.768219178082192
1345	5.468493150684931
1346	2.4687671232876713
1347	1.269041095890411
1348	-1.2306849315068495
1349	-0.6304109589041096
1350	0.9698630136986301
1351	1.0701369863013697
1352	1.7704109589041095
1353	0.5706849315068493
1354	0.570958904109589
1355	-1.0287671232876712
1356	-1.2284931506849317
1357	-3.228219178082192
1358	-3.227945205479452
1359	-3.8276712328767126
1360	-3.5273972602739727
1361	-5.027123287671233
1362	-5.126849315068493
1363	-3.8265753424657536
1364	-1.3263013698630137
1365	-1.426027397260274
1366	-3.6257534246575345
1367	-2.925479452054794
1368	-5.0252054794520555
1369	-3.224931506849315
1370	-3.8246575342465756
1371	0.07561643835616438
1372	3.475890410958904
1373	0.7761643835616439
1374	-2.4235616438356162
1375	-5.023287671232877
1376	-9.523013698630137
1377	-10.822739726027397
1378	-10.622465753424658
1379	-11.722191780821918
1380	-6.6219178082191785
1381	-5.921643835616438
1382	-5.521369863013699
1383	-5.021095890410959
1384	-5.720821917808219
1385	-10.82054794520548
1386	-11.320273972602738
1387	-7.22
1388	-5.41972602739726
1389	-8.01945205479452
1390	-7.919178082191782
1391	-8.418904109589041
1392	-9.3186301369863
1393	-4.618356164383561
1394	-2.518082191780822
1395	-6.117808219178082
1396	-6.817534246575343
1397	-9.817260273972602
1398	-11.516986301369863
1399	-15.516712328767124
1400	-17.816438356164383
1401	-8.516164383561645
1402	-2.615890410958904
1403	-2.1156164383561644
1404	-3.215342465753425
1405	-4.515068493150685
1406	-10.814794520547945
1407	-9.314520547945206
1408	-8.014246575342467
1409	-4.813972602739726
1410	-7.813698630136986
1411	-11.013424657534246
1412	-16.313150684931507
1413	-22.212876712328768
1414	-24.91260273972603
1415	-24.912328767123288
1416	-26.81205479452055
1417	-27.811780821917807
1418	-24.71150684931507
1419	-18.511232876712327
1420	-20.510958904109586
1421	-19.91068493150685
1422	-21.310410958904107
1423	-18.21013698630137
1424	-6.1098630136986305
1425	-3.70958904109589
1426	-7.70931506849315
1427	-12.80904109589041
1428	-13.708767123287672
1429	-14.808493150684932
1430	-19.00821917808219
1431	-23.807945205479452
1432	-28.707671232876713
1433	-34.70739726027397
1434	-33.80712328767124
1435	-35.00684931506849
1436	-35.40657534246575
1437	-32.306301369863014
1438	-28.006027397260272
1439	-27.905753424657536
1440	-30.705479452054796
1441	-30.405205479452057
1442	-32.50493150684932
1443	-30.704657534246575
1444	-27.704383561643837
1445	-10.504109589041096
1446	-9.003835616438357
1447	-11.003561643835617
1448	-16.403287671232878
1449	-20.303013698630135
1450	-20.4027397260274
1451	-23.302465753424656
1452	-30.10219178082192
1453	-32.001917808219176
1454	-29.80164383561644
1455	-28.001369863013696
1456	-18.50109589041096
1457	-14.90082191780822
1458	-24.30054794520548
1459	-21.90027397260274
1460	-19.200000000000003
1461	-13.29972602739726
1462	-11.399452054794521
1463	-10.499178082191781
1464	-7.898904109589042
1465	-11.598630136986301
1466	-13.998356164383562
1467	-15.298082191780821
1468	-15.797808219178082
1469	-2.6975342465753425
1470	-3.197260273972603
1471	-12.796986301369863
1472	-24.896712328767123
1473	-25.196438356164386
1474	-29.896164383561644
1475	-28.295890410958904
1476	-28.795616438356163
1477	-23.395342465753426
1478	-19.295068493150684
1479	-19.994794520547945
1480	-14.694520547945205
1481	-12.694246575342465
1482	-22.293972602739725
1483	-24.39369863013699
1484	-27.393424657534247
1485	-31.493150684931507
1486	-30.892876712328768
1487	-27.19260273972603
1488	-24.992328767123286
1489	-21.792054794520546
1490	-22.19178082191781
1491	-9.89150684931507
1492	-11.191232876712329
1493	-9.790958904109589
1494	-7.490684931506849
1495	-16.790410958904108
1496	-27.29013698630137
1497	-23.58986301369863
1498	-27.189589041095893
1499	-29.28931506849315
1500	-26.189041095890413
1501	-25.88876712328767
1502	-24.98849315068493
1503	-34.48821917808219
1504	-37.18794520547945
1505	-34.88767123287671
1506	-31.187397260273976
1507	-27.48712328767123
1508	-11.986849315068493
1509	-6.086575342465753
1510	-0.8863013698630138
1511	-2.7860273972602743
1512	-9.485753424657535
1513	-13.885479452054796
1514	-15.385205479452056
1515	-11.884931506849316
1516	-3.3846575342465752
1517	-7.884383561643836
1518	-2.384109589041096
1519	-3.083835616438356
1520	-7.383561643835616
1521	-22.983287671232876
1522	-9.583013698630136
1523	-3.3827397260273973
1524	-16.18246575342466
1525	-21.982191780821918
1526	-14.581917808219178
1527	-7.381643835616439
1528	-22.1813698630137
1529	-27.181095890410962
1530	-27.18082191780822
1531	-30.28054794520548
1532	-33.48027397260274
1533	-34.68
1534	-31.37972602739726
1535	-23.87945205479452
1536	-14.479178082191781
1537	-9.578904109589041
1538	-15.378630136986303
1539	-18.678356164383562
1540	-19.278082191780822
1541	-21.27780821917808
1542	-21.977534246575342
1543	-18.7772602739726
1544	-19.476986301369863
1545	-11.776712328767122
1546	-20.876438356164385
1547	-19.476164383561642
1548	-19.875890410958906
1549	-19.575616438356164
1550	-18.575342465753426
1551	-18.475068493150683
1552	-20.874794520547947
1553	-16.874520547945206
1554	-17.474246575342466
1555	-21.973972602739725
1556	-22.973698630136983
1557	-19.173424657534248
1558	-17.973150684931504
1559	-11.972876712328768
1560	-13.972602739726028
1561	-12.672328767123288
1562	-11.572054794520549
1563	-13.171780821917809
1564	-12.771506849315069
1565	-13.87123287671233
1566	-16.67095890410959
1567	-16.87068493150685
1568	-15.47041095890411
1569	-14.170136986301369
1570	-4.16986301369863
1571	3.9304109589041096
1572	-4.06931506849315
1573	-1.6690410958904112
1574	1.0312328767123287
1575	0.13150684931506845
1576	-1.8682191780821915
1577	-6.467945205479452
1578	-10.767671232876712
1579	-10.667397260273972
1580	-8.367123287671234
1581	-8.666849315068493
1582	-7.566575342465754
1583	1.8336986301369862
1584	2.033972602739726
1585	-6.465753424657534
1586	-7.165479452054794
1587	-6.765205479452055
1588	4.435068493150685
1589	6.735342465753424
1590	4.335616438356165
1591	-0.7641095890410958
1592	1.5361643835616439
1593	4.836438356164384
1594	1.0367123287671232
1595	0.136986301369863
1596	9.137260273972602
1597	9.137534246575342
1598	11.637808219178082
1599	14.138082191780821
1600	9.238356164383562
1601	9.438630136986301
1602	11.738904109589042
1603	8.139178082191782
1604	5.839452054794521
1605	7.23972602739726
1606	7.140000000000001
1607	6.04027397260274
1608	9.24054794520548
1609	7.540821917808219
1610	0.8410958904109589
1611	3.8413698630136985
1612	-0.4583561643835617
1613	-0.15808219178082195
1614	0.4421917808219178
1615	-0.35753424657534255
1616	-1.0572602739726027
1617	1.8430136986301369
1618	4.043287671232877
1619	8.343561643835617
1620	10.143835616438356
1621	9.244109589041097
1622	11.244383561643836
1623	2.5446575342465754
1624	7.444931506849315
1625	12.845205479452055
1626	16.345479452054796
1627	14.645753424657533
1628	11.746027397260274
1629	15.246301369863014
1630	14.346575342465753
1631	14.346849315068493
1632	19.84712328767123
1633	20.747397260273974
1634	18.547671232876713
1635	18.647945205479452
1636	18.84821917808219
1637	16.04849315068493
1638	15.748767123287672
1639	10.349041095890412
1640	12.449315068493151
1641	17.84958904109589
1642	17.149863013698628
1643	14.45013698630137
1644	15.85041095890411
1645	11.650684931506849
1646	13.150958904109588
1647	15.551232876712328
1648	19.65150684931507
1649	11.051780821917808
1650	6.052054794520547
1651	5.952328767123287
1652	5.7526027397260275
1653	4.952876712328767
1654	5.253150684931507
1655	7.2534246575342465
1656	8.653698630136985
1657	7.253972602739726
1658	12.254246575342467
1659	11.954520547945206
1660	14.654794520547945
1661	10.555068493150685
1662	9.055342465753425
1663	12.555616438356164
1664	9.755890410958905
1665	6.156164383561644
1666	6.656438356164384
1667	7.856712328767124
1668	6.756986301369863
1669	7.357260273972603
1670	5.957534246575342
1671	4.957808219178082
1672	6.858082191780822
1673	13.258356164383562
1674	8.858630136986301
1675	13.15890410958904
1676	13.75917808219178
1677	10.50945205479452
1678	10.50972602739726
1679	10.510000000000002
1680	10.510273972602741
1681	7.260547945205479
1682	8.36082191780822
1683	2.961095890410959
1684	2.7613698630136985
1685	8.361643835616439
1686	10.561917808219178
1687	11.062191780821918
1688	7.962465753424658
1689	2.762739726027397
1690	2.763013698630137
1691	2.4632876712328766
1692	2.0635616438356164
1693	4.663835616438356
1694	8.064109589041095
1695	5.964383561643835
1696	4.559113184746374
1697	7.641598369690686
1698	12.304449821807337
1699	10.915972624293925
1700	4.103990320346555
1701	4.679316824499488
1702	4.479590797102229
1703	1.5048122381547744
1704	1.4173424873076246
1705	4.7063676300265165
1706	4.594064123115343
1707	4.367671232876712
1708	3.567945205479452
1709	3.8682191780821915
1710	5.568493150684931
1711	2.5687671232876714
1712	1.369041095890411
1713	-1.1306849315068495
1714	-0.5304109589041096
1715	1.06986301369863
1716	1.1701369863013698
1717	1.8704109589041096
1718	0.6706849315068493
1719	0.670958904109589
1720	-0.9287671232876712
1721	-1.1284931506849316
1722	-3.1282191780821917
1723	-3.127945205479452
1724	-3.7276712328767125
1725	-3.4273972602739726
1726	-4.927123287671233
1727	-5.026849315068493
1728	-3.7265753424657535
1729	-1.2263013698630136
1730	-1.326027397260274
1731	-3.5257534246575344
1732	-2.8254794520547946
1733	-4.925205479452055
1734	-3.124931506849315
1735	-3.7246575342465755
1736	0.17561643835616436
1737	3.575890410958904
1738	0.8761643835616438
1739	-2.323561643835616
1740	-4.9232876712328775
1741	-9.423013698630138
1742	-10.722739726027397
1743	-10.522465753424658
1744	-11.622191780821918
1745	-6.521917808219178
1746	-5.821643835616438
1747	-5.421369863013699
1748	-4.921095890410959
1749	-5.620821917808219
1750	-10.720547945205478
1751	-11.220273972602739
1752	-7.119999999999999
1753	-5.31972602739726
1754	-7.919452054794521
1755	-7.819178082191781
1756	-8.318904109589042
1757	-9.2186301369863
1758	-4.518356164383562
1759	-2.418082191780822
1760	-6.017808219178082
1761	-6.717534246575343
1762	-9.717260273972602
1763	-11.416986301369864
1764	-15.416712328767124
1765	-17.71643835616438
1766	-8.416164383561645
1767	-2.515890410958904
1768	-2.0156164383561643
1769	-3.1153424657534248
1770	-4.415068493150685
1771	-10.714794520547944
1772	-9.214520547945204
1773	-7.9142465753424664
1774	-4.713972602739727
1775	-7.713698630136985
1776	-10.913424657534247
1777	-16.213150684931506
1778	-22.11287671232877
1779	-24.812602739726028
1780	-24.81232876712329
1781	-26.712054794520547
1782	-27.711780821917806
1783	-24.61150684931507
1784	-18.411232876712326
1785	-20.410958904109588
1786	-19.81068493150685
1787	-21.21041095890411
1788	-18.11013698630137
1789	-6.00986301369863
1790	-3.60958904109589
1791	-7.60931506849315
1792	-12.70904109589041
1793	-13.60876712328767
1794	-14.70849315068493
1795	-18.90821917808219
1796	-23.70794520547945
1797	-28.607671232876715
1798	-34.60739726027398
1799	-33.70712328767124
1800	-34.90684931506849
1801	-35.30657534246575
1802	-32.20630136986302
1803	-27.906027397260274
1804	-27.805753424657535
1805	-30.605479452054794
1806	-30.305205479452056
1807	-32.404931506849316
1808	-30.604657534246577
1809	-27.604383561643836
1810	-10.404109589041097
1811	-8.903835616438357
1812	-10.903561643835618
1813	-16.303287671232876
1814	-20.203013698630137
1815	-20.302739726027397
1816	-23.202465753424658
1817	-30.002191780821917
1818	-31.901917808219178
1819	-29.701643835616437
1820	-27.9013698630137
1821	-18.401095890410957
1822	-14.80082191780822
1823	-24.20054794520548
1824	-21.800273972602742
1825	-19.1
1826	-13.19972602739726
1827	-11.299452054794521
1828	-10.399178082191781
1829	-7.798904109589042
1830	-11.498630136986302
1831	-13.898356164383562
1832	-15.198082191780822
1833	-15.697808219178082
1834	-2.597534246575343
1835	-3.0972602739726027
1836	-12.696986301369863
1837	-24.796712328767125
1838	-25.096438356164384
1839	-29.796164383561646
1840	-28.195890410958903
1841	-28.695616438356165
1842	-23.295342465753425
1843	-19.195068493150686
1844	-19.894794520547944
1845	-14.594520547945205
1846	-12.594246575342465
1847	-22.193972602739727
1848	-24.293698630136987
1849	-27.293424657534246
1850	-31.393150684931506
1851	-30.792876712328766
1852	-27.09260273972603
1853	-24.892328767123285
1854	-21.692054794520548
1855	-22.09178082191781
1856	-9.79150684931507
1857	-11.09123287671233
1858	-9.69095890410959
1859	-7.39068493150685
1860	-16.69041095890411
1861	-27.19013698630137
1862	-23.48986301369863
1863	-27.08958904109589
1864	-29.18931506849315
1865	-26.089041095890412
1866	-25.788767123287673
1867	-24.88849315068493
1868	-34.38821917808219
1869	-37.08794520547946
1870	-34.78767123287671
1871	-31.087397260273974
1872	-27.38712328767123
1873	-11.886849315068494
1874	-5.986575342465754
1875	-0.7863013698630138
1876	-2.686027397260274
1877	-9.385753424657535
1878	-13.785479452054796
1879	-15.285205479452056
1880	-11.784931506849317
1881	-3.284657534246575
1882	-7.784383561643836
1883	-2.284109589041096
1884	-2.9838356164383564
1885	-7.2835616438356166
1886	-22.883287671232875
1887	-9.483013698630137
1888	-3.282739726027397
1889	-16.08246575342466
1890	-21.882191780821916
1891	-14.481917808219178
1892	-7.281643835616438
1893	-22.0813698630137
1894	-27.08109589041096
1895	-27.08082191780822
1896	-30.18054794520548
1897	-33.38027397260274
1898	-34.58
1899	-31.27972602739726
1900	-23.779452054794522
1901	-14.379178082191782
1902	-9.478904109589042
1903	-15.278630136986303
1904	-18.578356164383564
1905	-19.17808219178082
1906	-21.177808219178083
1907	-21.87753424657534
1908	-18.677260273972603
1909	-19.37698630136986
1910	-11.676712328767122
1911	-20.776438356164384
1912	-19.376164383561644
1913	-19.775890410958905
1914	-19.475616438356166
1915	-18.475342465753425
1916	-18.375068493150685
1917	-20.774794520547946
1918	-16.774520547945205
1919	-17.374246575342465
1920	-21.873972602739723
1921	-22.873698630136985
1922	-19.073424657534247
1923	-17.873150684931506
1924	-11.872876712328768
1925	-13.872602739726029
1926	-12.572328767123288
1927	-11.472054794520549
1928	-13.071780821917807
1929	-12.671506849315067
1930	-13.771232876712329
1931	-16.57095890410959
1932	-16.77068493150685
1933	-15.37041095890411
1934	-14.07013698630137
1935	-4.06986301369863
1936	4.03041095890411
1937	-3.9693150684931506
1938	-1.569041095890411
1939	1.1312328767123287
1940	0.23150684931506843
1941	-1.7682191780821916
1942	-6.367945205479453
1943	-10.667671232876712
1944	-10.567397260273973
1945	-8.267123287671234
1946	-8.566849315068493
1947	-7.466575342465753
1948	1.9336986301369863
1949	2.133972602739726
1950	-6.365753424657535
1951	-7.065479452054794
1952	-6.665205479452055
1953	4.535068493150685
1954	6.835342465753424
1955	4.435616438356164
1956	-0.6641095890410958
1957	1.6361643835616437
1958	4.936438356164384
1959	1.1367123287671232
1960	0.23698630136986304
1961	9.237260273972602
1962	9.237534246575342
1963	11.737808219178081
1964	14.238082191780821
1965	9.338356164383562
1966	9.538630136986301
1967	11.838904109589041
1968	8.239178082191781
1969	5.939452054794521
1970	7.33972602739726
1971	7.24
1972	6.140273972602739
1973	9.340547945205481
1974	7.640821917808219
1975	0.9410958904109589
1976	3.9413698630136986
1977	-0.35835616438356166
1978	-0.05808219178082197
1979	0.5421917808219178
1980	-0.2575342465753425
1981	-0.9572602739726028
1982	1.943013698630137
1983	4.143287671232876
1984	8.443561643835617
1985	10.243835616438355
1986	9.344109589041096
1987	11.344383561643836
1988	2.6446575342465755
1989	7.544931506849315
1990	12.945205479452055
1991	16.445479452054794
1992	14.745753424657533
1993	11.846027397260274
1994	15.346301369863014
1995	14.7795858441208
1996	15.01295810657928
1997	20.834053111371045
1998	22.128034147733096
1999	20.351830359519578
2000	20.83792299914578
2001	21.310440514222016
2002	18.60912642894712
2003	18.210988459427497
2004	12.53901888955674
2005	14.253474195136015
2006	19.230225928555015
2007	18.136792837398442
2008	15.116245777812155
2009	15.95041095890411
2010	11.750684931506848
2011	13.250958904109588
2012	15.651232876712328
2013	19.751506849315067
2014	11.151780821917807
2015	6.152054794520548
2016	6.052328767123288
2017	5.852602739726027
2018	5.052876712328767
2019	5.3531506849315065
2020	7.353424657534246
2021	8.753698630136986
2022	7.353972602739725
2023	12.354246575342467
2024	12.054520547945206
2025	14.754794520547945
2026	10.655068493150685
2027	9.155342465753424
2028	12.655616438356164
2029	9.855890410958905
2030	6.256164383561644
2031	6.7564383561643835
2032	7.956712328767123
2033	6.856986301369862
2034	7.457260273972603
2035	6.057534246575343
2036	5.057808219178082
2037	6.958082191780822
2038	13.358356164383562
2039	8.9586301369863
2040	13.25890410958904
2041	13.859178082191782
2042	10.609452054794522
2043	10.609726027397262
2044	10.610000000000001
2045	10.61027397260274
2046	7.36054794520548
2047	8.46082191780822
2048	3.061095890410959
2049	2.8613698630136986
2050	8.461643835616439
2051	10.661917808219178
2052	11.162191780821917
2053	8.062465753424657
2054	2.862739726027397
2055	2.863013698630137
2056	2.5632876712328767
2057	2.1635616438356164
2058	4.763835616438357
2059	8.164109589041095
2060	6.064383561643836
2061	4.464657534246575
2062	7.364931506849315
2063	11.765205479452055
2064	10.065479452054795
2065	2.9657534246575343
2066	3.366027397260274
2067	3.166301369863014
2068	0.36657534246575335
2069	0.7116141679479835
2070	4.447537473855381
2071	4.793290416051439
2072	5.175277331688948
2073	4.589765587523654
2074	5.020359527228981
2075	6.72063349983172
2076	3.5905875053318734
2077	2.1766471947026464
2078	-0.5547917757293829
2079	-0.14999677271996115
2080	1.16986301369863
2081	1.2701369863013698
2082	1.9704109589041094
2083	0.7706849315068494
2084	0.770958904109589
2085	-0.8287671232876712
2086	-1.0284931506849317
2087	-3.0282191780821917
2088	-3.027945205479452
2089	-3.6276712328767124
2090	-3.3273972602739725
2091	-4.827123287671233
2092	-4.926849315068493
2093	-3.6265753424657534
2094	-1.1263013698630138
2095	-1.2260273972602742
2096	-3.2127772385478512
2097	-1.959480840492471
2098	-3.3725037590499687
2099	-1.5722297864472283
2100	-2.858658922684252
2101	0.2756164383561644
2102	3.675890410958904
2103	0.9761643835616438
2104	-2.223561643835616
2105	-4.823287671232877
2106	-9.323013698630138
2107	-10.622739726027397
2108	-10.422465753424657
2109	-11.522191780821917
2110	-6.421917808219178
2111	-5.7216438356164385
2112	-5.321369863013699
2113	-4.821095890410959
2114	-5.5208219178082185
2115	-10.620547945205479
2116	-11.120273972602739
2117	-7.02
2118	-5.21972602739726
2119	-7.819452054794521
2120	-7.719178082191782
2121	-8.218904109589042
2122	-9.118630136986301
2123	-4.418356164383562
2124	-2.318082191780822
2125	-5.917808219178082
2126	-6.617534246575342
2127	-9.617260273972603
2128	-11.316986301369864
2129	-15.316712328767125
2130	-17.616438356164384
2131	-8.316164383561643
2132	-2.4158904109589043
2133	-1.9156164383561645
2134	-3.0153424657534247
2135	-4.315068493150685
2136	-10.614794520547944
2137	-9.114520547945204
2138	-7.814246575342466
2139	-4.613972602739726
2140	-7.613698630136986
2141	-10.813424657534247
2142	-16.113150684931504
2143	-22.01287671232877
2144	-24.712602739726027
2145	-24.71232876712329
2146	-26.612054794520546
2147	-27.611780821917808
2148	-24.51150684931507
2149	-18.311232876712328
2150	-20.310958904109587
2151	-19.71068493150685
2152	-21.110410958904108
2153	-18.010136986301372
2154	-5.90986301369863
2155	-3.5095890410958903
2156	-7.509315068493151
2157	-12.60904109589041
2158	-13.50876712328767
2159	-14.60849315068493
2160	-18.80821917808219
2161	-23.607945205479453
2162	-28.507671232876714
2163	-34.507397260273976
2164	-33.607123287671236
2165	-34.80684931506849
2166	-35.20657534246575
2167	-32.10630136986302
2168	-27.806027397260273
2169	-27.705753424657534
2170	-30.505479452054796
2171	-30.205205479452054
2172	-32.304931506849314
2173	-30.504657534246576
2174	-27.504383561643838
2175	-10.304109589041097
2176	-8.803835616438356
2177	-10.803561643835616
2178	-16.20328767123288
2179	-20.103013698630136
2180	-20.2027397260274
2181	-23.102465753424656
2182	-29.90219178082192
2183	-31.801917808219176
2184	-29.60164383561644
2185	-27.801369863013697
2186	-18.301095890410956
2187	-14.70082191780822
2188	-24.100547945205477
2189	-21.70027397260274
2190	-19.0
2191	-13.09972602739726
2192	-11.199452054794522
2193	-10.299178082191782
2194	-7.698904109589042
2195	-11.398630136986302
2196	-13.798356164383563
2197	-15.098082191780822
2198	-15.59780821917808
2199	-2.4975342465753427
2200	-2.9972602739726026
2201	-12.596986301369862
2202	-24.696712328767124
2203	-24.996438356164386
2204	-29.482588423022076
2205	-27.138709362921766
2206	-27.01749168454629
2207	-22.238161417716288
2208	-19.095068493150684
2209	-19.794794520547946
2210	-14.494520547945205
2211	-12.494246575342466
2212	-22.093972602739726
2213	-24.193698630136986
2214	-27.193424657534248
2215	-31.293150684931504
2216	-30.69287671232877
2217	-26.992602739726028
2218	-24.792328767123287
2219	-21.592054794520546
2220	-21.99178082191781
2221	-9.691506849315068
2222	-10.991232876712328
2223	-9.590958904109588
2224	-7.29068493150685
2225	-16.59041095890411
2226	-27.09013698630137
2227	-23.38986301369863
2228	-26.989589041095893
2229	-29.08931506849315
2230	-25.989041095890414
2231	-25.688767123287672
2232	-24.78849315068493
2233	-34.28821917808219
2234	-36.987945205479456
2235	-34.68767123287671
2236	-30.987397260273973
2237	-27.287123287671232
2238	-11.786849315068494
2239	-5.886575342465753
2240	-0.6863013698630138
2241	-2.586027397260274
2242	-9.285753424657536
2243	-13.685479452054796
2244	-15.185205479452055
2245	-11.684931506849315
2246	-3.184657534246575
2247	-7.684383561643837
2248	-2.1841095890410958
2249	-2.8838356164383563
2250	-7.183561643835616
2251	-22.783287671232877
2252	-9.383013698630137
2253	-3.182739726027397
2254	-15.982465753424659
2255	-21.782191780821915
2256	-14.381917808219178
2257	-7.1816438356164385
2258	-21.9813698630137
2259	-26.98109589041096
2260	-26.98082191780822
2261	-30.080547945205478
2262	-33.280273972602735
2263	-34.480000000000004
2264	-31.179726027397262
2265	-23.67945205479452
2266	-14.27917808219178
2267	-9.37890410958904
2268	-15.178630136986301
2269	-18.478356164383563
2270	-19.078082191780823
2271	-21.07780821917808
2272	-21.777534246575343
2273	-18.577260273972602
2274	-19.276986301369863
2275	-11.576712328767123
2276	-20.676438356164383
2277	-19.276164383561643
2278	-19.675890410958903
2279	-19.375616438356165
2280	-18.375342465753423
2281	-18.275068493150684
2282	-20.674794520547945
2283	-16.674520547945207
2284	-17.274246575342463
2285	-21.773972602739725
2286	-22.773698630136984
2287	-18.97342465753425
2288	-17.773150684931505
2289	-11.772876712328767
2290	-13.772602739726027
2291	-12.472328767123287
2292	-11.372054794520547
2293	-12.971780821917807
2294	-12.571506849315067
2295	-13.67123287671233
2296	-16.47095890410959
2297	-16.67068493150685
2298	-15.27041095890411
2299	-13.97013698630137
2300	-3.96986301369863
2301	4.130410958904109
2302	-3.869315068493151
2303	-1.469041095890411
2304	1.2312328767123288
2305	0.3315068493150684
2306	-1.6682191780821918
2307	-6.267945205479452
2308	-10.567671232876712
2309	-10.467397260273973
2310	-8.167123287671235
2311	-8.466849315068492
2312	-7.366575342465754
2313	2.0336986301369864
2314	2.233972602739726
2315	-6.265753424657534
2316	-6.965479452054794
2317	-6.565205479452055
2318	4.635068493150685
2319	6.935342465753425
2320	4.535616438356164
2321	-0.5641095890410959
2322	1.7361643835616438
2323	5.036438356164384
2324	1.2367123287671231
2325	0.5637742504012462
2326	9.941280251276513
2327	10.49810651451778
2328	13.446536260242256
2329	15.946810232844996
2330	10.598928432326
2331	10.242650114290214
2332	11.938904109589043
2333	8.339178082191781
2334	6.039452054794521
2335	7.43972602739726
2336	7.34
2337	6.240273972602739
2338	9.44054794520548
2339	7.740821917808219
2340	1.0410958904109588
2341	4.041369863013698
2342	-0.2583561643835617
2343	0.04191780821917801
2344	0.6421917808219177
2345	-0.15753424657534254
2346	-0.8572602739726027
2347	2.043013698630137
2348	4.243287671232877
2349	8.543561643835616
2350	10.343835616438355
2351	9.444109589041096
2352	11.444383561643836
2353	2.7446575342465755
2354	7.644931506849315
2355	13.045205479452054
2356	16.545479452054796
2357	14.845753424657534
2358	11.946027397260275
2359	15.446301369863015
2360	14.546575342465754
2361	14.546849315068494
2362	20.04712328767123
2363	20.947397260273974
2364	18.747671232876712
2365	18.84794520547945
2366	19.048219178082192
2367	16.24849315068493
2368	15.948767123287672
2369	10.549041095890411
2370	12.64931506849315
2371	18.04958904109589
2372	17.34986301369863
2373	14.65013698630137
2374	16.05041095890411
2375	11.850684931506848
2376	13.350958904109588
2377	15.75123287671233
2378	19.85150684931507
2379	11.251780821917809
2380	6.252054794520547
2381	6.152328767123287
2382	5.952602739726027
2383	5.1528767123287675
2384	5.453150684931507
2385	7.453424657534247
2386	8.853698630136986
2387	7.453972602739726
2388	12.454246575342466
2389	12.154520547945205
2390	14.854794520547944
2391	10.755068493150684
2392	9.255342465753424
2393	12.755616438356164
2394	9.955890410958904
2395	6.356164383561644
2396	6.856438356164384
2397	8.056712328767123
2398	6.956986301369863
2399	7.557260273972603
2400	6.157534246575342
2401	5.157808219178082
2402	7.058082191780822
2403	13.458356164383563
2404	9.058630136986302
2405	13.35890410958904
2406	13.959178082191782
2407	10.709452054794522
2408	10.709726027397261
2409	10.71
2410	10.71027397260274
2411	7.460547945205479
2412	8.56082191780822
2413	3.1610958904109587
2414	2.961369863013698
2415	8.561643835616438
2416	10.761917808219177
2417	11.262191780821917
2418	8.162465753424657
2419	2.962739726027397
2420	2.963013698630137
2421	2.663287671232877
2422	2.2635616438356165
2423	4.863835616438356
2424	8.264109589041096
2425	6.164383561643835
2426	4.564657534246575
2427	7.4649315068493145
2428	11.865205479452055
2429	10.165479452054795
2430	3.065753424657534
2431	3.466027397260274
2432	3.266301369863014
2433	0.46657534246575333
2434	0.6668493150684931
2435	4.267123287671233
2436	4.417397260273972
2437	4.567671232876712
2438	3.767945205479452
2439	4.068219178082192
2440	5.768493150684931
2441	2.768767123287671
2442	1.569041095890411
2443	-0.9306849315068495
2444	-0.33041095890410965
2445	1.2698630136986302
2446	1.37013698630137
2447	2.0704109589041093
2448	0.8706849315068492
2449	0.8709589041095891
2450	-0.7287671232876712
2451	-0.9284931506849317
2452	-2.928219178082192
2453	-2.9279452054794524
2454	-3.5276712328767124
2455	-3.2273972602739724
2456	-4.727123287671233
2457	-4.826849315068493
2458	-3.5265753424657538
2459	-1.0263013698630137
2460	-1.1260273972602741
2461	-3.325753424657534
2462	-2.6254794520547944
2463	-4.725205479452055
2464	-2.598326511405238
2465	-2.532519160890148
2466	2.3080381215790915
2467	6.189193044486183
2468	3.008586066784571
2469	-1.1314232704791891
2470	-4.723287671232877
2471	-9.223013698630137
2472	-10.522739726027396
2473	-10.322465753424657
2474	-11.422191780821917
2475	-6.321917808219178
2476	-5.621643835616438
2477	-5.221369863013699
2478	-4.721095890410959
2479	-5.420821917808219
2480	-10.520547945205479
2481	-11.02027397260274
2482	-6.92
2483	-5.1197260273972605
2484	-7.719452054794521
2485	-7.619178082191782
2486	-8.118904109589042
2487	-9.018630136986301
2488	-4.3183561643835615
2489	-2.2180821917808218
2490	-5.817808219178082
2491	-6.517534246575343
2492	-9.517260273972601
2493	-11.216986301369863
2494	-15.216712328767123
2495	-17.516438356164382
2496	-8.216164383561644
2497	-2.3158904109589042
2498	-1.8156164383561646
2499	-2.915342465753425
2500	-4.215068493150685
2501	-10.514794520547945
2502	-9.014520547945205
2503	-7.714246575342466
2504	-4.5139726027397264
2505	-7.513698630136986
2506	-10.713424657534247
2507	-16.013150684931507
2508	-21.912876712328767
2509	-24.61260273972603
2510	-24.612328767123287
2511	-26.512054794520548
2512	-27.511780821917807
2513	-24.41150684931507
2514	-18.211232876712327
2515	-20.21095890410959
2516	-19.61068493150685
2517	-21.01041095890411
2518	-17.91013698630137
2519	-5.80986301369863
2520	-3.4095890410958902
2521	-7.40931506849315
2522	-12.50904109589041
2523	-13.40876712328767
2524	-14.50849315068493
2525	-18.70821917808219
2526	-23.50794520547945
2527	-28.407671232876712
2528	-34.407397260273974
2529	-33.507123287671234
2530	-34.70684931506849
2531	-35.10657534246575
2532	-32.00630136986302
2533	-27.70602739726027
2534	-27.605753424657536
2535	-30.405479452054795
2536	-30.105205479452056
2537	-32.20493150684931
2538	-30.404657534246578
2539	-27.404383561643836
2540	-10.204109589041096
2541	-8.703835616438356
2542	-10.703561643835616
2543	-16.103287671232877
2544	-20.003013698630138
2545	-20.102739726027398
2546	-23.00246575342466
2547	-29.802191780821918
2548	-31.701917808219175
2549	-29.501643835616438
2550	-27.701369863013696
2551	-18.201095890410958
2552	-14.60082191780822
2553	-24.00054794520548
2554	-21.60027397260274
2555	-18.900000000000002
2556	-12.99972602739726
2557	-11.099452054794522
2558	-10.199178082191782
2559	-7.598904109589042
2560	-11.2986301369863
2561	-13.698356164383561
2562	-14.99808219178082
2563	-15.497808219178081
2564	-2.3975342465753426
2565	-2.897260273972603
2566	-12.496986301369862
2567	-24.596712328767126
2568	-24.896438356164385
2569	-29.596164383561643
2570	-27.995890410958904
2571	-28.495616438356162
2572	-23.095342465753426
2573	-18.995068493150683
2574	-19.694794520547944
2575	-14.394520547945206
2576	-12.394246575342466
2577	-21.993972602739724
2578	-24.093698630136988
2579	-27.093424657534246
2580	-31.193150684931506
2581	-30.592876712328767
2582	-26.89260273972603
2583	-24.692328767123286
2584	-21.49205479452055
2585	-21.89178082191781
2586	-9.591506849315069
2587	-10.891232876712328
2588	-9.490958904109588
2589	-7.1906849315068495
2590	-16.49041095890411
2591	-26.99013698630137
2592	-23.28986301369863
2593	-26.889589041095892
2594	-28.98931506849315
2595	-25.889041095890413
2596	-25.58876712328767
2597	-24.68849315068493
2598	-34.18821917808219
2599	-36.887945205479454
2600	-34.58767123287671
2601	-30.887397260273975
2602	-27.18712328767123
2603	-11.686849315068493
2604	-5.786575342465754
2605	-0.5863013698630138
2606	-2.4860273972602744
2607	-9.185753424657534
2608	-13.31124286315388
2609	-13.856162356288037
2610	-9.55858196708108
2611	-1.855614411082556
2612	-7.584383561643836
2613	-2.0841095890410957
2614	-2.783835616438356
2615	-7.083561643835616
2616	-22.683287671232875
2617	-9.283013698630137
2618	-3.082739726027397
2619	-15.88246575342466
2620	-21.682191780821917
2621	-14.281917808219179
2622	-7.081643835616438
2623	-21.8813698630137
2624	-26.88109589041096
2625	-26.88082191780822
2626	-29.98054794520548
2627	-33.18027397260274
2628	-34.38
2629	-31.07972602739726
2630	-23.579452054794523
2631	-14.17917808219178
2632	-9.27890410958904
2633	-15.078630136986302
2634	-18.378356164383565
2635	-18.97808219178082
2636	-20.977808219178083
2637	-21.67753424657534
2638	-18.4772602739726
2639	-19.176986301369862
2640	-11.476712328767123
2641	-20.576438356164385
2642	-19.17616438356164
2643	-19.575890410958905
2644	-19.275616438356163
2645	-18.275342465753425
2646	-18.175068493150683
2647	-20.574794520547947
2648	-16.574520547945205
2649	-17.174246575342465
2650	-21.673972602739724
2651	-22.673698630136986
2652	-18.873424657534247
2653	-17.673150684931507
2654	-11.672876712328767
2655	-13.672602739726027
2656	-12.372328767123287
2657	-11.272054794520548
2658	-12.871780821917808
2659	-12.471506849315068
2660	-13.57123287671233
2661	-16.37095890410959
2662	-16.57068493150685
2663	-15.17041095890411
2664	-13.87013698630137
2665	-3.86986301369863
2666	4.23041095890411
2667	-3.769315068493151
2668	-1.3690410958904111
2669	1.3312328767123287
2670	0.4315068493150685
2671	-1.5682191780821917
2672	-6.167945205479453
2673	-10.467671232876711
2674	-10.367397260273972
2675	-8.067123287671233
2676	-8.366849315068492
2677	-7.266575342465753
2678	2.133698630136986
2679	2.333972602739726
2680	-6.1657534246575345
2681	-6.865479452054794
2682	-6.465205479452055
2683	4.735068493150685
2684	7.035342465753424
2685	4.635616438356164
2686	-0.4641095890410959
2687	1.836164383561644
2688	5.136438356164383
2689	1.3367123287671232
2690	0.436986301369863
2691	9.437260273972601
2692	9.437534246575341
2693	11.93780821917808
2694	14.438082191780822
2695	9.538356164383563
2696	9.738630136986302
2697	12.038904109589042
2698	8.43917808219178
2699	6.139452054794521
2700	7.53972602739726
2701	7.44
2702	6.3402739726027395
2703	9.54054794520548
2704	7.840821917808219
2705	1.1410958904109587
2706	4.141369863013699
2707	-0.1583561643835617
2708	0.1419178082191781
2709	0.7421917808219177
2710	-0.05753424657534256
2711	-0.7572602739726028
2712	2.1430136986301367
2713	4.3432876712328765
2714	8.643561643835616
2715	10.443835616438356
2716	9.544109589041096
2717	11.544383561643837
2718	2.8446575342465756
2719	7.744931506849315
2720	13.145205479452056
2721	16.645479452054794
2722	14.945753424657534
2723	12.046027397260275
2724	15.546301369863015
2725	14.646575342465754
2726	14.646849315068494
2727	20.14712328767123
2728	21.047397260273975
2729	18.847671232876714
2730	18.947945205479453
2731	19.14821917808219
2732	16.34849315068493
2733	16.04876712328767
2734	10.64904109589041
2735	12.74931506849315
2736	18.14958904109589
2737	17.44986301369863
2738	14.75013698630137
2739	16.15041095890411
2740	11.95068493150685
2741	13.450958904109589
2742	15.851232876712329
2743	19.951506849315066
2744	11.351780821917808
2745	6.352054794520548
2746	6.252328767123288
2747	6.052602739726027
2748	5.252876712328767
2749	5.553150684931507
2750	7.553424657534246
2751	8.953698630136985
2752	7.553972602739726
2753	12.554246575342466
2754	12.254520547945205
2755	14.954794520547944
2756	10.855068493150684
2757	9.355342465753424
2758	12.855616438356163
2759	10.055890410958904
2760	6.456164383561644
2761	6.956438356164384
2762	8.156712328767124
2763	7.056986301369863
2764	7.657260273972603
2765	6.257534246575342
2766	5.257808219178083
2767	7.158082191780823
2768	13.558356164383563
2769	9.158630136986302
2770	13.45890410958904
2771	14.059178082191782
2772	10.809452054794521
2773	10.80972602739726
2774	10.81
2775	10.81027397260274
2776	7.560547945205479
2777	8.660821917808219
2778	3.261095890410959
2779	3.0613698630136983
2780	8.661643835616438
2781	10.861917808219177
2782	11.362191780821917
2783	8.262465753424657
2784	3.062739726027397
2785	3.0630136986301366
2786	2.7632876712328764
2787	2.3635616438356166
2788	4.963835616438356
2789	8.364109589041096
2790	6.264383561643836
2791	4.664657534246575
2792	7.564931506849315
2793	11.965205479452054
2794	10.265479452054795
2795	3.165753424657534
2796	3.5660273972602736
2797	3.366301369863014
2798	0.5665753424657534
2799	0.7668493150684931
2800	4.367123287671233
2801	4.517397260273973
2802	4.667671232876712
2803	3.867945205479452
2804	4.168219178082191
2805	5.868493150684931
2806	2.8687671232876713
2807	1.669041095890411
2808	-0.8306849315068494
2809	-0.23041095890410968
2810	1.36986301369863
2811	1.4701369863013698
2812	2.1704109589041094
2813	0.9706849315068493
2814	0.970958904109589
2815	-0.6287671232876711
2816	-0.8284931506849317
2817	-2.828219178082192
2818	-2.8279452054794523
2819	-3.1077412483878564
2820	-1.9767243686605873
2821	-2.44489415039191
2822	-2.54462017778917
2823	-2.2759024508523686
2824	-0.9263013698630137
2825	-1.026027397260274
2826	-3.225753424657534
2827	-2.5254794520547943
2828	-4.625205479452055
2829	-2.8249315068493153
2830	-3.4246575342465757
2831	0.47561643835616435
2832	3.8758904109589043
2833	1.1761643835616438
2834	-2.0235616438356163
2835	-4.623287671232877
2836	-9.123013698630137
2837	-10.422739726027396
2838	-10.222465753424657
2839	-11.322191780821917
2840	-6.221917808219178
2841	-5.521643835616438
2842	-5.121369863013699
2843	-4.62109589041096
2844	-5.320821917808219
2845	-10.42054794520548
2846	-10.92027397260274
2847	-6.819999999999999
2848	-5.01972602739726
2849	-7.619452054794521
2850	-7.5191780821917815
2851	-8.018904109589041
2852	-8.9186301369863
2853	-4.218356164383562
2854	-2.1180821917808217
2855	-5.717808219178083
2856	-6.417534246575343
2857	-9.417260273972602
2858	-11.116986301369863
2859	-15.116712328767123
2860	-17.416438356164385
2861	-8.116164383561644
2862	-2.215890410958904
2863	-1.7156164383561645
2864	-2.815342465753425
2865	-4.115068493150686
2866	-10.414794520547945
2867	-8.914520547945205
2868	-7.614246575342467
2869	-4.413972602739726
2870	-7.413698630136985
2871	-10.613424657534248
2872	-15.913150684931507
2873	-21.81287671232877
2874	-24.512602739726027
2875	-24.51232876712329
2876	-26.412054794520547
2877	-27.41178082191781
2878	-24.31150684931507
2879	-18.11123287671233
2880	-20.110958904109587
2881	-19.51068493150685
2882	-20.91041095890411
2883	-17.810136986301373
2884	-5.70986301369863
2885	-3.30958904109589
2886	-7.3093150684931505
2887	-12.40904109589041
2888	-13.308767123287671
2889	-14.408493150684931
2890	-18.60821917808219
2891	-23.40794520547945
2892	-28.307671232876714
2893	-34.30739726027397
2894	-33.40712328767123
2895	-34.606849315068494
2896	-35.00657534246575
2897	-31.906301369863016
2898	-27.606027397260274
2899	-27.505753424657534
2900	-30.305479452054797
2901	-30.005205479452055
2902	-32.10493150684931
2903	-30.304657534246576
2904	-27.30438356164384
2905	-10.104109589041096
2906	-8.603835616438356
2907	-10.603561643835617
2908	-16.003287671232876
2909	-19.903013698630136
2910	-20.002739726027396
2911	-22.902465753424657
2912	-29.702191780821916
2913	-31.601917808219177
2914	-29.401643835616436
2915	-27.601369863013698
2916	-18.101095890410956
2917	-14.50082191780822
2918	-23.900547945205478
2919	-21.50027397260274
2920	-18.8
2921	-12.899726027397259
2922	-10.82190400579647
2923	-9.673262453958298
2924	-6.703188958934631
2925	-10.040871424302505
2926	-12.286443670081278
2927	-13.740323479097025
2928	-14.60209306852367
2929	-1.8716186183418593
2930	-2.797260273972603
2931	-12.396986301369862
2932	-24.496712328767124
2933	-24.796438356164384
2934	-29.496164383561645
2935	-27.895890410958902
2936	-28.395616438356164
2937	-22.995342465753424
2938	-18.895068493150685
2939	-19.594794520547943
2940	-14.294520547945206
2941	-12.294246575342466
2942	-21.893972602739726
2943	-23.993698630136986
2944	-26.99342465753425
2945	-31.093150684931505
2946	-30.49287671232877
2947	-26.79260273972603
2948	-24.592328767123288
2949	-21.392054794520547
2950	-21.79178082191781
2951	-9.49150684931507
2952	-10.791232876712328
2953	-9.390958904109588
2954	-7.09068493150685
2955	-16.39041095890411
2956	-26.890136986301368
2957	-23.18986301369863
2958	-26.78958904109589
2959	-28.88931506849315
2960	-25.78904109589041
2961	-25.488767123287673
2962	-24.58849315068493
2963	-34.08821917808219
2964	-36.78794520547945
2965	-34.48767123287671
2966	-30.787397260273973
2967	-27.087123287671233
2968	-11.586849315068493
2969	-5.686575342465753
2970	-0.48630136986301375
2971	-2.3860273972602744
2972	-9.085753424657534
2973	-13.485479452054795
2974	-14.985205479452055
2975	-11.484931506849316
2976	-2.9846575342465753
2977	-7.484383561643837
2978	-1.9841095890410958
2979	-2.683835616438356
2980	-6.983561643835616
2981	-22.583287671232874
2982	-9.183013698630138
2983	-2.982739726027397
2984	-15.78246575342466
2985	-21.582191780821915
2986	-14.181917808219179
2987	-6.981643835616438
2988	-21.7813698630137
2989	-26.78109589041096
2990	-26.780821917808222
2991	-29.88054794520548
2992	-33.08027397260274
2993	-34.28
2994	-30.979726027397263
2995	-23.47945205479452
2996	-14.079178082191781
2997	-9.178904109589041
2998	-14.978630136986302
2999	-18.278356164383563
3000	-18.87808219178082
3001	-20.877808219178082
3002	-21.57753424657534
3003	-18.377260273972603
3004	-19.07698630136986
3005	-11.376712328767123
3006	-20.476438356164383
3007	-19.076164383561643
3008	-19.475890410958904
3009	-19.175616438356165
3010	-18.175342465753424
3011	-18.075068493150685
3012	-20.474794520547945
3013	-16.474520547945207
3014	-17.074246575342464
3015	-21.573972602739726
3016	-22.573698630136985
3017	-18.77342465753425
3018	-17.573150684931505
3019	-11.572876712328767
3020	-13.572602739726028
3021	-12.272328767123287
3022	-11.172054794520548
3023	-12.771780821917808
3024	-12.371506849315068
3025	-13.47123287671233
3026	-16.27095890410959
3027	-16.47068493150685
3028	-15.07041095890411
3029	-13.77013698630137
3030	-3.7698630136986298
3031	4.3304109589041095
3032	-3.669315068493151
3033	-1.2690410958904113
3034	1.4312328767123286
3035	0.5315068493150685
3036	-1.4682191780821916
3037	-6.067945205479452
3038	-10.367671232876711
3039	-10.267397260273972
3040	-7.9671232876712335
3041	-8.266849315068493
3042	-7.1665753424657535
3043	2.233698630136986
3044	2.433972602739726
3045	-6.065753424657535
3046	-6.7654794520547945
3047	-6.365205479452055
3048	4.835068493150684
3049	7.135342465753425
3050	4.735616438356164
3051	-0.3641095890410959
3052	1.936164383561644
3053	5.236438356164384
3054	1.4367123287671233
3055	0.536986301369863
3056	9.537260273972603
3057	9.537534246575342
3058	12.037808219178082
3059	14.538082191780822
3060	9.638356164383563
3061	9.838630136986302
3062	12.138904109589042
3063	8.53917808219178
3064	6.239452054794521
3065	7.63972602739726
3066	7.54
3067	6.440273972602739
3068	9.64054794520548
3069	7.9408219178082184
3070	1.2410958904109588
3071	4.2413698630136984
3072	-0.058356164383561726
3073	0.24191780821917808
3074	0.8421917808219177
3075	0.042465753424657415
3076	-0.6572602739726028
3077	2.2430136986301368
3078	4.443287671232877
3079	8.743561643835617
3080	10.543835616438356
3081	9.644109589041097
3082	11.644383561643837
3083	2.9446575342465753
3084	7.844931506849315
3085	13.245205479452055
3086	16.745479452054795
3087	15.045753424657534
3088	12.146027397260275
3089	15.646301369863014
3090	14.746575342465754
3091	14.746849315068493
3092	20.247123287671233
3093	21.147397260273973
3094	18.947671232876715
3095	19.04794520547945
3096	19.24821917808219
3097	16.448493150684932
3098	16.148767123287673
3099	10.749041095890412
3100	12.849315068493151
3101	18.249589041095888
3102	17.54986301369863
3103	14.85013698630137
3104	16.25041095890411
3105	12.050684931506849
3106	13.550958904109589
3107	15.951232876712329
3108	20.051506849315068
3109	11.451780821917808
3110	6.4520547945205475
3111	6.3523287671232875
3112	6.152602739726027
3113	5.352876712328767
3114	5.653150684931506
3115	7.653424657534247
3116	9.053698630136985
3117	7.653972602739726
3118	12.654246575342466
3119	12.354520547945205
3120	15.054794520547944
3121	10.955068493150684
3122	9.455342465753425
3123	12.955616438356165
3124	10.155890410958905
3125	6.556164383561644
3126	7.056438356164383
3127	8.256712328767124
3128	7.156986301369863
3129	7.757260273972603
3130	6.357534246575343
3131	5.357808219178082
3132	7.258082191780822
3133	13.658356164383562
3134	9.258630136986302
3135	13.55890410958904
3136	14.159178082191781
3137	10.90945205479452
3138	10.90972602739726
3139	10.91
3140	10.91027397260274
3141	7.660547945205479
3142	8.760821917808219
3143	3.361095890410959
3144	3.1613698630136984
3145	8.76164383561644
3146	10.961917808219178
3147	11.462191780821918
3148	8.362465753424658
3149	3.162739726027397
3150	3.1630136986301367
3151	2.8632876712328765
3152	2.4635616438356163
3153	5.0638356164383564
3154	8.464109589041096
3155	6.364383561643836
3156	4.764657534246576
3157	7.664931506849315
3158	12.065205479452054
3159	10.365479452054794
3160	3.265753424657534
3161	3.6660273972602737
3162	3.4663013698630136
3163	0.6665753424657535
3164	0.866849315068493
3165	4.467123287671233
3166	4.617397260273973
3167	4.767671232876712
3168	3.967945205479452
3169	4.268219178082192
3170	5.968493150684931
3171	2.9687671232876713
3172	1.7690410958904108
3173	-0.7306849315068494
3174	-0.1304109589041097
3175	1.46986301369863
3176	1.5701369863013697
3177	2.2704109589041095
3178	1.0706849315068492
3179	1.070958904109589
3180	-0.38707515009574256
3181	-0.38859177684136587
3182	-2.0931998104732914
3183	-1.8039974774922225
3184	-2.2807012941933746
3185	-2.103449532286743
3186	-3.8921039200623326
3187	-4.286947941224927
3188	-3.3265753424657536
3189	-0.8263013698630137
3190	-0.926027397260274
3191	-3.1257534246575345
3192	-2.4254794520547946
3193	-4.5252054794520555
3194	-2.724931506849315
3195	-3.3246575342465756
3196	0.5756164383561644
3197	3.975890410958904
3198	1.2761643835616439
3199	-1.9235616438356162
3200	-4.523287671232877
3201	-9.023013698630137
3202	-10.322739726027397
3203	-10.122465753424658
3204	-11.222191780821918
3205	-6.1219178082191785
3206	-5.421643835616438
3207	-5.021369863013699
3208	-4.521095890410959
3209	-5.220821917808219
3210	-10.32054794520548
3211	-10.820273972602738
3212	-6.72
3213	-4.91972602739726
3214	-7.519452054794521
3215	-7.419178082191782
3216	-7.918904109589042
3217	-8.8186301369863
3218	-4.118356164383561
3219	-2.018082191780822
3220	-5.617808219178082
3221	-6.317534246575343
3222	-9.317260273972602
3223	-11.016986301369863
3224	-15.016712328767124
3225	-17.316438356164383
3226	-8.016164383561645
3227	-2.115890410958904
3228	-1.6156164383561644
3229	-2.715342465753425
3230	-4.015068493150685
3231	-10.314794520547945
3232	-8.814520547945206
3233	-7.514246575342466
3234	-4.313972602739726
3235	-7.313698630136986
3236	-10.513424657534246
3237	-15.813150684931506
3238	-21.712876712328768
3239	-24.41260273972603
3240	-24.412328767123288
3241	-26.31205479452055
3242	-27.311780821917807
3243	-24.21150684931507
3244	-18.011232876712327
3245	-20.010958904109586
3246	-19.41068493150685
3247	-20.810410958904107
3248	-17.71013698630137
3249	-5.6098630136986305
3250	-3.20958904109589
3251	-7.209315068493151
3252	-12.30904109589041
3253	-13.208767123287672
3254	-14.308493150684932
3255	-18.50821917808219
3256	-23.307945205479452
3257	-28.207671232876713
3258	-34.20739726027397
3259	-33.30712328767124
3260	-34.50684931506849
3261	-34.90657534246575
3262	-31.806301369863018
3263	-27.506027397260272
3264	-27.405753424657536
3265	-30.205479452054796
3266	-29.905205479452057
3267	-32.00493150684932
3268	-30.20465753424658
3269	-27.204383561643837
3270	-10.004109589041096
3271	-8.503835616438357
3272	-10.503561643835617
3273	-15.903287671232878
3274	-19.803013698630135
3275	-19.9027397260274
3276	-22.802465753424656
3277	-29.60219178082192
3278	-31.501917808219176
3279	-29.30164383561644
3280	-27.501369863013696
3281	-18.00109589041096
3282	-14.40082191780822
3283	-23.80054794520548
3284	-21.40027397260274
3285	-18.700000000000003
3286	-12.79972602739726
3287	-10.899452054794521
3288	-9.999178082191781
3289	-7.398904109589042
3290	-11.098630136986301
3291	-13.498356164383562
3292	-14.798082191780821
3293	-15.297808219178082
3294	-2.1975342465753425
3295	-2.697260273972603
3296	-12.296986301369863
3297	-24.396712328767123
3298	-24.696438356164386
3299	-29.396164383561644
3300	-27.795890410958904
3301	-28.295616438356163
3302	-22.895342465753426
3303	-18.795068493150684
3304	-19.494794520547945
3305	-14.194520547945205
3306	-12.194246575342465
3307	-21.793972602739725
3308	-23.89369863013699
3309	-26.893424657534247
3310	-30.993150684931507
3311	-30.392876712328768
3312	-26.69260273972603
3313	-24.492328767123286
3314	-21.292054794520546
3315	-21.69178082191781
3316	-9.39150684931507
3317	-10.691232876712329
3318	-9.290958904109589
3319	-6.99068493150685
3320	-16.290410958904108
3321	-26.79013698630137
3322	-23.08986301369863
3323	-26.689589041095893
3324	-28.78931506849315
3325	-25.689041095890413
3326	-25.38876712328767
3327	-24.48849315068493
3328	-33.98821917808219
3329	-36.68794520547945
3330	-34.38767123287671
3331	-30.687397260273976
3332	-26.98712328767123
3333	-11.486849315068493
3334	-5.586575342465753
3335	-0.3863013698630138
3336	-2.2860273972602743
3337	-8.985753424657535
3338	-13.385479452054796
3339	-14.885205479452056
3340	-11.384931506849316
3341	-2.8846575342465752
3342	-7.384383561643836
3343	-1.884109589041096
3344	-2.583835616438356
3345	-6.883561643835616
3346	-22.483287671232876
3347	-9.083013698630136
3348	-2.8827397260273973
3349	-15.682465753424658
3350	-21.482191780821918
3351	-14.081917808219178
3352	-6.881643835616439
3353	-21.6813698630137
3354	-26.681095890410962
3355	-26.68082191780822
3356	-29.78054794520548
3357	-32.98027397260274
3358	-34.18
3359	-30.87972602739726
3360	-23.37945205479452
3361	-13.979178082191781
3362	-9.078904109589041
3363	-14.878630136986303
3364	-18.178356164383562
3365	-18.778082191780822
3366	-20.77780821917808
3367	-21.477534246575342
3368	-18.2772602739726
3369	-18.976986301369863
3370	-11.276712328767122
3371	-20.376438356164385
3372	-18.976164383561642
3373	-19.375890410958906
3374	-19.075616438356164
3375	-18.075342465753426
3376	-17.975068493150683
3377	-20.374794520547947
3378	-16.374520547945206
3379	-16.974246575342466
3380	-21.473972602739725
3381	-22.473698630136987
3382	-18.673424657534248
3383	-17.473150684931504
3384	-11.472876712328768
3385	-13.472602739726028
3386	-12.172328767123288
3387	-11.072054794520549
3388	-12.671780821917809
3389	-12.271506849315069
3390	-13.37123287671233
3391	-16.17095890410959
3392	-16.37068493150685
3393	-14.97041095890411
3394	-13.670136986301369
3395	-3.66986301369863
3396	4.430410958904109
3397	-3.5693150684931507
3398	-1.1690410958904112
3399	1.5312328767123287
3400	0.6315068493150684
3401	-1.3682191780821915
3402	-5.967945205479452
3403	-10.267671232876712
3404	-10.167397260273972
3405	-7.867123287671234
3406	-8.166849315068493
3407	-7.066575342465754
3408	2.333698630136986
3409	2.533972602739726
3410	-5.965753424657534
3411	-6.665479452054794
3412	-6.265205479452055
3413	4.935068493150685
3414	7.235342465753424
3415	4.835616438356165
3416	-0.26410958904109594
3417	2.036164383561644
3418	5.336438356164384
3419	1.5367123287671232
3420	0.6369863013698629
3421	9.637260273972602
3422	9.637534246575342
3423	12.137808219178082
3424	14.638082191780821
3425	9.738356164383562
3426	9.938630136986301
3427	12.238904109589042
3428	8.639178082191782
3429	6.339452054794521
3430	7.73972602739726
3431	7.640000000000001
3432	6.54027397260274
3433	9.74054794520548
3434	8.040821917808218
3435	1.341095890410959
3436	4.341369863013698
3437	0.04164383561643825
3438	0.34191780821917805
3439	0.9421917808219178
3440	0.1424657534246574
3441	-0.5572602739726028
3442	2.343013698630137
3443	4.543287671232877
3444	8.843561643835617
3445	10.643835616438356
3446	9.744109589041097
3447	11.744383561643836
3448	3.0446575342465754
3449	7.944931506849315
3450	13.345205479452055
3451	16.845479452054796
3452	15.145753424657533
3453	12.246027397260274
3454	15.746301369863014
3455	14.846575342465753
3456	14.846849315068493
3457	20.34712328767123
3458	21.247397260273974
3459	19.047671232876713
3460	19.147945205479452
3461	19.34821917808219
3462	16.54849315068493
3463	16.24876712328767
3464	10.849041095890412
3465	12.949315068493151
3466	18.34958904109589
3467	17.649863013698628
3468	14.95013698630137
3469	16.35041095890411
3470	12.150684931506849
3471	13.650958904109588
3472	16.05123287671233
3473	20.15150684931507
3474	11.551780821917808
3475	6.552054794520547
3476	6.452328767123287
3477	6.2526027397260275
3478	5.452876712328767
3479	5.753150684931507
3480	7.7534246575342465
3481	9.153698630136985
3482	7.753972602739726
3483	12.754246575342467
3484	12.454520547945206
3485	15.154794520547945
3486	11.055068493150685
3487	9.555342465753425
3488	13.055616438356164
3489	10.255890410958905
3490	6.656164383561644
3491	7.156438356164384
3492	8.356712328767124
3493	7.256986301369863
3494	7.857260273972603
3495	6.457534246575342
3496	5.457808219178082
3497	7.358082191780822
3498	13.758356164383562
3499	9.358630136986301
3500	13.65890410958904
3501	14.25917808219178
3502	11.00945205479452
3503	11.335782343669504
3504	11.564286865585222
3505	11.878682235015768
3506	9.014441572980036
3507	10.529393462589331
3508	5.50742913547937
3509	5.5742614482745285
3510	11.270892247962722
3511	13.374809393480009
3512	13.60852502589033
3513	10.131037298205769
3514	4.5166333538019545
3515	4.131421961043166
3516	3.5175745368180964
3517	2.5635616438356164
3518	5.163835616438356
3519	8.564109589041095
3520	6.464383561643835
3521	4.864657534246575
3522	7.764931506849315
3523	12.165205479452053
3524	10.465479452054794
3525	3.3657534246575342
3526	3.766027397260274
3527	3.5663013698630137
3528	0.7665753424657533
3529	0.966849315068493
3530	4.567123287671233
3531	4.717397260273972
3532	4.867671232876712
3533	4.067945205479452
3534	4.3682191780821915
3535	6.068493150684931
3536	3.068767123287671
3537	1.869041095890411
3538	-0.6306849315068495
3539	-0.03041095890410961
3540	1.56986301369863
3541	1.6701369863013698
3542	2.3704109589041096
3543	1.1706849315068493
3544	1.170958904109589
3545	-0.4287671232876712
3546	-0.6284931506849316
3547	-2.628219178082192
3548	-2.627945205479452
3549	-3.2276712328767125
3550	-2.9273972602739726
3551	-4.427123287671233
3552	-4.526849315068493
3553	-3.226575342465754
3554	-0.7263013698630137
3555	-0.5748903187535007
3556	-2.509809070149138
3557	-1.4222298589339222
3558	-3.077715428299909
3559	-0.9119359242556035
3560	-1.3689915726384765
3561	2.388612020949876
3562	5.423380462111051
3563	2.279413976682516
3564	-1.30761728932722
3565	-4.4232876712328775
3566	-8.923013698630138
3567	-10.222739726027397
3568	-10.022465753424658
3569	-11.122191780821918
3570	-6.021917808219178
3571	-5.321643835616438
3572	-4.921369863013699
3573	-4.421095890410959
3574	-5.120821917808219
3575	-10.220547945205478
3576	-10.720273972602739
3577	-6.619999999999999
3578	-4.819726027397261
3579	-7.419452054794521
3580	-7.319178082191781
3581	-7.818904109589042
3582	-8.7186301369863
3583	-4.018356164383562
3584	-1.918082191780822
3585	-5.517808219178082
3586	-6.217534246575343
3587	-9.217260273972602
3588	-10.916986301369864
3589	-14.916712328767124
3590	-17.21643835616438
3591	-7.916164383561644
3592	-2.015890410958904
3593	-1.5156164383561643
3594	-2.6153424657534248
3595	-3.9150684931506854
3596	-10.214794520547944
3597	-8.714520547945204
3598	-7.4142465753424664
3599	-4.213972602739727
3600	-7.213698630136985
3601	-10.413424657534247
3602	-15.713150684931506
3603	-21.61287671232877
3604	-24.312602739726028
3605	-24.31232876712329
3606	-26.212054794520547
3607	-27.211780821917806
3608	-24.11150684931507
3609	-17.911232876712326
3610	-19.910958904109588
3611	-19.31068493150685
3612	-20.71041095890411
3613	-17.61013698630137
3614	-5.50986301369863
3615	-3.10958904109589
3616	-7.10931506849315
3617	-12.20904109589041
3618	-13.10876712328767
3619	-14.20849315068493
3620	-18.40821917808219
3621	-23.20794520547945
3622	-28.107671232876715
3623	-34.10739726027398
3624	-33.20712328767124
3625	-34.40684931506849
3626	-34.80657534246575
3627	-31.706301369863017
3628	-27.406027397260274
3629	-27.305753424657535
3630	-30.105479452054794
3631	-29.805205479452056
3632	-31.904931506849312
3633	-30.104657534246577
3634	-27.104383561643836
3635	-9.904109589041097
3636	-8.403835616438357
3637	-10.403561643835618
3638	-15.803287671232878
3639	-19.703013698630137
3640	-19.802739726027397
3641	-22.702465753424658
3642	-29.502191780821917
3643	-31.401917808219178
3644	-29.201643835616437
3645	-27.4013698630137
3646	-17.901095890410957
3647	-14.30082191780822
3648	-23.70054794520548
3649	-21.300273972602742
3650	-18.6
