day	modified_temperature
1	-13.69945205479452
2	-11.798904109589042
3	-10.898356164383562
4	-8.297808219178084
5	-11.997260273972604
6	-14.396712328767123
7	-15.696164383561642
8	-16.195616438356165
9	-3.095068493150685
10	-3.5945205479452054
11	-13.193972602739725
12	-25.293424657534246
13	-25.592876712328767
14	-30.292328767123287
15	-28.691780821917806
16	-29.191232876712327
17	-23.79068493150685
18	-19.69013698630137
19	-20.38958904109589
20	-15.08904109589041
21	-12.86265251462292
22	-22.19026731715498
23	-23.88726145224388
24	-26.45061947116883
25	-30.258251396363416
26	-29.65770345115794
27	-26.248975635552394
28	-24.48452172621648
29	-21.686431700716625
30	-22.58356164383562
31	-10.283013698630137
32	-11.582465753424657
33	-10.181917808219177
34	-7.881369863013699
35	-17.180821917808217
36	-27.680273972602738
37	-23.97972602739726
38	-27.57917808219178
39	-29.6786301369863
40	-26.578082191780823
41	-26.277534246575343
42	-25.37698630136986
43	-34.876438356164385
44	-37.575890410958905
45	-35.275342465753425
46	-31.574794520547947
47	-27.874246575342465
48	-12.373698630136987
49	-6.473150684931507
50	-1.2726027397260276
51	-3.172054794520548
52	-9.871506849315068
53	-14.27095890410959
54	-15.77041095890411
55	-12.26986301369863
56	-3.7693150684931505
57	-8.268767123287672
58	-2.7682191780821914
59	-3.4676712328767123
60	-7.767123287671232
61	-23.36657534246575
62	-9.966027397260273
63	-3.7654794520547945
64	-16.564931506849316
65	-22.364383561643834
66	-14.963835616438356
67	-7.763287671232876
68	-22.5627397260274
69	-27.56219178082192
70	-27.56164383561644
71	-30.66109589041096
72	-33.860547945205475
73	-35.06
74	-31.759452054794522
75	-24.258904109589043
76	-14.858356164383562
77	-9.957808219178082
78	-15.757260273972603
79	-19.056712328767123
80	-19.65616438356164
81	-21.655616438356162
82	-22.355068493150682
83	-19.154520547945204
84	-19.853972602739724
85	-12.153424657534245
86	-21.252876712328767
87	-19.852328767123286
88	-20.25178082191781
89	-19.95123287671233
90	-18.95068493150685
91	-18.85013698630137
92	-21.24958904109589
93	-17.249041095890412
94	-17.84849315068493
95	-22.34794520547945
96	-23.347397260273972
97	-19.546849315068496
98	-18.346301369863014
99	-12.345753424657534
100	-14.345205479452055
101	-13.044657534246575
102	-11.944109589041096
103	-13.543561643835616
104	-13.143013698630137
105	-14.242465753424659
106	-17.04191780821918
107	-17.2413698630137
108	-15.840821917808219
109	-14.540273972602739
110	-4.5397260273972595
111	3.560821917808219
112	-4.438630136986301
113	-2.038082191780822
114	0.6624657534246575
115	-0.236986301369863
116	-2.2364383561643835
117	-6.835890410958904
118	-11.135342465753425
119	-11.034794520547944
120	-8.734246575342466
121	-9.033698630136985
122	-7.9331506849315065
123	1.4673972602739724
124	1.6679452054794521
125	-6.831506849315069
126	-7.530958904109589
127	-7.130410958904109
128	4.07013698630137
129	6.370684931506849
130	3.9712328767123286
131	-1.1282191780821917
132	1.1723287671232878
133	4.472876712328768
134	0.6734246575342465
135	-0.22602739726027396
136	8.774520547945205
137	8.775068493150684
138	11.275616438356163
139	13.776164383561643
140	8.876712328767123
141	9.077260273972604
142	11.377808219178084
143	7.7783561643835615
144	5.478904109589042
145	6.879452054794521
146	6.78
147	5.680547945205479
148	8.88109589041096
149	7.181643835616438
150	0.4821917808219178
151	3.4827397260273973
152	-0.8167123287671233
153	-0.5161643835616438
154	0.0843835616438356
155	-0.715068493150685
156	-1.4145205479452054
157	1.4860273972602738
158	3.6865753424657535
159	7.987123287671233
160	9.787671232876711
161	8.888219178082192
162	10.888767123287671
163	2.189315068493151
164	7.08986301369863
165	12.49041095890411
166	15.99095890410959
167	14.291506849315068
168	11.392054794520549
169	14.892602739726028
170	13.993150684931507
171	13.993698630136986
172	19.494246575342466
173	20.394794520547947
174	18.195342465753427
175	18.295890410958904
176	18.496438356164383
177	15.696986301369863
178	15.397534246575344
179	9.998082191780822
180	12.098630136986301
181	17.49917808219178
182	16.79972602739726
183	14.10027397260274
184	15.500821917808219
185	11.301369863013697
186	12.801917808219178
187	15.202465753424658
188	19.303013698630135
189	10.703561643835616
190	5.704109589041096
191	5.604657534246575
192	5.4052054794520545
193	4.605753424657534
194	4.906301369863013
195	6.906849315068493
196	8.307397260273971
197	6.907945205479452
198	11.908493150684933
199	11.609041095890412
200	14.30958904109589
201	10.21013698630137
202	8.710684931506849
203	12.211232876712328
204	9.411780821917809
205	5.8123287671232875
206	6.312876712328768
207	7.513424657534247
208	6.413972602739726
209	7.014520547945206
210	5.615068493150685
211	4.615616438356164
212	6.5161643835616445
213	12.916712328767124
214	8.517260273972603
215	13.046372370720146
216	13.821730199740939
217	10.816480678680545
218	11.115161389690275
219	11.426341158929361
220	11.688789459950018
221	8.590100360789751
222	9.690648305995232
223	4.140433295566455
224	3.679080884956759
225	8.968997006128632
226	10.87141218552986
227	11.127757597001212
228	7.624931506849315
229	2.425479452054794
230	2.426027397260274
231	2.1265753424657534
232	1.727123287671233
233	4.327671232876712
234	7.728219178082192
235	5.6287671232876715
236	4.02931506849315
237	6.92986301369863
238	11.330410958904109
239	9.630958904109589
240	2.5315068493150683
241	2.932054794520548
242	2.7326027397260275
243	-0.06684931506849318
244	0.1336986301369863
245	3.734246575342466
246	3.884794520547945
247	4.035342465753424
248	3.235890410958904
249	3.5364383561643833
250	5.236986301369862
251	2.2375342465753425
252	1.0380821917808218
253	-1.4613698630136986
254	-0.8608219178082192
255	0.7397260273972602
256	0.8402739726027397
257	1.540821917808219
258	0.34136986301369865
259	0.34191780821917805
260	-1.2575342465753423
261	-1.4569863013698632
262	-3.4564383561643837
263	-3.4558904109589044
264	-4.055342465753425
265	-3.754794520547945
266	-5.254246575342466
267	-5.353698630136987
268	-4.053150684931507
269	-1.5526027397260274
270	-1.652054794520548
271	-3.8515068493150686
272	-3.1509589041095887
273	-5.25041095890411
274	-3.4498630136986304
275	-4.049315068493151
276	-0.14876712328767122
277	3.251780821917808
278	0.5523287671232877
279	-2.6471232876712327
280	-5.2465753424657535
281	-9.746027397260274
282	-11.045479452054794
283	-10.844931506849315
284	-11.944383561643836
285	-6.843835616438356
286	-6.143287671232876
287	-5.742739726027398
288	-5.242191780821918
289	-5.941643835616438
290	-11.041095890410958
291	-11.540547945205478
292	-7.4399999999999995
293	-5.63945205479452
294	-8.238904109589042
295	-8.138356164383563
296	-8.637808219178083
297	-9.537260273972603
298	-4.836712328767123
299	-2.736164383561644
300	-6.335616438356165
301	-7.0350684931506855
302	-10.034520547945204
303	-11.733972602739726
304	-15.733424657534247
305	-18.032876712328765
306	-8.732328767123288
307	-2.831780821917808
308	-2.331232876712329
309	-3.4306849315068493
310	-4.73013698630137
311	-11.029589041095889
312	-9.52904109589041
313	-8.228493150684931
314	-5.027945205479452
315	-8.027397260273972
316	-11.226849315068494
317	-16.526301369863013
318	-22.425753424657536
319	-25.125205479452056
320	-25.124657534246577
321	-27.024109589041096
322	-28.023561643835617
323	-24.92301369863014
324	-18.722465753424657
325	-20.721917808219178
326	-20.1213698630137
327	-21.520821917808217
328	-18.42027397260274
329	-6.319726027397261
330	-3.9191780821917805
331	-7.918630136986301
332	-13.018082191780822
333	-13.917534246575341
334	-15.016986301369862
335	-19.21643835616438
336	-24.015890410958903
337	-28.915342465753426
338	-34.91479452054794
339	-34.01424657534247
340	-35.21369863013698
341	-35.613150684931504
342	-32.51260273972603
343	-28.212054794520547
344	-28.11150684931507
345	-30.91095890410959
346	-30.61041095890411
347	-32.70986301369863
348	-30.909315068493154
349	-27.615152286512632
350	-10.190042549106543
351	-8.37579061052045
352	-9.992259582542268
353	-14.992672191756995
354	-18.555685528120875
355	-18.461466614342147
356	-21.360918669136666
357	-28.35404169250444
358	-30.589932465729596
359	-28.78842396610391
360	-27.370859103671133
361	-18.184015151846268
362	-15.10164383561644
363	-24.50109589041096
364	-22.10054794520548
365	-19.400000000000002
366	-13.49945205479452
367	-11.598904109589041
368	-10.698356164383561
369	-8.097808219178082
370	-11.797260273972602
371	-14.196712328767124
372	-15.496164383561643
373	-15.995616438356164
374	-2.895068493150685
375	-3.3945205479452056
376	-12.993972602739726
377	-25.093424657534246
378	-25.392876712328768
379	-30.092328767123288
380	-28.491780821917807
381	-28.991232876712328
382	-23.59068493150685
383	-19.49013698630137
384	-20.18958904109589
385	-14.889041095890411
386	-12.888493150684932
387	-22.487945205479452
388	-24.587397260273974
389	-27.586849315068495
390	-31.686301369863013
391	-31.085753424657536
392	-27.385205479452058
393	-25.184657534246575
394	-21.984109589041097
395	-22.383561643835616
396	-10.083013698630138
397	-11.382465753424658
398	-9.981917808219178
399	-7.681369863013699
400	-16.980821917808218
401	-27.48027397260274
402	-23.77972602739726
403	-27.379178082191782
404	-29.4786301369863
405	-26.378082191780823
406	-26.077534246575343
407	-25.176986301369862
408	-34.67643835616438
409	-37.3758904109589
410	-35.07534246575342
411	-31.374794520547947
412	-27.674246575342465
413	-12.173698630136986
414	-6.273150684931507
415	-1.0726027397260274
416	-2.972054794520548
417	-9.671506849315069
418	-14.07095890410959
419	-15.57041095890411
420	-12.069863013698631
421	-3.5693150684931507
422	-8.068767123287673
423	-2.5682191780821917
424	-3.2676712328767126
425	-7.567123287671233
426	-23.16657534246575
427	-9.766027397260274
428	-3.5654794520547943
429	-16.364931506849317
430	-22.164383561643834
431	-14.763835616438357
432	-7.563287671232876
433	-22.3627397260274
434	-27.36219178082192
435	-27.36164383561644
436	-30.46109589041096
437	-33.66054794520548
438	-34.86
439	-31.559452054794523
440	-24.05890410958904
441	-14.658356164383562
442	-9.757808219178083
443	-15.557260273972604
444	-18.856712328767124
445	-19.456164383561642
446	-21.455616438356163
447	-22.155068493150683
448	-18.954520547945204
449	-19.653972602739724
450	-11.953424657534246
451	-21.052876712328768
452	-19.652328767123286
453	-20.05178082191781
454	-19.75123287671233
455	-18.75068493150685
456	-18.65013698630137
457	-21.049589041095892
458	-17.049041095890413
459	-17.64849315068493
460	-22.147945205479452
461	-23.147397260273973
462	-19.346849315068496
463	-18.14630136986301
464	-12.145753424657535
465	-13.866129391913283
466	-12.27131435171036
467	-10.740373446142698
468	-11.846163275944598
469	-11.039447295756021
470	-11.98035688673059
471	-14.938351405345065
472	-15.543971495122682
473	-14.63708577490982
474	-13.766930790066525
475	-4.33972602739726
476	3.760821917808219
477	-4.238630136986301
478	-1.838082191780822
479	0.8624657534246575
480	-0.03698630136986303
481	-2.0364383561643833
482	-6.635890410958904
483	-10.935342465753424
484	-10.834794520547945
485	-8.534246575342467
486	-8.833698630136986
487	-7.733150684931507
488	1.6673972602739724
489	1.867945205479452
490	-6.631506849315069
491	-7.330958904109589
492	-6.93041095890411
493	4.27013698630137
494	6.570684931506849
495	4.171232876712328
496	-0.9282191780821918
497	1.3723287671232878
498	4.672876712328767
499	0.8734246575342466
500	-0.026027397260273977
501	8.974520547945204
502	8.975068493150685
503	11.475616438356164
504	13.976164383561644
505	9.076712328767124
506	9.277260273972603
507	11.577808219178083
508	7.978356164383562
509	5.678904109589041
510	7.079452054794521
511	6.98
512	5.880547945205479
513	9.08109589041096
514	7.381643835616438
515	0.6821917808219178
516	3.682739726027397
517	-0.6167123287671233
518	-0.31616438356164384
519	0.2843835616438356
520	-0.515068493150685
521	-1.2145205479452055
522	1.6860273972602737
523	3.8865753424657536
524	8.187123287671234
525	9.987671232876712
526	9.088219178082193
527	11.088767123287672
528	2.3893150684931506
529	7.28986301369863
530	12.69041095890411
531	16.19095890410959
532	14.491506849315067
533	11.592054794520548
534	15.092602739726027
535	14.193150684931506
536	14.193698630136987
537	19.694246575342465
538	20.594794520547946
539	18.395342465753426
540	18.495890410958904
541	18.696438356164382
542	15.896986301369862
543	15.597534246575343
544	10.198082191780822
545	12.2986301369863
546	17.69917808219178
547	16.99972602739726
548	14.30027397260274
549	15.70082191780822
550	11.501369863013698
551	13.001917808219178
552	15.402465753424657
553	19.503013698630138
554	10.903561643835616
555	5.904109589041095
556	5.804657534246576
557	5.605205479452055
558	4.805753424657534
559	5.106301369863013
560	7.106849315068493
561	8.507397260273972
562	7.107945205479452
563	12.108493150684932
564	11.80904109589041
565	14.50958904109589
566	10.410136986301369
567	8.910684931506848
568	12.411232876712328
569	9.611780821917808
570	6.012328767123288
571	6.512876712328767
572	7.713424657534247
573	6.613972602739726
574	7.214520547945206
575	5.815068493150685
576	4.815616438356164
577	6.716164383561644
578	13.116712328767123
579	8.717260273972602
580	13.01780821917808
581	13.618356164383563
582	10.368904109589042
583	10.369452054794522
584	10.370000000000001
585	10.37054794520548
586	7.121095890410959
587	8.221643835616439
588	2.822191780821918
589	2.622739726027397
590	8.223287671232876
591	10.423835616438355
592	10.924383561643836
593	7.824931506849315
594	2.6254794520547944
595	2.6260273972602737
596	2.3265753424657536
597	1.927123287671233
598	4.527671232876712
599	7.928219178082191
600	5.828767123287671
601	4.22931506849315
602	7.12986301369863
603	11.53041095890411
604	9.83095890410959
605	2.7315068493150685
606	3.1320547945205477
607	2.9326027397260273
608	0.13315068493150684
609	0.33369863013698625
610	3.934246575342466
611	4.084794520547945
612	4.235342465753424
613	3.4358904109589044
614	3.7364383561643835
615	5.4369863013698625
616	2.4375342465753427
617	1.2380821917808218
618	-1.2613698630136987
619	-0.6608219178082192
620	0.9397260273972603
621	1.0402739726027397
622	1.7408219178082192
623	0.5413698630136986
624	0.541917808219178
625	-1.0575342465753423
626	-1.2569863013698632
627	-3.2564383561643835
628	-3.255890410958904
629	-3.855342465753425
630	-3.554794520547945
631	-5.054246575342466
632	-5.1536986301369865
633	-3.853150684931507
634	-1.3526027397260274
635	-1.452054794520548
636	-3.6515068493150684
637	-2.950958904109589
638	-5.05041095890411
639	-3.24986301369863
640	-3.849315068493151
641	0.051232876712328734
642	3.4517808219178083
643	0.7523287671232877
644	-2.4471232876712325
645	-5.046575342465754
646	-9.546027397260275
647	-10.845479452054795
648	-10.644931506849314
649	-11.744383561643835
650	-6.6438356164383565
651	-5.943287671232876
652	-5.542739726027397
653	-5.042191780821918
654	-5.741643835616438
655	-10.841095890410958
656	-11.34054794520548
657	-7.239999999999999
658	-5.43945205479452
659	-8.038904109589042
660	-7.9383561643835625
661	-8.437808219178082
662	-9.337260273972602
663	-4.636712328767123
664	-2.5361643835616436
665	-6.135616438356164
666	-6.835068493150685
667	-9.834520547945205
668	-11.533972602739727
669	-15.533424657534248
670	-17.832876712328765
671	-8.532328767123287
672	-2.6317808219178085
673	-2.1312328767123287
674	-3.2306849315068495
675	-4.53013698630137
676	-10.82958904109589
677	-9.32904109589041
678	-8.028493150684932
679	-4.827945205479452
680	-7.827397260273972
681	-11.026849315068494
682	-16.326301369863014
683	-22.225753424657537
684	-24.925205479452057
685	-24.924657534246577
686	-26.824109589041097
687	-27.823561643835617
688	-24.723013698630137
689	-18.522465753424655
690	-20.521917808219175
691	-19.921369863013698
692	-21.320821917808217
693	-18.22027397260274
694	-6.1197260273972605
695	-3.7191780821917804
696	-7.718630136986301
697	-12.818082191780821
698	-13.717534246575342
699	-14.816986301369862
700	-19.016438356164382
701	-23.815890410958904
702	-28.715342465753427
703	-34.71479452054795
704	-33.814246575342466
705	-35.013698630136986
706	-35.4131506849315
707	-32.31260273972603
708	-28.012054794520548
709	-27.91150684931507
710	-30.71095890410959
711	-30.41041095890411
712	-32.50986301369863
713	-30.70931506849315
714	-27.70876712328767
715	-10.508219178082193
716	-9.007671232876712
717	-11.007123287671233
718	-16.406575342465754
719	-20.306027397260273
720	-20.405479452054795
721	-23.304931506849314
722	-30.104383561643836
723	-32.00383561643835
724	-29.803287671232876
725	-28.002739726027396
726	-18.502191780821917
727	-14.901643835616438
728	-24.30109589041096
729	-21.90054794520548
730	-19.200000000000003
731	-13.29945205479452
732	-11.398904109589042
733	-10.498356164383562
734	-7.897808219178083
735	-11.597260273972603
736	-13.996712328767124
737	-15.296164383561644
738	-15.795616438356163
739	-2.695068493150685
740	-3.1945205479452055
741	-12.793972602739725
742	-24.893424657534247
743	-25.19287671232877
744	-29.89232876712329
745	-28.291780821917808
746	-28.79123287671233
747	-23.39068493150685
748	-19.29013698630137
749	-19.98958904109589
750	-14.68904109589041
751	-12.68849315068493
752	-22.287945205479453
753	-24.387397260273975
754	-27.386849315068496
755	-31.486301369863014
756	-30.885753424657533
757	-27.185205479452055
758	-24.984657534246573
759	-21.784109589041094
760	-22.183561643835617
761	-9.883013698630137
762	-11.182465753424657
763	-9.781917808219177
764	-7.481369863013699
765	-16.78082191780822
766	-27.28027397260274
767	-23.57972602739726
768	-27.179178082191783
769	-29.2786301369863
770	-26.178082191780824
771	-25.877534246575344
772	-24.976986301369863
773	-34.47643835616438
774	-37.17589041095891
775	-34.87534246575342
776	-31.174794520547948
777	-27.474246575342466
778	-11.973698630136987
779	-6.073150684931507
780	-0.8726027397260274
781	-2.7720547945205483
782	-9.47150684931507
783	-13.870958904109589
784	-15.37041095890411
785	-11.86986301369863
786	-3.3693150684931505
787	-7.868767123287672
788	-2.3682191780821915
789	-3.0676712328767124
790	-7.367123287671233
791	-22.966575342465752
792	-9.566027397260275
793	-3.365479452054794
794	-16.164931506849317
795	-21.964383561643835
796	-14.563835616438356
797	-7.363287671232877
798	-22.1627397260274
799	-27.16219178082192
800	-27.161643835616438
801	-30.261095890410957
802	-33.46054794520548
803	-34.660000000000004
804	-31.35945205479452
805	-23.85890410958904
806	-14.458356164383561
807	-9.557808219178082
808	-15.357260273972603
809	-18.656712328767124
810	-19.256164383561643
811	-21.255616438356164
812	-21.955068493150684
813	-18.754520547945205
814	-19.453972602739725
815	-11.753424657534246
816	-20.85287671232877
817	-19.452328767123287
818	-19.85178082191781
819	-19.55123287671233
820	-18.55068493150685
821	-18.45013698630137
822	-20.849589041095893
823	-16.84904109589041
824	-17.44849315068493
825	-21.94794520547945
826	-22.94739726027397
827	-19.146849315068494
828	-17.94630136986301
829	-11.945753424657534
830	-13.945205479452055
831	-12.644657534246575
832	-11.544109589041096
833	-13.143561643835616
834	-12.743013698630136
835	-13.842465753424658
836	-16.64191780821918
837	-16.8413698630137
838	-15.44082191780822
839	-14.14027397260274
840	-4.13972602739726
841	3.960821917808219
842	-4.038630136986302
843	-1.6380821917808221
844	1.0624657534246575
845	0.16301369863013698
846	-1.8364383561643833
847	-6.435890410958905
848	-10.735342465753424
849	-10.634794520547945
850	-8.334246575342467
851	-8.633698630136985
852	-7.533150684931507
853	1.8673972602739726
854	2.067945205479452
855	-6.431506849315069
856	-7.130958904109589
857	-6.73041095890411
858	4.47013698630137
859	6.770684931506849
860	4.3712328767123285
861	-0.7282191780821918
862	1.5723287671232877
863	4.872876712328767
864	1.0734246575342465
865	0.17397260273972598
866	9.174520547945205
867	9.175068493150684
868	11.675616438356164
869	14.176164383561643
870	9.276712328767124
871	9.477260273972602
872	11.777808219178082
873	8.178356164383562
874	5.878904109589041
875	7.27945205479452
876	7.18
877	6.080547945205479
878	9.28109589041096
879	7.581643835616438
880	0.8821917808219177
881	3.8827397260273973
882	-0.41671232876712333
883	-0.11616438356164382
884	0.48438356164383556
885	-0.315068493150685
886	-1.0145205479452055
887	1.886027397260274
888	4.086575342465753
889	8.387123287671233
890	10.187671232876712
891	9.288219178082192
892	11.288767123287672
893	2.5893150684931507
894	7.48986301369863
895	12.89041095890411
896	16.39095890410959
897	14.691506849315068
898	11.79205479452055
899	15.292602739726028
900	14.393150684931507
901	14.393698630136987
902	19.894246575342464
903	20.794794520547946
904	18.595342465753426
905	18.695890410958903
906	18.89643835616438
907	16.096986301369864
908	15.797534246575344
909	10.398082191780823
910	12.498630136986302
911	17.899178082191778
912	17.199726027397258
913	14.50027397260274
914	15.90082191780822
915	11.701369863013698
916	13.201917808219177
917	15.602465753424656
918	19.703013698630137
919	11.103561643835617
920	6.104109589041095
921	6.004657534246576
922	5.805205479452055
923	5.005753424657534
924	5.3063013698630135
925	7.306849315068493
926	8.707397260273972
927	7.307945205479452
928	12.308493150684932
929	12.00904109589041
930	14.70958904109589
931	10.61013698630137
932	9.11068493150685
933	12.611232876712329
934	9.811780821917809
935	6.212328767123288
936	6.712876712328767
937	7.913424657534247
938	6.813972602739726
939	7.414520547945206
940	6.015068493150685
941	5.015616438356164
942	6.916164383561644
943	13.316712328767125
944	8.917260273972603
945	13.217808219178082
946	13.818356164383562
947	10.568904109589042
948	10.569452054794521
949	10.57
950	10.57054794520548
951	7.321095890410959
952	8.42164383561644
953	3.0221917808219176
954	2.822739726027397
955	8.423287671232877
956	10.623835616438356
957	11.124383561643835
958	8.024931506849315
959	2.825479452054794
960	2.826027397260274
961	2.5265753424657533
962	2.1271232876712327
963	4.7276712328767125
964	8.128219178082192
965	6.028767123287671
966	4.429315068493151
967	7.32986301369863
968	11.730410958904109
969	10.030958904109589
970	2.931506849315068
971	3.332054794520548
972	3.1326027397260274
973	0.33315068493150685
974	0.5336986301369863
975	4.134246575342466
976	4.284794520547945
977	4.435342465753425
978	3.635890410958904
979	3.936438356164383
980	5.636986301369863
981	2.6375342465753424
982	1.438082191780822
983	-1.0613698630136987
984	-0.46082191780821924
985	1.1397260273972603
986	1.2402739726027396
987	1.9408219178082189
988	0.7413698630136987
989	0.741917808219178
990	-0.8575342465753424
991	-1.056986301369863
992	-3.0564383561643838
993	-3.055890410958904
994	-3.655342465753425
995	-3.3547945205479452
996	-4.854246575342466
997	-4.953698630136986
998	-3.653150684931507
999	-1.1526027397260274
1000	-1.252054794520548
1001	-3.4515068493150687
1002	-2.7509589041095888
1003	-4.85041095890411
1004	-3.04986301369863
1005	-3.649315068493151
1006	0.2512328767123287
1007	3.651780821917808
1008	0.9523287671232876
1009	-2.247123287671233
1010	-4.846575342465754
1011	-9.346027397260274
1012	-10.645479452054794
1013	-10.444931506849315
1014	-11.544383561643835
1015	-6.443835616438356
1016	-5.743287671232877
1017	-5.342739726027398
1018	-4.842191780821918
1019	-5.541643835616438
1020	-10.64109589041096
1021	-11.140547945205478
1022	-7.04
1023	-5.23945205479452
1024	-7.666657826197738
1025	-6.966401878702403
1026	-6.965070768367433
1027	-8.365305988291443
1028	-4.436712328767124
1029	-2.336164383561644
1030	-5.935616438356164
1031	-6.635068493150685
1032	-9.634520547945204
1033	-11.333972602739726
1034	-15.333424657534247
1035	-17.632876712328766
1036	-8.332328767123288
1037	-2.4317808219178083
1038	-1.9312328767123288
1039	-2.7487817857584105
1040	-3.066734739106674
1041	-8.546590882695654
1042	-7.865638848695715
1043	-7.828493150684932
1044	-4.6279452054794525
1045	-7.6273972602739715
1046	-10.826849315068493
1047	-16.126301369863015
1048	-22.025753424657537
1049	-24.725205479452054
1050	-24.724657534246575
1051	-26.624109589041094
1052	-27.623561643835615
1053	-24.523013698630137
1054	-18.322465753424655
1055	-20.321917808219176
1056	-19.7213698630137
1057	-21.120821917808218
1058	-18.02027397260274
1059	-5.91972602739726
1060	-3.5191780821917806
1061	-7.518630136986301
1062	-12.618082191780822
1063	-13.517534246575343
1064	-14.616986301369863
1065	-18.816438356164383
1066	-23.615890410958905
1067	-28.515342465753427
1068	-34.514794520547945
1069	-33.61424657534247
1070	-34.81369863013698
1071	-35.213150684931506
1072	-32.11260273972603
1073	-27.812054794520545
1074	-27.711506849315068
1075	-30.51095890410959
1076	-30.21041095890411
1077	-32.30986301369863
1078	-30.50931506849315
1079	-27.508767123287672
1080	-10.308219178082192
1081	-8.807671232876713
1082	-10.807123287671233
1083	-16.206575342465754
1084	-20.106027397260274
1085	-20.205479452054796
1086	-23.104931506849315
1087	-29.904383561643836
1088	-31.803835616438356
1089	-29.603287671232877
1090	-27.802739726027397
1091	-18.302191780821918
1092	-14.701643835616439
1093	-24.10109589041096
1094	-21.70054794520548
1095	-19.0
1096	-13.09945205479452
1097	-11.198904109589042
1098	-10.298356164383563
1099	-7.697808219178083
1100	-11.397260273972602
1101	-13.796712328767123
1102	-15.096164383561643
1103	-15.595616438356164
1104	-2.495068493150685
1105	-2.9945205479452057
1106	-12.593972602739726
1107	-24.693424657534248
1108	-24.99287671232877
1109	-29.69232876712329
1110	-28.09178082191781
1111	-28.59123287671233
1112	-23.19068493150685
1113	-19.09013698630137
1114	-19.78958904109589
1115	-14.48904109589041
1116	-12.488493150684931
1117	-22.08794520547945
1118	-24.187397260273972
1119	-27.186849315068493
1120	-31.28630136986301
1121	-30.685753424657534
1122	-26.985205479452055
1123	-24.784657534246573
1124	-21.584109589041095
1125	-21.983561643835618
1126	-9.683013698630138
1127	-10.982465753424657
1128	-9.581917808219178
1129	-7.281369863013699
1130	-16.58082191780822
1131	-27.08027397260274
1132	-23.37972602739726
1133	-26.979178082191783
1134	-29.078630136986302
1135	-25.978082191780825
1136	-25.677534246575345
1137	-24.776986301369863
1138	-34.276438356164384
1139	-36.975890410958904
1140	-34.675342465753424
1141	-30.974794520547945
1142	-27.274246575342463
1143	-11.773698630136987
1144	-5.873150684931507
1145	-0.6726027397260275
1146	-2.572054794520548
1147	-9.271506849315069
1148	-13.67095890410959
1149	-15.17041095890411
1150	-11.669863013698631
1151	-3.169315068493151
1152	-7.668767123287672
1153	-2.168219178082192
1154	-2.867671232876712
1155	-7.167123287671233
1156	-22.766575342465753
1157	-9.366027397260273
1158	-3.1654794520547944
1159	-15.964931506849316
1160	-21.764383561643836
1161	-14.363835616438356
1162	-7.163287671232877
1163	-21.962739726027397
1164	-26.962191780821918
1165	-26.96164383561644
1166	-30.061095890410957
1167	-33.26054794520548
1168	-34.46
1169	-31.15945205479452
1170	-23.65890410958904
1171	-14.258356164383562
1172	-9.357808219178082
1173	-15.157260273972604
1174	-18.456712328767125
1175	-19.056164383561644
1176	-21.055616438356164
1177	-21.755068493150684
1178	-18.554520547945206
1179	-19.253972602739726
1180	-11.553424657534245
1181	-20.65287671232877
1182	-19.252328767123288
1183	-19.65178082191781
1184	-19.351232876712327
1185	-18.350684931506848
1186	-18.250136986301367
1187	-20.64958904109589
1188	-16.64904109589041
1189	-17.24849315068493
1190	-21.74794520547945
1191	-22.74739726027397
1192	-18.946849315068494
1193	-17.746301369863012
1194	-11.745753424657535
1195	-13.745205479452055
1196	-12.444657534246575
1197	-11.344109589041096
1198	-12.943561643835617
1199	-12.543013698630137
1200	-13.64246575342466
1201	-16.44191780821918
1202	-16.6413698630137
1203	-15.24082191780822
1204	-13.94027397260274
1205	-3.93972602739726
1206	4.160821917808219
1207	-3.8386301369863016
1208	-1.438082191780822
1209	1.2624657534246575
1210	0.36301369863013694
1211	-1.6364383561643834
1212	-6.235890410958905
1213	-10.535342465753423
1214	-10.434794520547944
1215	-8.134246575342466
1216	-8.433698630136986
1217	-7.333150684931507
1218	2.0673972602739723
1219	2.267945205479452
1220	-6.231506849315069
1221	-6.9309589041095885
1222	-6.53041095890411
1223	4.67013698630137
1224	6.970684931506849
1225	4.571232876712329
1226	-0.5282191780821918
1227	1.7723287671232877
1228	5.0728767123287675
1229	1.2734246575342465
1230	0.37397260273972605
1231	9.374520547945204
1232	9.375068493150684
1233	11.875616438356163
1234	14.376164383561644
1235	9.476712328767125
1236	9.677260273972603
1237	11.977808219178083
1238	8.378356164383561
1239	6.0789041095890415
1240	7.47945205479452
1241	7.38
1242	6.280547945205479
1243	9.481095890410959
1244	7.781643835616438
1245	1.0821917808219177
1246	4.082739726027397
1247	-0.21671232876712332
1248	0.08383561643835613
1249	0.6843835616438355
1250	-0.11506849315068501
1251	-0.8145205479452056
1252	2.086027397260274
1253	4.286575342465754
1254	8.587123287671233
1255	10.387671232876711
1256	9.74772184189468
1257	11.92991459063359
1258	3.4804664007212756
1259	8.687815576817563
1260	14.41839860712032
1261	18.219600649849976
1262	16.732297833972858
1263	13.90953453525297
1264	17.333393724383818
1265	16.221792430671897
1266	15.921686278353196
1267	21.092199138461396
1268	21.68594585277607
1269	19.236489933099342
1270	18.895890410958902
1271	19.09643835616438
1272	16.296986301369863
1273	15.997534246575343
1274	10.598082191780822
1275	12.698630136986301
1276	18.09917808219178
1277	17.39972602739726
1278	14.700273972602739
1279	16.10082191780822
1280	11.901369863013699
1281	13.401917808219178
1282	15.802465753424658
1283	19.903013698630136
1284	11.303561643835616
1285	6.304109589041095
1286	6.204657534246575
1287	6.005205479452054
1288	5.2057534246575345
1289	5.506301369863014
1290	7.506849315068493
1291	8.907397260273973
1292	7.5079452054794515
1293	12.508493150684933
1294	12.209041095890411
1295	14.90958904109589
1296	10.81013698630137
1297	9.310684931506849
1298	12.811232876712328
1299	10.011780821917808
1300	6.412328767123288
1301	6.912876712328767
1302	8.113424657534248
1303	7.013972602739726
1304	7.614520547945206
1305	6.215068493150685
1306	5.2156164383561645
1307	7.116164383561644
1308	13.516712328767124
1309	9.117260273972603
1310	13.417808219178081
1311	14.018356164383562
1312	10.768904109589041
1313	10.76945205479452
1314	10.770000000000001
1315	10.77054794520548
1316	7.521095890410959
1317	8.621643835616439
1318	3.222191780821918
1319	3.022739726027397
1320	8.623287671232877
1321	10.823835616438355
1322	11.324383561643835
1323	8.224931506849314
1324	3.0254794520547943
1325	3.0260273972602736
1326	2.7265753424657535
1327	2.327123287671233
1328	4.927671232876713
1329	8.328219178082191
1330	6.228767123287671
1331	4.629315068493151
1332	7.5298630136986295
1333	11.930410958904108
1334	10.230958904109588
1335	3.1315068493150684
1336	3.5320547945205476
1337	3.3326027397260276
1338	0.5331506849315069
1339	0.7336986301369862
1340	4.3342465753424655
1341	4.484794520547945
1342	4.635342465753425
1343	3.8358904109589043
1344	4.136438356164383
1345	5.836986301369863
1346	2.8375342465753426
1347	1.638082191780822
1348	-0.8613698630136988
1349	-0.2608219178082193
1350	1.3397260273972602
1351	1.4402739726027396
1352	2.140821917808219
1353	0.9413698630136986
1354	0.9419178082191781
1355	-0.6575342465753424
1356	-0.8569863013698632
1357	-2.8564383561643836
1358	-2.8558904109589043
1359	-3.455342465753425
1360	-3.154794520547945
1361	-4.654246575342466
1362	-4.753698630136986
1363	-3.453150684931507
1364	-0.9526027397260274
1365	-1.052054794520548
1366	-3.2515068493150685
1367	-2.550958904109589
1368	-4.65041095890411
1369	-2.8498630136986303
1370	-3.449315068493151
1371	0.45123287671232876
1372	3.8517808219178082
1373	1.1523287671232878
1374	-2.0471232876712326
1375	-4.646575342465754
1376	-9.146027397260275
1377	-10.445479452054794
1378	-10.244931506849316
1379	-11.344383561643836
1380	-6.243835616438356
1381	-5.543287671232877
1382	-5.142739726027398
1383	-4.642191780821918
1384	-5.341643835616438
1385	-10.441095890410958
1386	-10.940547945205479
1387	-6.84
1388	-5.039452054794521
1389	-7.638904109589042
1390	-7.538356164383562
1391	-8.037808219178084
1392	-8.937260273972601
1393	-4.236712328767124
1394	-2.1361643835616437
1395	-5.735616438356164
1396	-6.435068493150685
1397	-9.434520547945205
1398	-11.133972602739727
1399	-15.133424657534247
1400	-17.432876712328767
1401	-8.132328767123289
1402	-2.231780821917808
1403	-1.7312328767123288
1404	-2.830684931506849
1405	-4.130136986301371
1406	-10.42958904109589
1407	-8.92904109589041
1408	-7.628493150684932
1409	-4.427945205479452
1410	-7.427397260273972
1411	-10.626849315068494
1412	-15.926301369863014
1413	-21.825753424657535
1414	-24.525205479452055
1415	-24.524657534246575
1416	-26.424109589041095
1417	-27.423561643835615
1418	-24.323013698630138
1419	-18.122465753424656
1420	-20.121917808219177
1421	-19.5213698630137
1422	-20.92082191780822
1423	-17.82027397260274
1424	-5.71972602739726
1425	-3.3191780821917805
1426	-7.318630136986301
1427	-12.41808219178082
1428	-13.317534246575342
1429	-14.416986301369862
1430	-18.616438356164384
1431	-23.4158904109589
1432	-28.315342465753425
1433	-34.31479452054795
1434	-33.41424657534247
1435	-34.61369863013699
1436	-35.0131506849315
1437	-31.91260273972603
1438	-27.612054794520546
1439	-27.51150684931507
1440	-30.31095890410959
1441	-30.01041095890411
1442	-32.10986301369863
1443	-30.309315068493152
1444	-27.308767123287673
1445	-10.108219178082193
1446	-8.607671232876713
1447	-10.607123287671234
1448	-16.006575342465755
1449	-19.906027397260274
1450	-20.005479452054796
1451	-22.904931506849316
1452	-29.704383561643837
1453	-31.603835616438356
1454	-29.403287671232874
1455	-27.602739726027394
1456	-18.102191780821915
1457	-14.50164383561644
1458	-23.901095890410957
1459	-21.50054794520548
1460	-18.8
1461	-12.89945205479452
1462	-10.998904109589041
1463	-10.098356164383562
1464	-7.497808219178083
1465	-11.197260273972603
1466	-13.596712328767124
1467	-14.896164383561644
1468	-15.395616438356164
1469	-2.2950684931506853
1470	-2.7945205479452055
1471	-12.393972602739725
1472	-24.49342465753425
1473	-24.79287671232877
1474	-29.49232876712329
1475	-27.89178082191781
1476	-28.39123287671233
1477	-22.99068493150685
1478	-18.890136986301368
1479	-19.589589041095888
1480	-14.289041095890411
1481	-12.288493150684932
1482	-21.88794520547945
1483	-23.987397260273973
1484	-26.986849315068493
1485	-31.086301369863012
1486	-30.485753424657535
1487	-26.785205479452056
1488	-24.584657534246574
1489	-21.384109589041095
1490	-21.78356164383562
1491	-9.483013698630138
1492	-10.782465753424658
1493	-9.381917808219178
1494	-7.081369863013699
1495	-16.38082191780822
1496	-26.88027397260274
1497	-23.179726027397262
1498	-26.779178082191784
1499	-28.878630136986303
1500	-25.778082191780822
1501	-25.477534246575342
1502	-24.57698630136986
1503	-34.07643835616438
1504	-36.77589041095891
1505	-34.47534246575342
1506	-30.774794520547946
1507	-27.074246575342464
1508	-11.573698630136986
1509	-5.673150684931507
1510	-0.4726027397260275
1511	-2.3720547945205483
1512	-9.07150684931507
1513	-13.47095890410959
1514	-14.970410958904111
1515	-11.469863013698632
1516	-2.9693150684931506
1517	-7.468767123287672
1518	-1.9682191780821916
1519	-2.6676712328767125
1520	-6.967123287671233
1521	-22.566575342465754
1522	-9.166027397260274
1523	-2.9654794520547942
1524	-15.764931506849317
1525	-21.564383561643833
1526	-14.163835616438357
1527	-6.963287671232877
1528	-21.762739726027398
1529	-26.76219178082192
1530	-26.76164383561644
1531	-29.861095890410958
1532	-33.06054794520548
1533	-34.26
1534	-30.95945205479452
1535	-23.458904109589042
1536	-14.058356164383563
1537	-9.157808219178083
1538	-14.957260273972604
1539	-18.256712328767126
1540	-18.856164383561644
1541	-20.855616438356165
1542	-21.555068493150685
1543	-18.354520547945206
1544	-19.053972602739726
1545	-11.353424657534246
1546	-20.452876712328766
1547	-19.052328767123285
1548	-19.451780821917808
1549	-19.151232876712328
1550	-18.15068493150685
1551	-18.050136986301368
1552	-20.44958904109589
1553	-16.44904109589041
1554	-17.04849315068493
1555	-21.54794520547945
1556	-22.54739726027397
1557	-18.746849315068495
1558	-17.546301369863013
1559	-11.545753424657535
1560	-13.545205479452056
1561	-12.244657534246574
1562	-11.144109589041095
1563	-12.743561643835616
1564	-12.343013698630136
1565	-13.442465753424658
1566	-16.241917808219178
1567	-16.441369863013698
1568	-15.04082191780822
1569	-13.74027397260274
1570	-3.73972602739726
1571	4.360821917808219
1572	-3.6386301369863014
1573	-1.238082191780822
1574	1.4624657534246575
1575	0.5630136986301368
1576	-1.4364383561643834
1577	-6.035890410958904
1578	-10.335342465753424
1579	-10.234794520547945
1580	-7.934246575342467
1581	-8.233698630136987
1582	-7.133150684931507
1583	2.2673972602739725
1584	2.467945205479452
1585	-6.031506849315069
1586	-6.730958904109588
1587	-6.3304109589041095
1588	4.87013698630137
1589	7.170684931506849
1590	4.771232876712329
1591	-0.3282191780821918
1592	1.9723287671232876
1593	5.272876712328768
1594	1.4734246575342465
1595	0.5739726027397261
1596	9.574520547945205
1597	9.575068493150685
1598	12.075616438356164
1599	14.576164383561643
1600	9.676712328767124
1601	9.877260273972603
1602	12.177808219178083
1603	8.578356164383562
1604	6.278904109589042
1605	7.67945205479452
1606	7.58
1607	6.480547945205479
1608	9.68109589041096
1609	7.981643835616438
1610	1.2821917808219179
1611	4.282739726027397
1612	-0.016712328767123363
1613	0.2838356164383561
1614	0.8843835616438356
1615	0.08493150684931494
1616	-0.6145205479452055
1617	2.286027397260274
1618	4.486575342465754
1619	8.787123287671234
1620	10.587671232876712
1621	9.688219178082193
1622	11.688767123287672
1623	2.9893150684931507
1624	7.88986301369863
1625	13.29041095890411
1626	16.79095890410959
1627	15.091506849315067
1628	12.192054794520548
1629	15.692602739726029
1630	14.793150684931508
1631	14.793698630136987
1632	20.294246575342463
1633	21.194794520547944
1634	18.995342465753424
1635	19.095890410958905
1636	19.296438356164384
1637	16.496986301369862
1638	16.197534246575344
1639	10.798082191780821
1640	12.898630136986302
1641	18.29917808219178
1642	17.59972602739726
1643	14.90027397260274
1644	16.300821917808218
1645	12.101369863013698
1646	13.601917808219177
1647	16.00246575342466
1648	20.103013698630136
1649	11.503561643835615
1650	6.504109589041096
1651	6.404657534246575
1652	6.205205479452054
1653	5.405753424657534
1654	5.706301369863014
1655	7.706849315068493
1656	9.107397260273972
1657	7.707945205479452
1658	12.708493150684932
1659	12.40904109589041
1660	15.109589041095889
1661	11.010136986301369
1662	9.510684931506848
1663	13.011232876712329
1664	10.21178082191781
1665	6.612328767123287
1666	7.1128767123287675
1667	8.313424657534247
1668	7.213972602739726
1669	7.814520547945206
1670	6.4150684931506845
1671	5.415616438356165
1672	7.316164383561644
1673	13.716712328767123
1674	9.317260273972604
1675	13.617808219178082
1676	14.218356164383563
1677	10.968904109589042
1678	10.969452054794521
1679	10.97
1680	10.97054794520548
1681	7.721095890410958
1682	8.821643835616438
1683	3.422191780821918
1684	3.222739726027397
1685	8.823287671232878
1686	11.023835616438356
1687	11.524383561643836
1688	8.424931506849315
1689	3.2254794520547945
1690	3.2260273972602738
1691	2.9265753424657532
1692	2.527123287671233
1693	5.127671232876713
1694	8.52821917808219
1695	6.428767123287671
1696	5.023770718992949
1697	8.10652987654
1698	12.769655301259393
1699	11.38145207634872
1700	4.569743745004089
1701	5.145344221759762
1702	4.945892166965242
1703	1.9713875806205279
1704	1.8841918023761175
1705	5.173490917697749
1706	5.061461383389316
1707	4.835342465753424
1708	4.035890410958904
1709	4.336438356164384
1710	6.036986301369863
1711	3.0375342465753423
1712	1.8380821917808219
1713	-0.6613698630136988
1714	-0.06082191780821922
1715	1.5397260273972602
1716	1.6402739726027398
1717	2.340821917808219
1718	1.1413698630136986
1719	1.141917808219178
1720	-0.4575342465753425
1721	-0.6569863013698631
1722	-2.656438356164384
1723	-2.655890410958904
1724	-3.255342465753425
1725	-2.9547945205479453
1726	-4.4542465753424665
1727	-4.553698630136987
1728	-3.253150684931507
1729	-0.7526027397260274
1730	-0.8520547945205481
1731	-3.0515068493150688
1732	-2.350958904109589
1733	-4.45041095890411
1734	-2.6498630136986305
1735	-3.249315068493151
1736	0.6512328767123288
1737	4.051780821917808
1738	1.3523287671232875
1739	-1.847123287671233
1740	-4.446575342465754
1741	-8.946027397260274
1742	-10.245479452054793
1743	-10.044931506849315
1744	-11.144383561643835
1745	-6.043835616438356
1746	-5.3432876712328765
1747	-4.942739726027398
1748	-4.4421917808219185
1749	-5.1416438356164385
1750	-10.241095890410959
1751	-10.74054794520548
1752	-6.64
1753	-4.839452054794521
1754	-7.438904109589042
1755	-7.338356164383562
1756	-7.837808219178083
1757	-8.737260273972602
1758	-4.036712328767123
1759	-1.9361643835616438
1760	-5.535616438356165
1761	-6.235068493150685
1762	-9.234520547945205
1763	-10.933972602739727
1764	-14.933424657534246
1765	-17.232876712328768
1766	-7.932328767123288
1767	-2.0317808219178084
1768	-1.5312328767123289
1769	-2.6306849315068495
1770	-3.9301369863013704
1771	-10.22958904109589
1772	-8.72904109589041
1773	-7.428493150684932
1774	-4.227945205479452
1775	-7.227397260273972
1776	-10.426849315068493
1777	-15.726301369863013
1778	-21.625753424657535
1779	-24.325205479452055
1780	-24.324657534246576
1781	-26.224109589041095
1782	-27.223561643835616
1783	-24.12301369863014
1784	-17.922465753424657
1785	-19.921917808219177
1786	-19.3213698630137
1787	-20.72082191780822
1788	-17.620273972602742
1789	-5.51972602739726
1790	-3.1191780821917803
1791	-7.118630136986301
1792	-12.218082191780821
1793	-13.117534246575342
1794	-14.216986301369863
1795	-18.41643835616438
1796	-23.215890410958902
1797	-28.115342465753425
1798	-34.114794520547946
1799	-33.21424657534247
1800	-34.413698630136984
1801	-34.81315068493151
1802	-31.71260273972603
1803	-27.412054794520547
1804	-27.31150684931507
1805	-30.11095890410959
1806	-29.81041095890411
1807	-31.90986301369863
1808	-30.109315068493153
1809	-27.108767123287674
1810	-9.908219178082192
1811	-8.407671232876712
1812	-10.407123287671233
1813	-15.806575342465754
1814	-19.70602739726027
1815	-19.805479452054794
1816	-22.704931506849313
1817	-29.504383561643834
1818	-31.403835616438354
1819	-29.203287671232875
1820	-27.402739726027395
1821	-17.902191780821916
1822	-14.301643835616439
1823	-23.701095890410958
1824	-21.30054794520548
1825	-18.6
1826	-12.69945205479452
1827	-10.798904109589042
1828	-9.898356164383562
1829	-7.297808219178083
1830	-10.997260273972604
1831	-13.396712328767123
1832	-14.696164383561642
1833	-15.195616438356163
1834	-2.095068493150685
1835	-2.594520547945206
1836	-12.193972602739725
1837	-24.293424657534246
1838	-24.592876712328767
1839	-29.292328767123287
1840	-27.691780821917806
1841	-28.191232876712327
1842	-22.79068493150685
1843	-18.69013698630137
1844	-19.38958904109589
1845	-14.08904109589041
1846	-12.088493150684931
1847	-21.68794520547945
1848	-23.787397260273973
1849	-26.786849315068494
1850	-30.886301369863013
1851	-30.285753424657536
1852	-26.585205479452057
1853	-24.384657534246575
1854	-21.184109589041096
1855	-21.58356164383562
1856	-9.283013698630137
1857	-10.582465753424657
1858	-9.181917808219177
1859	-6.881369863013699
1860	-16.180821917808217
1861	-26.680273972602738
1862	-22.97972602739726
1863	-26.57917808219178
1864	-28.6786301369863
1865	-25.578082191780823
1866	-25.277534246575343
1867	-24.37698630136986
1868	-33.876438356164385
1869	-36.575890410958905
1870	-34.275342465753425
1871	-30.574794520547947
1872	-26.874246575342465
1873	-11.373698630136987
1874	-5.4731506849315075
1875	-0.27260273972602755
1876	-2.172054794520548
1877	-8.871506849315068
1878	-13.27095890410959
1879	-14.77041095890411
1880	-11.26986301369863
1881	-2.7693150684931505
1882	-7.268767123287672
1883	-1.7682191780821916
1884	-2.4676712328767123
1885	-6.767123287671232
1886	-22.36657534246575
1887	-8.966027397260273
1888	-2.7654794520547945
1889	-15.564931506849316
1890	-21.364383561643834
1891	-13.963835616438356
1892	-6.763287671232876
1893	-21.5627397260274
1894	-26.56219178082192
1895	-26.56164383561644
1896	-29.66109589041096
1897	-32.860547945205475
1898	-34.06
1899	-30.759452054794522
1900	-23.258904109589043
1901	-13.858356164383562
1902	-8.957808219178082
1903	-14.757260273972603
1904	-18.056712328767127
1905	-18.656164383561645
1906	-20.655616438356162
1907	-21.355068493150682
1908	-18.154520547945204
1909	-18.853972602739724
1910	-11.153424657534245
1911	-20.252876712328767
1912	-18.852328767123286
1913	-19.25178082191781
1914	-18.95123287671233
1915	-17.95068493150685
1916	-17.85013698630137
1917	-20.24958904109589
1918	-16.249041095890412
1919	-16.84849315068493
1920	-21.34794520547945
1921	-22.347397260273972
1922	-18.546849315068496
1923	-17.346301369863014
1924	-11.345753424657534
1925	-13.345205479452055
1926	-12.044657534246575
1927	-10.944109589041096
1928	-12.543561643835616
1929	-12.143013698630137
1930	-13.242465753424659
1931	-16.04191780821918
1932	-16.2413698630137
1933	-14.84082191780822
1934	-13.540273972602739
1935	-3.53972602739726
1936	4.560821917808219
1937	-3.4386301369863013
1938	-1.038082191780822
1939	1.6624657534246574
1940	0.7630136986301368
1941	-1.2364383561643835
1942	-5.835890410958904
1943	-10.135342465753425
1944	-10.034794520547944
1945	-7.734246575342467
1946	-8.033698630136985
1947	-6.9331506849315065
1948	2.467397260273972
1949	2.667945205479452
1950	-5.831506849315069
1951	-6.530958904109589
1952	-6.130410958904109
1953	5.07013698630137
1954	7.370684931506849
1955	4.971232876712328
1956	-0.12821917808219174
1957	2.172328767123288
1958	5.472876712328768
1959	1.6734246575342464
1960	0.773972602739726
1961	9.774520547945205
1962	9.775068493150684
1963	12.275616438356163
1964	14.776164383561643
1965	9.876712328767123
1966	10.077260273972602
1967	12.377808219178082
1968	8.778356164383561
1969	6.478904109589042
1970	7.879452054794521
1971	7.78
1972	6.680547945205479
1973	9.88109589041096
1974	8.181643835616438
1975	1.4821917808219176
1976	4.482739726027397
1977	0.1832876712328767
1978	0.48383561643835604
1979	1.0843835616438355
1980	0.284931506849315
1981	-0.41452054794520565
1982	2.4860273972602736
1983	4.686575342465753
1984	8.987123287671233
1985	10.787671232876711
1986	9.888219178082192
1987	11.888767123287671
1988	3.1893150684931504
1989	8.08986301369863
1990	13.49041095890411
1991	16.99095890410959
1992	15.291506849315068
1993	12.392054794520549
1994	15.892602739726028
1995	15.326161186586555
1996	15.559807421647772
1997	21.38117639904228
1998	22.67543140800707
1999	20.89950159239629
2000	21.385868204625233
2001	21.858659692304208
2002	19.15761957963205
2003	18.75975558271517
2004	13.088059985447149
2005	14.802789263629165
2006	19.779814969650904
2007	18.686655851097072
2008	15.666382764113525
2009	16.50082191780822
2010	12.301369863013697
2011	13.801917808219176
2012	16.202465753424658
2013	20.303013698630135
2014	11.703561643835616
2015	6.704109589041096
2016	6.604657534246575
2017	6.4052054794520545
2018	5.605753424657534
2019	5.906301369863013
2020	7.906849315068493
2021	9.307397260273971
2022	7.907945205479452
2023	12.908493150684933
2024	12.609041095890412
2025	15.30958904109589
2026	11.21013698630137
2027	9.710684931506849
2028	13.211232876712328
2029	10.411780821917809
2030	6.8123287671232875
2031	7.312876712328768
2032	8.513424657534246
2033	7.413972602739726
2034	8.014520547945207
2035	6.615068493150685
2036	5.615616438356164
2037	7.5161643835616445
2038	13.916712328767124
2039	9.517260273972603
2040	13.817808219178081
2041	14.418356164383562
2042	11.168904109589041
2043	11.16945205479452
2044	11.17
2045	11.170547945205481
2046	7.9210958904109585
2047	9.02164383561644
2048	3.6221917808219177
2049	3.4227397260273973
2050	9.023287671232877
2051	11.223835616438356
2052	11.724383561643835
2053	8.624931506849315
2054	3.425479452054794
2055	3.426027397260274
2056	3.1265753424657534
2057	2.727123287671233
2058	5.327671232876712
2059	8.728219178082192
2060	6.6287671232876715
2061	5.02931506849315
2062	7.92986301369863
2063	12.330410958904109
2064	10.630958904109589
2065	3.5315068493150683
2066	3.932054794520548
2067	3.732602739726027
2068	0.9331506849315068
2069	1.2784634830164765
2070	5.014660761526614
2071	5.360687676325412
2072	5.74294856456566
2073	5.157710793003106
2074	5.588578705311173
2075	7.289126650516652
2076	4.159354628619544
2077	2.7456882905930575
2078	0.014523292763767626
2079	0.4195922683759292
2080	1.7397260273972601
2081	1.8402739726027395
2082	2.540821917808219
2083	1.3413698630136985
2084	1.341917808219178
2085	-0.2575342465753425
2086	-0.4569863013698632
2087	-2.4564383561643837
2088	-2.4558904109589044
2089	-3.0553424657534247
2090	-2.754794520547945
2091	-4.254246575342466
2092	-4.353698630136987
2093	-3.053150684931507
2094	-0.5526027397260274
2095	-0.6520547945205482
2096	-2.6385306632053855
2097	-1.3849602925472657
2098	-2.7977092385020237
2099	-0.9971612932965437
2100	-2.2833164569308275
2101	0.8512328767123287
2102	4.251780821917809
2103	1.5523287671232877
2104	-1.6471232876712327
2105	-4.2465753424657535
2106	-8.746027397260274
2107	-10.045479452054794
2108	-9.844931506849315
2109	-10.944383561643836
2110	-5.843835616438357
2111	-5.143287671232876
2112	-4.742739726027398
2113	-4.242191780821918
2114	-4.941643835616438
2115	-10.041095890410958
2116	-10.540547945205478
2117	-6.4399999999999995
2118	-4.63945205479452
2119	-7.238904109589042
2120	-7.138356164383563
2121	-7.637808219178083
2122	-8.537260273972603
2123	-3.836712328767123
2124	-1.7361643835616438
2125	-5.335616438356165
2126	-6.0350684931506855
2127	-9.034520547945204
2128	-10.733972602739726
2129	-14.733424657534247
2130	-17.032876712328765
2131	-7.732328767123288
2132	-1.8317808219178082
2133	-1.331232876712329
2134	-2.4306849315068497
2135	-3.7301369863013702
2136	-10.029589041095889
2137	-8.52904109589041
2138	-7.2284931506849315
2139	-4.027945205479452
2140	-7.027397260273972
2141	-10.226849315068494
2142	-15.526301369863013
2143	-21.425753424657536
2144	-24.125205479452056
2145	-24.124657534246577
2146	-26.024109589041096
2147	-27.023561643835617
2148	-23.92301369863014
2149	-17.722465753424657
2150	-19.721917808219178
2151	-19.1213698630137
2152	-20.52082191780822
2153	-17.42027397260274
2154	-5.319726027397261
2155	-2.9191780821917805
2156	-6.918630136986301
2157	-12.018082191780822
2158	-12.917534246575343
2159	-14.016986301369862
2160	-18.21643835616438
2161	-23.015890410958903
2162	-27.915342465753426
2163	-33.91479452054794
2164	-33.01424657534247
2165	-34.21369863013698
2166	-34.613150684931504
2167	-31.51260273972603
2168	-27.212054794520547
2169	-27.11150684931507
2170	-29.91095890410959
2171	-29.61041095890411
2172	-31.70986301369863
2173	-29.909315068493154
2174	-26.908767123287674
2175	-9.708219178082192
2176	-8.207671232876713
2177	-10.207123287671234
2178	-15.606575342465755
2179	-19.506027397260272
2180	-19.605479452054794
2181	-22.504931506849314
2182	-29.304383561643835
2183	-31.203835616438354
2184	-29.003287671232876
2185	-27.202739726027396
2186	-17.702191780821916
2187	-14.10164383561644
2188	-23.50109589041096
2189	-21.10054794520548
2190	-18.400000000000002
2191	-12.49945205479452
2192	-10.598904109589043
2193	-9.698356164383561
2194	-7.0978082191780825
2195	-10.797260273972602
2196	-13.196712328767124
2197	-14.496164383561643
2198	-14.995616438356164
2199	-1.8950684931506852
2200	-2.3945205479452056
2201	-11.993972602739726
2202	-24.093424657534246
2203	-24.392876712328768
2204	-28.87875280658372
2205	-26.534599773880668
2206	-26.413108122902454
2207	-21.63350388346971
2208	-18.49013698630137
2209	-19.18958904109589
2210	-13.889041095890411
2211	-11.888493150684932
2212	-21.487945205479452
2213	-23.587397260273974
2214	-26.586849315068495
2215	-30.686301369863013
2216	-30.085753424657536
2217	-26.385205479452058
2218	-24.184657534246575
2219	-20.984109589041097
2220	-21.38356164383562
2221	-9.083013698630138
2222	-10.382465753424658
2223	-8.981917808219178
2224	-6.681369863013699
2225	-15.980821917808218
2226	-26.48027397260274
2227	-22.77972602739726
2228	-26.379178082191782
2229	-28.4786301369863
2230	-25.378082191780823
2231	-25.077534246575343
2232	-24.176986301369862
2233	-33.67643835616438
2234	-36.3758904109589
2235	-34.07534246575342
2236	-30.374794520547947
2237	-26.674246575342465
2238	-11.173698630136986
2239	-5.273150684931506
2240	-0.0726027397260276
2241	-1.9720547945205482
2242	-8.671506849315069
2243	-13.07095890410959
2244	-14.57041095890411
2245	-11.069863013698631
2246	-2.5693150684931503
2247	-7.068767123287672
2248	-1.5682191780821917
2249	-2.2676712328767126
2250	-6.567123287671233
2251	-22.16657534246575
2252	-8.766027397260274
2253	-2.5654794520547943
2254	-15.364931506849317
2255	-21.164383561643834
2256	-13.763835616438357
2257	-6.563287671232876
2258	-21.3627397260274
2259	-26.36219178082192
2260	-26.36164383561644
2261	-29.46109589041096
2262	-32.66054794520548
2263	-33.86
2264	-30.559452054794523
2265	-23.058904109589044
2266	-13.658356164383562
2267	-8.757808219178083
2268	-14.557260273972604
2269	-17.856712328767124
2270	-18.456164383561642
2271	-20.455616438356163
2272	-21.155068493150683
2273	-17.954520547945204
2274	-18.653972602739724
2275	-10.953424657534246
2276	-20.052876712328768
2277	-18.652328767123286
2278	-19.05178082191781
2279	-18.75123287671233
2280	-17.75068493150685
2281	-17.65013698630137
2282	-20.049589041095892
2283	-16.049041095890413
2284	-16.64849315068493
2285	-21.147945205479452
2286	-22.147397260273973
2287	-18.346849315068496
2288	-17.14630136986301
2289	-11.145753424657535
2290	-13.145205479452056
2291	-11.844657534246576
2292	-10.744109589041097
2293	-12.343561643835617
2294	-11.943013698630136
2295	-13.042465753424658
2296	-15.84191780821918
2297	-16.0413698630137
2298	-14.64082191780822
2299	-13.34027397260274
2300	-3.33972602739726
2301	4.760821917808219
2302	-3.2386301369863015
2303	-0.8380821917808221
2304	1.8624657534246576
2305	0.9630136986301367
2306	-1.0364383561643835
2307	-5.635890410958904
2308	-9.935342465753424
2309	-9.834794520547945
2310	-7.534246575342467
2311	-7.833698630136986
2312	-6.733150684931507
2313	2.6673972602739724
2314	2.867945205479452
2315	-5.631506849315069
2316	-6.330958904109589
2317	-5.93041095890411
2318	5.27013698630137
2319	7.5706849315068485
2320	5.171232876712328
2321	0.07178082191780821
2322	2.372328767123288
2323	5.672876712328767
2324	1.8734246575342466
2325	1.200760551771109
2326	10.578540525249117
2327	11.135640761093121
2328	14.08434447942034
2329	16.58489242462582
2330	11.237284596709562
2331	10.881280251276515
2332	12.577808219178083
2333	8.978356164383563
2334	6.678904109589041
2335	8.07945205479452
2336	7.98
2337	6.880547945205479
2338	10.08109589041096
2339	8.381643835616439
2340	1.6821917808219178
2341	4.682739726027397
2342	0.38328767123287666
2343	0.683835616438356
2344	1.2843835616438355
2345	0.48493150684931496
2346	-0.21452054794520548
2347	2.6860273972602737
2348	4.886575342465753
2349	9.187123287671234
2350	10.98767123287671
2351	10.088219178082193
2352	12.088767123287672
2353	3.3893150684931506
2354	8.28986301369863
2355	13.69041095890411
2356	17.19095890410959
2357	15.491506849315067
2358	12.592054794520548
2359	16.09260273972603
2360	15.193150684931506
2361	15.193698630136986
2362	20.694246575342465
2363	21.594794520547946
2364	19.395342465753426
2365	19.495890410958904
2366	19.696438356164382
2367	16.896986301369864
2368	16.597534246575343
2369	11.198082191780822
2370	13.2986301369863
2371	18.69917808219178
2372	17.99972602739726
2373	15.30027397260274
2374	16.70082191780822
2375	12.501369863013698
2376	14.001917808219178
2377	16.402465753424657
2378	20.503013698630134
2379	11.903561643835616
2380	6.904109589041095
2381	6.804657534246575
2382	6.605205479452055
2383	5.805753424657534
2384	6.106301369863013
2385	8.106849315068493
2386	9.507397260273972
2387	8.107945205479451
2388	13.108493150684932
2389	12.80904109589041
2390	15.50958904109589
2391	11.410136986301369
2392	9.910684931506848
2393	13.411232876712328
2394	10.611780821917808
2395	7.012328767123288
2396	7.512876712328767
2397	8.713424657534247
2398	7.613972602739725
2399	8.214520547945206
2400	6.815068493150685
2401	5.815616438356164
2402	7.716164383561644
2403	14.116712328767123
2404	9.717260273972602
2405	14.01780821917808
2406	14.618356164383563
2407	11.368904109589042
2408	11.369452054794522
2409	11.370000000000001
2410	11.37054794520548
2411	8.12109589041096
2412	9.221643835616439
2413	3.8221917808219175
2414	3.622739726027397
2415	9.223287671232876
2416	11.423835616438355
2417	11.924383561643836
2418	8.824931506849316
2419	3.625479452054794
2420	3.6260273972602737
2421	3.3265753424657536
2422	2.927123287671233
2423	5.527671232876712
2424	8.928219178082191
2425	6.828767123287671
2426	5.22931506849315
2427	8.12986301369863
2428	12.53041095890411
2429	10.83095890410959
2430	3.7315068493150685
2431	4.132054794520547
2432	3.9326027397260273
2433	1.1331506849315067
2434	1.3336986301369862
2435	4.934246575342466
2436	5.084794520547945
2437	5.235342465753424
2438	4.435890410958904
2439	4.736438356164383
2440	6.4369863013698625
2441	3.4375342465753427
2442	2.238082191780822
2443	-0.2613698630136989
2444	0.3391780821917807
2445	1.9397260273972603
2446	2.0402739726027397
2447	2.740821917808219
2448	1.5413698630136985
2449	1.541917808219178
2450	-0.05753424657534256
2451	-0.2569863013698632
2452	-2.2564383561643835
2453	-2.255890410958904
2454	-2.855342465753425
2455	-2.5547945205479454
2456	-4.054246575342466
2457	-4.1536986301369865
2458	-2.8531506849315074
2459	-0.3526027397260274
2460	-0.452054794520548
2461	-2.6515068493150684
2462	-1.950958904109589
2463	-4.05041095890411
2464	-1.9232580182545524
2465	-1.8571766951367237
2466	2.983654559935256
2467	6.865083455445087
2468	3.6847504503462147
2469	-0.45498491431480537
2470	-4.046575342465754
2471	-8.546027397260275
2472	-9.845479452054795
2473	-9.644931506849314
2474	-10.744383561643836
2475	-5.6438356164383565
2476	-4.943287671232877
2477	-4.542739726027397
2478	-4.042191780821918
2479	-4.741643835616438
2480	-9.841095890410958
2481	-10.34054794520548
2482	-6.24
2483	-4.43945205479452
2484	-7.0389041095890414
2485	-6.9383561643835625
2486	-7.437808219178083
2487	-8.337260273972602
2488	-3.6367123287671235
2489	-1.5361643835616439
2490	-5.135616438356164
2491	-5.835068493150685
2492	-8.834520547945205
2493	-10.533972602739727
2494	-14.533424657534248
2495	-16.832876712328765
2496	-7.532328767123288
2497	-1.6317808219178083
2498	-1.131232876712329
2499	-2.2306849315068495
2500	-3.53013698630137
2501	-9.82958904109589
2502	-8.32904109589041
2503	-7.028493150684932
2504	-3.8279452054794523
2505	-6.8273972602739725
2506	-10.026849315068494
2507	-15.326301369863014
2508	-21.225753424657537
2509	-23.925205479452057
2510	-23.924657534246577
2511	-25.824109589041097
2512	-26.823561643835617
2513	-23.72301369863014
2514	-17.522465753424655
2515	-19.521917808219175
2516	-18.921369863013698
2517	-20.320821917808217
2518	-17.22027397260274
2519	-5.1197260273972605
2520	-2.719178082191781
2521	-6.718630136986301
2522	-11.818082191780821
2523	-12.717534246575342
2524	-13.816986301369862
2525	-18.016438356164382
2526	-22.815890410958904
2527	-27.715342465753427
2528	-33.71479452054795
2529	-32.814246575342466
2530	-34.013698630136986
2531	-34.4131506849315
2532	-31.31260273972603
2533	-27.012054794520548
2534	-26.91150684931507
2535	-29.71095890410959
2536	-29.41041095890411
2537	-31.509863013698627
2538	-29.70931506849315
2539	-26.70876712328767
2540	-9.508219178082193
2541	-8.007671232876714
2542	-10.007123287671233
2543	-15.406575342465754
2544	-19.306027397260273
2545	-19.405479452054795
2546	-22.304931506849314
2547	-29.104383561643836
2548	-31.003835616438355
2549	-28.803287671232876
2550	-27.002739726027396
2551	-17.502191780821917
2552	-13.90164383561644
2553	-23.30109589041096
2554	-20.90054794520548
2555	-18.200000000000003
2556	-12.29945205479452
2557	-10.398904109589042
2558	-9.498356164383562
2559	-6.897808219178083
2560	-10.597260273972603
2561	-12.996712328767124
2562	-14.296164383561644
2563	-14.795616438356163
2564	-1.6950684931506852
2565	-2.1945205479452055
2566	-11.793972602739725
2567	-23.893424657534247
2568	-24.19287671232877
2569	-28.89232876712329
2570	-27.291780821917808
2571	-27.79123287671233
2572	-22.39068493150685
2573	-18.29013698630137
2574	-18.98958904109589
2575	-13.68904109589041
2576	-11.68849315068493
2577	-21.287945205479453
2578	-23.387397260273975
2579	-26.386849315068496
2580	-30.486301369863014
2581	-29.885753424657537
2582	-26.185205479452055
2583	-23.984657534246573
2584	-20.784109589041094
2585	-21.183561643835617
2586	-8.883013698630137
2587	-10.182465753424657
2588	-8.781917808219177
2589	-6.481369863013699
2590	-15.780821917808218
2591	-26.28027397260274
2592	-22.57972602739726
2593	-26.179178082191783
2594	-28.2786301369863
2595	-25.178082191780824
2596	-24.877534246575344
2597	-23.976986301369863
2598	-33.47643835616438
2599	-36.17589041095891
2600	-33.87534246575342
2601	-30.174794520547948
2602	-26.474246575342466
2603	-10.973698630136987
2604	-5.073150684931507
2605	0.12739726027397236
2606	-1.7720547945205483
2607	-8.47150684931507
2608	-12.596722315208675
2609	-13.141367835740091
2610	-8.843513473930395
2611	-1.1402719453291317
2612	-6.868767123287672
2613	-1.3682191780821917
2614	-2.0676712328767124
2615	-6.367123287671233
2616	-21.966575342465752
2617	-8.566027397260275
2618	-2.365479452054794
2619	-15.164931506849317
2620	-20.964383561643835
2621	-13.563835616438356
2622	-6.363287671232877
2623	-21.1627397260274
2624	-26.16219178082192
2625	-26.161643835616438
2626	-29.261095890410957
2627	-32.46054794520548
2628	-33.660000000000004
2629	-30.35945205479452
2630	-22.85890410958904
2631	-13.458356164383563
2632	-8.557808219178082
2633	-14.357260273972603
2634	-17.656712328767124
2635	-18.256164383561643
2636	-20.255616438356164
2637	-20.955068493150684
2638	-17.754520547945205
2639	-18.453972602739725
2640	-10.753424657534246
2641	-19.85287671232877
2642	-18.452328767123287
2643	-18.85178082191781
2644	-18.55123287671233
2645	-17.55068493150685
2646	-17.45013698630137
2647	-19.849589041095893
2648	-15.849041095890412
2649	-16.44849315068493
2650	-20.94794520547945
2651	-21.94739726027397
2652	-18.146849315068494
2653	-16.94630136986301
2654	-10.945753424657536
2655	-12.945205479452055
2656	-11.644657534246575
2657	-10.544109589041096
2658	-12.143561643835616
2659	-11.743013698630136
2660	-12.842465753424658
2661	-15.64191780821918
2662	-15.8413698630137
2663	-14.44082191780822
2664	-13.14027397260274
2665	-3.13972602739726
2666	4.960821917808219
2667	-3.038630136986302
2668	-0.6380821917808221
2669	2.0624657534246573
2670	1.163013698630137
2671	-0.8364383561643836
2672	-5.435890410958905
2673	-9.735342465753424
2674	-9.634794520547945
2675	-7.334246575342466
2676	-7.633698630136986
2677	-6.533150684931507
2678	2.8673972602739726
2679	3.067945205479452
2680	-5.431506849315069
2681	-6.130958904109589
2682	-5.73041095890411
2683	5.47013698630137
2684	7.77068493150685
2685	5.3712328767123285
2686	0.27178082191780817
2687	2.5723287671232877
2688	5.872876712328767
2689	2.0734246575342463
2690	1.173972602739726
2691	10.174520547945205
2692	10.175068493150684
2693	12.675616438356164
2694	15.176164383561643
2695	10.276712328767124
2696	10.477260273972602
2697	12.777808219178082
2698	9.178356164383562
2699	6.878904109589041
2700	8.27945205479452
2701	8.18
2702	7.080547945205479
2703	10.28109589041096
2704	8.581643835616438
2705	1.8821917808219175
2706	4.882739726027397
2707	0.5832876712328766
2708	0.8838356164383562
2709	1.4843835616438354
2710	0.6849315068493149
2711	-0.01452054794520552
2712	2.886027397260274
2713	5.086575342465753
2714	9.387123287671233
2715	11.187671232876712
2716	10.288219178082192
2717	12.288767123287672
2718	3.5893150684931507
2719	8.48986301369863
2720	13.89041095890411
2721	17.39095890410959
2722	15.691506849315068
2723	12.79205479452055
2724	16.29260273972603
2725	15.393150684931507
2726	15.393698630136987
2727	20.894246575342464
2728	21.794794520547946
2729	19.595342465753426
2730	19.695890410958903
2731	19.89643835616438
2732	17.096986301369864
2733	16.797534246575342
2734	11.398082191780823
2735	13.498630136986302
2736	18.899178082191778
2737	18.199726027397258
2738	15.50027397260274
2739	16.90082191780822
2740	12.701369863013698
2741	14.201917808219177
2742	16.602465753424656
2743	20.703013698630137
2744	12.103561643835615
2745	7.104109589041095
2746	7.004657534246576
2747	6.805205479452054
2748	6.005753424657534
2749	6.3063013698630135
2750	8.306849315068494
2751	9.707397260273972
2752	8.307945205479452
2753	13.308493150684932
2754	13.00904109589041
2755	15.709589041095889
2756	11.61013698630137
2757	10.11068493150685
2758	13.611232876712329
2759	10.811780821917809
2760	7.212328767123288
2761	7.712876712328767
2762	8.913424657534247
2763	7.813972602739726
2764	8.414520547945205
2765	7.015068493150685
2766	6.015616438356164
2767	7.916164383561644
2768	14.316712328767125
2769	9.917260273972603
2770	14.217808219178082
2771	14.818356164383562
2772	11.568904109589042
2773	11.569452054794521
2774	11.57
2775	11.57054794520548
2776	8.321095890410959
2777	9.42164383561644
2778	4.022191780821918
2779	3.8227397260273968
2780	9.423287671232877
2781	11.623835616438356
2782	12.124383561643835
2783	9.024931506849315
2784	3.825479452054794
2785	3.8260273972602734
2786	3.5265753424657533
2787	3.1271232876712327
2788	5.7276712328767125
2789	9.12821917808219
2790	7.028767123287671
2791	5.429315068493151
2792	8.32986301369863
2793	12.730410958904109
2794	11.030958904109589
2795	3.931506849315068
2796	4.332054794520547
2797	4.132602739726027
2798	1.3331506849315067
2799	1.5336986301369862
2800	5.134246575342466
2801	5.284794520547945
2802	5.435342465753425
2803	4.635890410958904
2804	4.936438356164383
2805	6.636986301369863
2806	3.6375342465753424
2807	2.438082191780822
2808	-0.06136986301369873
2809	0.5391780821917806
2810	2.13972602739726
2811	2.24027397260274
2812	2.940821917808219
2813	1.7413698630136984
2814	1.741917808219178
2815	0.14246575342465762
2816	-0.05698630136986327
2817	-2.0564383561643838
2818	-2.055890410958904
2819	-2.335412481264569
2820	-1.2041216289345602
2821	-1.6720174380631425
2822	-1.7714694928576629
2823	-1.5024777933181221
2824	-0.15260273972602745
2825	-0.252054794520548
2826	-2.4515068493150687
2827	-1.750958904109589
2828	-3.85041095890411
2829	-2.0498630136986304
2830	-2.6493150684931512
2831	1.2512328767123286
2832	4.651780821917808
2833	1.9523287671232876
2834	-1.2471232876712328
2835	-3.846575342465754
2836	-8.346027397260274
2837	-9.645479452054794
2838	-9.444931506849315
2839	-10.544383561643835
2840	-5.443835616438356
2841	-4.743287671232877
2842	-4.342739726027398
2843	-3.8421917808219184
2844	-4.541643835616438
2845	-9.64109589041096
2846	-10.140547945205478
2847	-6.04
2848	-4.239452054794521
2849	-6.838904109589041
2850	-6.738356164383562
2851	-7.237808219178083
2852	-8.137260273972602
2853	-3.4367123287671233
2854	-1.336164383561644
2855	-4.935616438356164
2856	-5.635068493150685
2857	-8.634520547945204
2858	-10.333972602739726
2859	-14.333424657534247
2860	-16.632876712328766
2861	-7.332328767123288
2862	-1.4317808219178083
2863	-0.9312328767123288
2864	-2.0306849315068494
2865	-3.3301369863013703
2866	-9.62958904109589
2867	-8.129041095890411
2868	-6.828493150684932
2869	-3.6279452054794525
2870	-6.6273972602739715
2871	-9.826849315068493
2872	-15.126301369863013
2873	-21.025753424657537
2874	-23.725205479452057
2875	-23.724657534246575
2876	-25.624109589041094
2877	-26.623561643835615
2878	-23.523013698630137
2879	-17.322465753424655
2880	-19.321917808219176
2881	-18.7213698630137
2882	-20.120821917808218
2883	-17.02027397260274
2884	-4.91972602739726
2885	-2.5191780821917806
2886	-6.518630136986301
2887	-11.618082191780822
2888	-12.517534246575343
2889	-13.616986301369863
2890	-17.816438356164383
2891	-22.615890410958905
2892	-27.515342465753427
2893	-33.514794520547945
2894	-32.61424657534247
2895	-33.81369863013698
2896	-34.213150684931506
2897	-31.11260273972603
2898	-26.812054794520545
2899	-26.711506849315068
2900	-29.51095890410959
2901	-29.21041095890411
2902	-31.309863013698628
2903	-29.50931506849315
2904	-26.508767123287672
2905	-9.308219178082192
2906	-7.807671232876713
2907	-9.807123287671233
2908	-15.206575342465754
2909	-19.106027397260274
2910	-19.205479452054796
2911	-22.104931506849315
2912	-28.904383561643836
2913	-30.803835616438356
2914	-28.603287671232877
2915	-26.802739726027397
2916	-17.302191780821918
2917	-13.701643835616439
2918	-23.10109589041096
2919	-20.70054794520548
2920	-18.0
2921	-12.09945205479452
2922	-10.021356060590993
2923	-8.87244053615008
2924	-5.902093068523673
2925	-9.239501561288806
2926	-11.48479983446484
2927	-12.938405670877847
2928	-13.799901287701752
2929	-1.069152864917202
2930	-1.9945205479452057
2931	-11.593972602739726
2932	-23.693424657534248
2933	-23.99287671232877
2934	-28.69232876712329
2935	-27.09178082191781
2936	-27.59123287671233
2937	-22.19068493150685
2938	-18.09013698630137
2939	-18.78958904109589
2940	-13.48904109589041
2941	-11.488493150684931
2942	-21.08794520547945
2943	-23.187397260273972
2944	-26.186849315068493
2945	-30.28630136986301
2946	-29.685753424657534
2947	-25.985205479452055
2948	-23.784657534246573
2949	-20.584109589041095
2950	-20.983561643835618
2951	-8.683013698630138
2952	-9.982465753424657
2953	-8.581917808219178
2954	-6.281369863013699
2955	-15.580821917808219
2956	-26.08027397260274
2957	-22.37972602739726
2958	-25.979178082191783
2959	-28.078630136986302
2960	-24.978082191780825
2961	-24.677534246575345
2962	-23.776986301369863
2963	-33.276438356164384
2964	-35.975890410958904
2965	-33.675342465753424
2966	-29.974794520547945
2967	-26.274246575342463
2968	-10.773698630136987
2969	-4.873150684931507
2970	0.32739726027397253
2971	-1.5720547945205483
2972	-8.271506849315069
2973	-12.67095890410959
2974	-14.17041095890411
2975	-10.669863013698631
2976	-2.169315068493151
2977	-6.668767123287672
2978	-1.1682191780821918
2979	-1.8676712328767124
2980	-6.167123287671233
2981	-21.766575342465753
2982	-8.366027397260273
2983	-2.1654794520547944
2984	-14.964931506849316
2985	-20.764383561643836
2986	-13.363835616438356
2987	-6.163287671232877
2988	-20.962739726027397
2989	-25.962191780821918
2990	-25.96164383561644
2991	-29.061095890410957
2992	-32.26054794520548
2993	-33.46
2994	-30.15945205479452
2995	-22.65890410958904
2996	-13.258356164383562
2997	-8.357808219178082
2998	-14.157260273972604
2999	-17.456712328767125
3000	-18.056164383561644
3001	-20.055616438356164
3002	-20.755068493150684
3003	-17.554520547945206
3004	-18.253972602739726
3005	-10.553424657534245
3006	-19.65287671232877
3007	-18.252328767123288
3008	-18.65178082191781
3009	-18.35123287671233
3010	-17.350684931506848
3011	-17.250136986301367
3012	-19.64958904109589
3013	-15.649041095890412
3014	-16.24849315068493
3015	-20.74794520547945
3016	-21.74739726027397
3017	-17.946849315068494
3018	-16.746301369863012
3019	-10.745753424657535
3020	-12.745205479452055
3021	-11.444657534246575
3022	-10.344109589041096
3023	-11.943561643835617
3024	-11.543013698630137
3025	-12.64246575342466
3026	-15.44191780821918
3027	-15.641369863013699
3028	-14.24082191780822
3029	-12.94027397260274
3030	-2.93972602739726
3031	5.160821917808219
3032	-2.8386301369863016
3033	-0.4380821917808222
3034	2.2624657534246575
3035	1.3630136986301369
3036	-0.6364383561643836
3037	-5.235890410958905
3038	-9.535342465753423
3039	-9.434794520547944
3040	-7.134246575342466
3041	-7.433698630136986
3042	-6.333150684931507
3043	3.0673972602739723
3044	3.267945205479452
3045	-5.231506849315069
3046	-5.9309589041095885
3047	-5.53041095890411
3048	5.67013698630137
3049	7.970684931506849
3050	5.571232876712329
3051	0.4717808219178081
3052	2.7723287671232875
3053	6.0728767123287675
3054	2.2734246575342465
3055	1.3739726027397259
3056	10.374520547945204
3057	10.375068493150684
3058	12.875616438356163
3059	15.376164383561644
3060	10.476712328767125
3061	10.677260273972603
3062	12.977808219178083
3063	9.378356164383561
3064	7.0789041095890415
3065	8.479452054794521
3066	8.38
3067	7.280547945205479
3068	10.481095890410959
3069	8.781643835616437
3070	2.0821917808219177
3071	5.0827397260273965
3072	0.7832876712328766
3073	1.083835616438356
3074	1.6843835616438354
3075	0.8849315068493149
3076	0.18547945205479444
3077	3.086027397260274
3078	5.286575342465754
3079	9.587123287671233
3080	11.387671232876711
3081	10.488219178082192
3082	12.488767123287673
3083	3.789315068493151
3084	8.68986301369863
3085	14.09041095890411
3086	17.590958904109588
3087	15.891506849315068
3088	12.992054794520548
3089	16.492602739726028
3090	15.593150684931507
3091	15.593698630136986
3092	21.094246575342464
3093	21.994794520547945
3094	19.795342465753425
3095	19.895890410958902
3096	20.09643835616438
3097	17.296986301369863
3098	16.99753424657534
3099	11.598082191780822
3100	13.698630136986301
3101	19.09917808219178
3102	18.39972602739726
3103	15.700273972602739
3104	17.10082191780822
3105	12.901369863013699
3106	14.401917808219178
3107	16.802465753424656
3108	20.903013698630136
3109	12.303561643835616
3110	7.304109589041095
3111	7.204657534246575
3112	7.005205479452054
3113	6.205753424657534
3114	6.506301369863014
3115	8.506849315068493
3116	9.90739726027397
3117	8.507945205479452
3118	13.508493150684933
3119	13.209041095890411
3120	15.90958904109589
3121	11.81013698630137
3122	10.310684931506849
3123	13.811232876712328
3124	11.011780821917808
3125	7.412328767123288
3126	7.912876712328767
3127	9.113424657534246
3128	8.013972602739726
3129	8.614520547945206
3130	7.215068493150685
3131	6.2156164383561645
3132	8.116164383561644
3133	14.516712328767124
3134	10.117260273972603
3135	14.417808219178081
3136	15.018356164383562
3137	11.768904109589041
3138	11.76945205479452
3139	11.770000000000001
3140	11.77054794520548
3141	8.521095890410958
3142	9.621643835616439
3143	4.222191780821918
3144	4.022739726027397
3145	9.623287671232877
3146	11.823835616438355
3147	12.324383561643835
3148	9.224931506849314
3149	4.025479452054794
3150	4.026027397260274
3151	3.726575342465753
3152	3.327123287671233
3153	5.927671232876713
3154	9.328219178082191
3155	7.228767123287671
3156	5.629315068493151
3157	8.52986301369863
3158	12.930410958904108
3159	11.230958904109588
3160	4.131506849315068
3161	4.532054794520548
3162	4.332602739726028
3163	1.5331506849315069
3164	1.733698630136986
3165	5.3342465753424655
3166	5.484794520547945
3167	5.635342465753425
3168	4.835890410958904
3169	5.136438356164383
3170	6.836986301369863
3171	3.837534246575342
3172	2.6380821917808217
3173	0.13863013698630122
3174	0.7391780821917806
3175	2.33972602739726
3176	2.4402739726027396
3177	3.140821917808219
3178	1.9413698630136984
3179	1.941917808219178
3180	0.4841577266165862
3181	0.4829150724737025
3182	-1.2214189885554836
3183	-0.9319426829716747
3184	-1.408372527070087
3185	-1.2308467925607154
3186	-3.019227207733566
3187	-3.4137972562934205
3188	-2.453150684931507
3189	0.04739726027397251
3190	-0.052054794520548064
3191	-2.251506849315069
3192	-1.550958904109589
3193	-3.65041095890411
3194	-1.8498630136986303
3195	-2.449315068493151
3196	1.4512328767123286
3197	4.851780821917808
3198	2.1523287671232874
3199	-1.0471232876712329
3200	-3.646575342465754
3201	-8.146027397260275
3202	-9.445479452054794
3203	-9.244931506849316
3204	-10.344383561643836
3205	-5.243835616438356
3206	-4.543287671232877
3207	-4.142739726027398
3208	-3.642191780821918
3209	-4.341643835616438
3210	-9.441095890410958
3211	-9.940547945205479
3212	-5.84
3213	-4.039452054794521
3214	-6.638904109589042
3215	-6.538356164383562
3216	-7.037808219178083
3217	-7.937260273972602
3218	-3.2367123287671236
3219	-1.136164383561644
3220	-4.735616438356164
3221	-5.435068493150685
3222	-8.434520547945205
3223	-10.133972602739727
3224	-14.133424657534247
3225	-16.432876712328767
3226	-7.132328767123289
3227	-1.2317808219178084
3228	-0.7312328767123288
3229	-1.8306849315068496
3230	-3.1301369863013706
3231	-9.42958904109589
3232	-7.92904109589041
3233	-6.628493150684932
3234	-3.4279452054794524
3235	-6.427397260273972
3236	-9.626849315068494
3237	-14.926301369863014
3238	-20.825753424657535
3239	-23.525205479452055
3240	-23.524657534246575
3241	-25.424109589041095
3242	-26.423561643835615
3243	-23.323013698630138
3244	-17.122465753424656
3245	-19.121917808219177
3246	-18.5213698630137
3247	-19.92082191780822
3248	-16.82027397260274
3249	-4.71972602739726
3250	-2.3191780821917805
3251	-6.318630136986301
3252	-11.41808219178082
3253	-12.317534246575342
3254	-13.416986301369862
3255	-17.616438356164384
3256	-22.4158904109589
3257	-27.315342465753425
3258	-33.31479452054795
3259	-32.41424657534247
3260	-33.61369863013699
3261	-34.0131506849315
3262	-30.91260273972603
3263	-26.612054794520546
3264	-26.51150684931507
3265	-29.31095890410959
3266	-29.01041095890411
3267	-31.10986301369863
3268	-29.309315068493152
3269	-26.308767123287673
3270	-9.108219178082193
3271	-7.607671232876713
3272	-9.607123287671234
3273	-15.006575342465755
3274	-18.906027397260274
3275	-19.005479452054796
3276	-21.904931506849316
3277	-28.704383561643837
3278	-30.603835616438356
3279	-28.403287671232874
3280	-26.602739726027394
3281	-17.102191780821915
3282	-13.50164383561644
3283	-22.901095890410957
3284	-20.50054794520548
3285	-17.8
3286	-11.89945205479452
3287	-9.998904109589041
3288	-9.098356164383562
3289	-6.497808219178083
3290	-10.197260273972603
3291	-12.596712328767124
3292	-13.896164383561644
3293	-14.395616438356164
3294	-1.295068493150685
3295	-1.7945205479452058
3296	-11.393972602739726
3297	-23.49342465753425
3298	-23.79287671232877
3299	-28.49232876712329
3300	-26.89178082191781
3301	-27.39123287671233
3302	-21.99068493150685
3303	-17.890136986301368
3304	-18.589589041095888
3305	-13.289041095890411
3306	-11.288493150684932
3307	-20.88794520547945
3308	-22.987397260273973
3309	-25.986849315068493
3310	-30.086301369863012
3311	-29.485753424657535
3312	-25.785205479452056
3313	-23.584657534246574
3314	-20.384109589041095
3315	-20.78356164383562
3316	-8.483013698630138
3317	-9.782465753424658
3318	-8.381917808219178
3319	-6.081369863013699
3320	-15.380821917808218
3321	-25.88027397260274
3322	-22.179726027397262
3323	-25.779178082191784
3324	-27.878630136986303
3325	-24.778082191780822
3326	-24.477534246575342
3327	-23.57698630136986
3328	-33.07643835616438
3329	-35.77589041095891
3330	-33.47534246575342
3331	-29.774794520547946
3332	-26.074246575342464
3333	-10.573698630136986
3334	-4.673150684931507
3335	0.5273972602739725
3336	-1.3720547945205483
3337	-8.07150684931507
3338	-12.47095890410959
3339	-13.970410958904111
3340	-10.469863013698632
3341	-1.9693150684931506
3342	-6.468767123287672
3343	-0.9682191780821918
3344	-1.6676712328767125
3345	-5.967123287671233
3346	-21.566575342465754
3347	-8.166027397260274
3348	-1.9654794520547945
3349	-14.764931506849317
3350	-20.564383561643833
3351	-13.163835616438357
3352	-5.963287671232877
3353	-20.762739726027398
3354	-25.76219178082192
3355	-25.76164383561644
3356	-28.861095890410958
3357	-32.06054794520548
3358	-33.260000000000005
3359	-29.95945205479452
3360	-22.458904109589042
3361	-13.058356164383563
3362	-8.157808219178083
3363	-13.957260273972604
3364	-17.256712328767126
3365	-17.856164383561644
3366	-19.855616438356165
3367	-20.555068493150685
3368	-17.354520547945206
3369	-18.053972602739726
3370	-10.353424657534246
3371	-19.452876712328766
3372	-18.052328767123285
3373	-18.451780821917808
3374	-18.151232876712328
3375	-17.15068493150685
3376	-17.050136986301368
3377	-19.44958904109589
3378	-15.449041095890411
3379	-16.04849315068493
3380	-20.54794520547945
3381	-21.54739726027397
3382	-17.746849315068495
3383	-16.546301369863013
3384	-10.545753424657535
3385	-12.545205479452056
3386	-11.244657534246574
3387	-10.144109589041095
3388	-11.743561643835616
3389	-11.343013698630136
3390	-12.442465753424658
3391	-15.24191780821918
3392	-15.4413698630137
3393	-14.04082191780822
3394	-12.74027397260274
3395	-2.73972602739726
3396	5.360821917808219
3397	-2.6386301369863014
3398	-0.23808219178082224
3399	2.4624657534246572
3400	1.5630136986301368
3401	-0.4364383561643834
3402	-5.035890410958904
3403	-9.335342465753424
3404	-9.234794520547945
3405	-6.934246575342467
3406	-7.2336986301369866
3407	-6.133150684931507
3408	3.2673972602739725
3409	3.467945205479452
3410	-5.031506849315069
3411	-5.730958904109588
3412	-5.33041095890411
3413	5.87013698630137
3414	8.170684931506848
3415	5.771232876712329
3416	0.6717808219178081
3417	2.9723287671232876
3418	6.272876712328768
3419	2.4734246575342462
3420	1.5739726027397258
3421	10.574520547945205
3422	10.575068493150685
3423	13.075616438356164
3424	15.576164383561643
3425	10.676712328767124
3426	10.877260273972603
3427	13.177808219178083
3428	9.578356164383562
3429	7.278904109589041
3430	8.67945205479452
3431	8.58
3432	7.480547945205479
3433	10.68109589041096
3434	8.981643835616438
3435	2.282191780821918
3436	5.282739726027397
3437	0.9832876712328765
3438	1.2838356164383562
3439	1.8843835616438356
3440	1.0849315068493148
3441	0.3854794520547944
3442	3.286027397260274
3443	5.486575342465754
3444	9.787123287671234
3445	11.587671232876712
3446	10.688219178082193
3447	12.688767123287672
3448	3.9893150684931507
3449	8.88986301369863
3450	14.29041095890411
3451	17.79095890410959
3452	16.091506849315067
3453	13.192054794520548
3454	16.692602739726027
3455	15.793150684931508
3456	15.793698630136987
3457	21.294246575342463
3458	22.194794520547944
3459	19.995342465753424
3460	20.0958904109589
3461	20.296438356164384
3462	17.496986301369862
3463	17.197534246575344
3464	11.798082191780821
3465	13.898630136986302
3466	19.29917808219178
3467	18.59972602739726
3468	15.90027397260274
3469	17.300821917808218
3470	13.101369863013698
3471	14.601917808219177
3472	17.00246575342466
3473	21.103013698630136
3474	12.503561643835615
3475	7.504109589041096
3476	7.404657534246575
3477	7.205205479452054
3478	6.405753424657534
3479	6.706301369863013
3480	8.706849315068492
3481	10.107397260273972
3482	8.70794520547945
3483	13.708493150684932
3484	13.40904109589041
3485	16.10958904109589
3486	12.010136986301369
3487	10.510684931506848
3488	14.011232876712327
3489	11.21178082191781
3490	7.612328767123287
3491	8.112876712328767
3492	9.313424657534247
3493	8.213972602739727
3494	8.814520547945206
3495	7.4150684931506845
3496	6.415616438356164
3497	8.316164383561643
3498	14.716712328767123
3499	10.317260273972604
3500	14.617808219178082
3501	15.218356164383563
3502	11.968904109589042
3503	12.295508371066765
3504	12.524286865585221
3505	12.838956207618509
3506	9.974989518185517
3507	11.490215380397549
3508	6.4685250258903295
3509	6.535631311288228
3510	12.23253608357916
3511	14.336727201699187
3512	14.570716806712248
3513	11.093503051630426
3514	5.479373079829352
3515	5.094435659673303
3516	4.480862208050973
3517	3.527123287671233
3518	6.127671232876713
3519	9.52821917808219
3520	7.428767123287671
3521	5.82931506849315
3522	8.72986301369863
3523	13.13041095890411
3524	11.43095890410959
3525	4.331506849315068
3526	4.732054794520548
3527	4.532602739726027
3528	1.7331506849315068
3529	1.933698630136986
3530	5.534246575342466
3531	5.684794520547945
3532	5.835342465753424
3533	5.035890410958904
3534	5.336438356164384
3535	7.036986301369863
3536	4.037534246575342
3537	2.838082191780822
3538	0.3386301369863012
3539	0.9391780821917808
3540	2.53972602739726
3541	2.6402739726027393
3542	3.340821917808219
3543	2.1413698630136984
3544	2.141917808219178
3545	0.5424657534246575
3546	0.34301369863013687
3547	-1.6564383561643838
3548	-1.6558904109589043
3549	-2.255342465753425
3550	-1.9547945205479453
3551	-3.4542465753424665
3552	-3.5536986301369864
3553	-2.2531506849315073
3554	0.24739726027397246
3555	0.39908228398622525
3556	-1.5355624948066722
3557	-0.4477093109887167
3558	-2.1029209077519644
3559	0.06313256889508123
3560	-0.39364910688505184
3561	3.36422845930604
3562	6.399270873069955
3563	3.2555783602441597
3564	-0.3311789331628364
3565	-3.4465753424657537
3566	-7.946027397260274
3567	-9.245479452054795
3568	-9.044931506849315
3569	-10.144383561643835
3570	-5.043835616438356
3571	-4.3432876712328765
3572	-3.9427397260273978
3573	-3.4421917808219185
3574	-4.1416438356164385
3575	-9.241095890410959
3576	-9.74054794520548
3577	-5.64
3578	-3.8394520547945206
3579	-6.438904109589042
3580	-6.338356164383562
3581	-6.837808219178083
3582	-7.737260273972602
3583	-3.0367123287671234
3584	-0.936164383561644
3585	-4.535616438356165
3586	-5.235068493150685
3587	-8.234520547945205
3588	-9.933972602739727
3589	-13.933424657534246
3590	-16.232876712328768
3591	-6.9323287671232885
3592	-1.0317808219178084
3593	-0.5312328767123289
3594	-1.6306849315068495
3595	-2.9301369863013704
3596	-9.22958904109589
3597	-7.729041095890411
3598	-6.4284931506849325
3599	-3.227945205479452
3600	-6.227397260273972
3601	-9.426849315068493
3602	-14.726301369863013
3603	-20.625753424657535
3604	-23.325205479452055
3605	-23.324657534246576
3606	-25.224109589041095
3607	-26.223561643835616
3608	-23.12301369863014
3609	-16.922465753424657
3610	-18.921917808219177
3611	-18.3213698630137
3612	-19.72082191780822
3613	-16.620273972602742
3614	-4.51972602739726
3615	-2.1191780821917803
3616	-6.118630136986301
3617	-11.218082191780821
3618	-12.117534246575342
3619	-13.216986301369863
3620	-17.41643835616438
3621	-22.215890410958902
3622	-27.115342465753425
3623	-33.114794520547946
3624	-32.21424657534247
3625	-33.413698630136984
3626	-33.81315068493151
3627	-30.71260273972603
3628	-26.412054794520547
3629	-26.31150684931507
3630	-29.11095890410959
3631	-28.81041095890411
3632	-30.90986301369863
3633	-29.109315068493153
3634	-26.108767123287674
3635	-8.908219178082192
3636	-7.407671232876713
3637	-9.407123287671233
3638	-14.806575342465754
3639	-18.70602739726027
3640	-18.805479452054797
3641	-21.704931506849313
3642	-28.504383561643834
3643	-30.403835616438354
3644	-28.203287671232875
3645	-26.402739726027395
3646	-16.902191780821916
3647	-13.301643835616439
3648	-22.701095890410958
3649	-20.30054794520548
3650	-17.6
