          1      183.000   -5.213    0.239   -0.735   -2.237   -3.008   -3.314   -3.565   -3.774   -3.929    0.000      344.000      344.000
          1      548.000   -5.213    0.239   -0.039   -1.365   -2.058   -2.315   -2.486   -2.650   -2.771    0.000      721.000      356.000
          1      913.000   -5.213    0.239    0.180   -1.089   -1.753   -1.995   -2.142   -2.294   -2.405    0.000     1093.000      363.000
          1     1278.000   -5.213    0.239    0.304   -0.928   -1.573   -1.807   -1.943   -2.091   -2.196    0.561     1446.000      351.000
          1     1643.000   -5.213    0.239    0.385   -0.821   -1.454   -1.680   -1.804   -1.945   -2.048    0.586     1810.000      350.000
          1     2008.000   -5.213    0.239    0.424   -0.766   -1.393   -1.616   -1.733   -1.869   -1.971    0.615     2175.000      350.000
          1     2373.000   -5.213    0.239    0.456   -0.721   -1.341   -1.562   -1.674   -1.808   -1.907    0.641     2540.000      350.000
          1     2738.000   -5.213    0.239    0.488   -0.681   -1.296   -1.514   -1.620   -1.749   -1.847    0.643     2905.000      350.000
          1     3103.000   -5.213    0.239    0.501   -0.662   -1.273   -1.490   -1.596   -1.725   -1.821    0.662     3271.000      351.000
          1     3468.000   -5.213    0.239    0.536   -0.620   -1.227   -1.441   -1.542   -1.669   -1.763    0.673     3636.000      351.000
          1     3833.000   -5.213    0.239    0.552   -0.598   -1.203   -1.415   -1.513   -1.637   -1.730    0.674     4001.000      351.000
          1     4198.000   -5.213    0.239    0.556   -0.591   -1.195   -1.406   -1.502   -1.626   -1.717    0.677     4366.000      351.000
          1     4563.000   -5.213    0.239    0.563   -0.580   -1.182   -1.392   -1.488   -1.610   -1.701    0.701     4730.000      350.000
          1     4928.000   -5.213    0.239    0.575   -0.565   -1.166   -1.375   -1.470   -1.592   -1.681    0.703     5096.000      351.000
          1     5293.000   -5.213    0.239    0.593   -0.543   -1.141   -1.348   -1.440   -1.560   -1.649    0.712     5461.000      351.000
          1     5658.000   -5.213    0.239    0.601   -0.536   -1.133   -1.339   -1.429   -1.548   -1.637    0.720     5826.000      351.000
          1     6023.000   -5.213    0.239    0.606   -0.526   -1.121   -1.327   -1.416   -1.535   -1.623    0.721     6191.000      351.000
          1     6388.000   -5.213    0.239    0.610   -0.520   -1.115   -1.320   -1.409   -1.528   -1.616    0.722     6556.000      351.000
          1     6753.000   -5.213    0.239    0.619   -0.508   -1.102   -1.306   -1.394   -1.512   -1.600    0.723     6921.000      351.000
          1     7118.000   -5.213    0.239    0.622   -0.504   -1.097   -1.300   -1.386   -1.503   -1.590    0.728     7286.000      351.000
