   1.0000000000000000     
  -17.600000000000001     
  -17.599982026292967     
  -17.599964052578365     
  -17.599946078848632     
  -17.599928105096204     
  -17.599910131313514     
  -17.599892157493002     
  -17.599874183627097     
  -17.599856209708236     
  -17.599838235728857     
  -17.599820261681398     
  -17.599802287558294     
  -17.599784313351982     
  -17.599766339054899     
  -17.599748364659479     
  -17.599730390158157     
  -17.599712415543380     
  -17.599694440807582     
  -17.599676465943197     
  -17.599658490942673     
  -17.599640515798445     
  -16.401287483031055     
  -15.169324770283925     
  -13.876884418342639     
  -12.507972572476650     
  -11.058072981777959     
  -9.5320001453669825     
  -7.9405638823433993     
  -6.2974220234013556     
  -5.6296931497471316     
  -4.9568757713573586     
  -4.2798492097759384     
  -3.9400804712049498     
  -3.5995807942453206     
  -3.2584551884835031     
  -3.0876966884598156     
  -2.9851851717979319     
  -2.9510058822317018     
  -2.9397677945954013     
  -2.9285266904996345     
  -2.9172777380925559     
  -2.8834788670603317     
  -2.8269831796238636     
  -2.7133679280095908     
  -2.5990022929143906     
  -2.4839042508030951     
  -2.3680895874831056     
  -2.0154356014866299     
  -1.7772018630988820     
  -1.5361490654226033     
  -1.4148269352805514     
  -1.3109479647709723     
  -1.2415733122782837     
  -1.1721313384483092     
  -1.1026418950547285     
  -1.0331255860150388     
 -0.92935275869913148     
 -0.82585811665467035     
 -0.72320329661339233     
 -0.62200328861186127     
 -0.52314117161224460     
 -0.42788985941626573     
 -0.37373398670557212     
 -0.32083083960636016     
 -0.26830666275799203     
 -0.21621991414110517     
 -0.16467028118427904     
 -0.11386321937868032     
  -6.4338577261702015E-002
  -1.8148913132561922E-002
  -9.2776601719831445E-007
  -7.5481922482562411E-007
  -7.5481986899847220E-007
  -7.5482056552528972E-007
  -7.5482130091093918E-007
  -7.5482206446425680E-007
  -7.5482284752791777E-007
  -7.5482324365681316E-007
  -7.5482444548809057E-007
  -7.5487270031974894E-007
  -3.6366592380104672E-006
  -8.5798504322327114E-003
  -1.7962850709597834E-002
  -2.7774104169055444E-002
  -3.7860428672099031E-002
  -4.8136546358190542E-002
  -5.8549322671644297E-002
  -6.9063410026028893E-002
  -7.9654210011618432E-002
  -9.0304017771296430E-002
 -0.10099974688484620     
 -0.11173151180264657     
 -0.12249170661634473     
 -0.13327438581915446     
 -0.16028371556242121     
 -0.18735700939076130     
 -0.21446170576975859     
 -0.24157641522517465     
 -0.26868626611485502     
 -0.29578036002267438     
 -0.32285031307947265     
 -0.34988938744753489     
 -0.37689195771850642     
 -0.40385317420141387     
 -0.43076874540928262     
 -0.45763479452604339     
 -0.48444776278206425     
 -0.51120434313530472     
 -0.53790143386150002     
 -0.56453610542423804     
 -0.59110557633028793     
 -0.61760719514844087     
 -0.64403842681433032     
 -0.67039684195754212     
 -0.72287702478908611     
 -0.77504005070312576     
 -0.82686944704757048     
 -0.87834991949703223     
 -0.92946724624262766     
 -0.98020819307560692     
  -1.0305604437042184     
  -1.0805125417590355     
  -1.1300538420793900     
  -1.1791744695173250     
  -1.2278652838857584     
  -1.2761178499348302     
  -1.3239244114257591     
  -1.3712778685158888     
  -1.4181717577876838     
  -1.4646002343562561     
  -1.5105580555786393     
  -1.5560405659656844     
  -1.6010436829654697     
  -1.6455638833463793     
  -1.6895981899593229     
  -1.7331441587026439     
  -1.7761998655508202     
  -1.8187638935398305     
  -1.8608353196286966     
  -1.9024137013789213     
  -1.9434990634119744     
  -1.9840918836202392     
  -2.0558073899202851     
  -2.1582754434206484     
  -2.2852809935872713     
  -2.3736230220520511     
  -2.5083042002049427     
  -2.6287545294020456     
  -2.7366723107520019     
  -2.8338549903536530     
  -2.9220990526447936     
  -3.0031174209090428     
  -3.0784766542699806     
  -3.1495544678352134     
  -3.2175165263606536     
  -3.2833102162565990     
  -3.3476722637581044     
  -3.4111466549739196     
  -3.4741092902288049     
  -3.5367960960500309     
  -3.6617110046452068     
  -3.7860195752238366     
  -3.9091152653467058     
  -4.0302624071472994     
  -4.1488376213645868     
  -4.2644086039537186     
  -4.3767226984565220     
  -4.4856593866663301     
  -4.6783102552403326     
  -5.1004001789690641     
  -5.4401103187628772     
  -6.0334359905108599     
  -6.1826809503751150     
  -6.2498755749033075     
  -6.2763518572700923     
  -6.2831061238330577     
