3650
1	-13.69945205
2	-11.79890411
3	-10.89835616
4	-8.297808219
5	-11.99726027
6	-14.39671233
7	-15.69616438
8	-16.19561644
9	-3.095068493
10	-3.594520548
11	-13.1939726
12	-25.29342466
13	-25.59287671
14	-30.29232877
15	-28.69178082
16	-29.19123288
17	-23.79068493
18	-19.69013699
19	-20.38958904
20	-15.0890411
21	-12.86265251
22	-22.19026732
23	-23.88726145
24	-26.45061947
25	-30.2582514
26	-29.65770345
27	-26.24897564
28	-24.48452173
29	-21.6864317
30	-22.58356164
31	-10.2830137
32	-11.58246575
33	-10.18191781
34	-7.881369863
35	-17.18082192
36	-27.68027397
37	-23.97972603
38	-27.57917808
39	-29.67863014
40	-26.57808219
41	-26.27753425
42	-25.3769863
43	-34.87643836
44	-37.57589041
45	-35.27534247
46	-31.57479452
47	-27.87424658
48	-12.37369863
49	-6.473150685
50	-1.27260274
51	-3.172054795
52	-9.871506849
53	-14.2709589
54	-15.77041096
55	-12.26986301
56	-3.769315068
57	-8.268767123
58	-2.768219178
59	-3.467671233
60	-7.767123288
61	-23.36657534
62	-9.966027397
63	-3.765479452
64	-16.56493151
65	-22.36438356
66	-14.96383562
67	-7.763287671
68	-22.56273973
69	-27.56219178
70	-27.56164384
71	-30.66109589
72	-33.86054795
73	-35.06
74	-31.75945205
75	-24.25890411
76	-14.85835616
77	-9.957808219
78	-15.75726027
79	-19.05671233
80	-19.65616438
81	-21.65561644
82	-22.35506849
83	-19.15452055
84	-19.8539726
85	-12.15342466
86	-21.25287671
87	-19.85232877
88	-20.25178082
89	-19.95123288
90	-18.95068493
91	-18.85013699
92	-21.24958904
93	-17.2490411
94	-17.84849315
95	-22.34794521
96	-23.34739726
97	-19.54684932
98	-18.34630137
99	-12.34575342
100	-14.34520548
101	-13.04465753
102	-11.94410959
103	-13.54356164
104	-13.1430137
105	-14.24246575
106	-17.04191781
107	-17.24136986
108	-15.84082192
109	-14.54027397
110	-4.539726027
111	3.560821918
112	-4.438630137
113	-2.038082192
114	0.662465753
115	-0.236986301
116	-2.236438356
117	-6.835890411
118	-11.13534247
119	-11.03479452
120	-8.734246575
121	-9.03369863
122	-7.933150685
123	1.46739726
124	1.667945205
125	-6.831506849
126	-7.530958904
127	-7.130410959
128	4.070136986
129	6.370684932
130	3.971232877
131	-1.128219178
132	1.172328767
133	4.472876712
134	0.673424658
135	-0.226027397
136	8.774520548
137	8.775068493
138	11.27561644
139	13.77616438
140	8.876712329
141	9.077260274
142	11.37780822
143	7.778356164
144	5.47890411
145	6.879452055
146	6.78
147	5.680547945
148	8.88109589
149	7.181643836
150	0.482191781
151	3.482739726
152	-0.816712329
153	-0.516164384
154	0.084383562
155	-0.715068493
156	-1.414520548
157	1.486027397
158	3.686575342
159	7.987123288
160	9.787671233
161	8.888219178
162	10.88876712
163	2.189315068
164	7.089863014
165	12.49041096
166	15.9909589
167	14.29150685
168	11.39205479
169	14.89260274
170	13.99315068
171	13.99369863
172	19.49424658
173	20.39479452
174	18.19534247
175	18.29589041
176	18.49643836
177	15.6969863
178	15.39753425
179	9.998082192
180	12.09863014
181	17.49917808
182	16.79972603
183	14.10027397
184	15.50082192
185	11.30136986
186	12.80191781
187	15.20246575
188	19.3030137
189	10.70356164
190	5.704109589
191	5.604657534
192	5.405205479
193	4.605753425
194	4.90630137
195	6.906849315
196	8.30739726
197	6.907945205
198	11.90849315
199	11.6090411
200	14.30958904
201	10.21013699
202	8.710684932
203	12.21123288
204	9.411780822
205	5.812328767
206	6.312876712
207	7.513424658
208	6.413972603
209	7.014520548
210	5.615068493
211	4.615616438
212	6.516164384
213	12.91671233
214	8.517260274
215	13.04637237
216	13.8217302
217	10.81648068
218	11.11516139
219	11.42634116
220	11.68878946
221	8.590100361
222	9.690648306
223	4.140433296
224	3.679080885
225	8.968997006
226	10.87141219
227	11.1277576
228	7.624931507
229	2.425479452
230	2.426027397
231	2.126575342
232	1.727123288
233	4.327671233
234	7.728219178
235	5.628767123
236	4.029315068
237	6.929863014
238	11.33041096
239	9.630958904
240	2.531506849
241	2.932054795
242	2.73260274
243	-0.066849315
244	0.13369863
245	3.734246575
246	3.884794521
247	4.035342466
248	3.235890411
249	3.536438356
250	5.236986301
251	2.237534247
252	1.038082192
253	-1.461369863
254	-0.860821918
255	0.739726027
256	0.840273973
257	1.540821918
258	0.341369863
259	0.341917808
260	-1.257534247
261	-1.456986301
262	-3.456438356
263	-3.455890411
264	-4.055342466
265	-3.754794521
266	-5.254246575
267	-5.35369863
268	-4.053150685
269	-1.55260274
270	-1.652054795
271	-3.851506849
272	-3.150958904
273	-5.250410959
274	-3.449863014
275	-4.049315068
276	-0.148767123
277	3.251780822
278	0.552328767
279	-2.647123288
280	-5.246575342
281	-9.746027397
282	-11.04547945
283	-10.84493151
284	-11.94438356
285	-6.843835616
286	-6.143287671
287	-5.742739726
288	-5.242191781
289	-5.941643836
290	-11.04109589
291	-11.54054795
292	-7.44
293	-5.639452055
294	-8.23890411
295	-8.138356164
296	-8.637808219
297	-9.537260274
298	-4.836712329
299	-2.736164384
300	-6.335616438
301	-7.035068493
302	-10.03452055
303	-11.7339726
304	-15.73342466
305	-18.03287671
306	-8.732328767
307	-2.831780822
308	-2.331232877
309	-3.430684932
310	-4.730136986
311	-11.02958904
312	-9.529041096
313	-8.228493151
314	-5.027945205
315	-8.02739726
316	-11.22684932
317	-16.52630137
318	-22.42575342
319	-25.12520548
320	-25.12465753
321	-27.02410959
322	-28.02356164
323	-24.9230137
324	-18.72246575
325	-20.72191781
326	-20.12136986
327	-21.52082192
328	-18.42027397
329	-6.319726027
330	-3.919178082
331	-7.918630137
332	-13.01808219
333	-13.91753425
334	-15.0169863
335	-19.21643836
336	-24.01589041
337	-28.91534247
338	-34.91479452
339	-34.01424658
340	-35.21369863
341	-35.61315068
342	-32.51260274
343	-28.21205479
344	-28.11150685
345	-30.9109589
346	-30.61041096
347	-32.70986301
348	-30.90931507
349	-27.61515229
350	-10.19004255
351	-8.375790611
352	-9.992259583
353	-14.99267219
354	-18.55568553
355	-18.46146661
356	-21.36091867
357	-28.35404169
358	-30.58993247
359	-28.78842397
360	-27.3708591
361	-18.18401515
362	-15.10164384
363	-24.50109589
364	-22.10054795
365	-19.4
366	-13.49945205
367	-11.59890411
368	-10.69835616
369	-8.097808219
370	-11.79726027
371	-14.19671233
372	-15.49616438
373	-15.99561644
374	-2.895068493
375	-3.394520548
376	-12.9939726
377	-25.09342466
378	-25.39287671
379	-30.09232877
380	-28.49178082
381	-28.99123288
382	-23.59068493
383	-19.49013699
384	-20.18958904
385	-14.8890411
386	-12.88849315
387	-22.48794521
388	-24.58739726
389	-27.58684932
390	-31.68630137
391	-31.08575342
392	-27.38520548
393	-25.18465753
394	-21.98410959
395	-22.38356164
396	-10.0830137
397	-11.38246575
398	-9.981917808
399	-7.681369863
400	-16.98082192
401	-27.48027397
402	-23.77972603
403	-27.37917808
404	-29.47863014
405	-26.37808219
406	-26.07753425
407	-25.1769863
408	-34.67643836
409	-37.37589041
410	-35.07534247
411	-31.37479452
412	-27.67424658
413	-12.17369863
414	-6.273150685
415	-1.07260274
416	-2.972054795
417	-9.671506849
418	-14.0709589
419	-15.57041096
420	-12.06986301
421	-3.569315068
422	-8.068767123
423	-2.568219178
424	-3.267671233
425	-7.567123288
426	-23.16657534
427	-9.766027397
428	-3.565479452
429	-16.36493151
430	-22.16438356
431	-14.76383562
432	-7.563287671
433	-22.36273973
434	-27.36219178
435	-27.36164384
436	-30.46109589
437	-33.66054795
438	-34.86
439	-31.55945205
440	-24.05890411
441	-14.65835616
442	-9.757808219
443	-15.55726027
444	-18.85671233
445	-19.45616438
446	-21.45561644
447	-22.15506849
448	-18.95452055
449	-19.6539726
450	-11.95342466
451	-21.05287671
452	-19.65232877
453	-20.05178082
454	-19.75123288
455	-18.75068493
456	-18.65013699
457	-21.04958904
458	-17.0490411
459	-17.64849315
460	-22.14794521
461	-23.14739726
462	-19.34684932
463	-18.14630137
464	-12.14575342
465	-13.86612939
466	-12.27131435
467	-10.74037345
468	-11.84616328
469	-11.0394473
470	-11.98035689
471	-14.93835141
472	-15.5439715
473	-14.63708577
474	-13.76693079
475	-4.339726027
476	3.760821918
477	-4.238630137
478	-1.838082192
479	0.862465753
480	-0.036986301
481	-2.036438356
482	-6.635890411
483	-10.93534247
484	-10.83479452
485	-8.534246575
486	-8.83369863
487	-7.733150685
488	1.66739726
489	1.867945205
490	-6.631506849
491	-7.330958904
492	-6.930410959
493	4.270136986
494	6.570684932
495	4.171232877
496	-0.928219178
497	1.372328767
498	4.672876712
499	0.873424658
500	-0.026027397
501	8.974520548
502	8.975068493
503	11.47561644
504	13.97616438
505	9.076712329
506	9.277260274
507	11.57780822
508	7.978356164
509	5.67890411
510	7.079452055
511	6.98
512	5.880547945
513	9.08109589
514	7.381643836
515	0.682191781
516	3.682739726
517	-0.616712329
518	-0.316164384
519	0.284383562
520	-0.515068493
521	-1.214520548
522	1.686027397
523	3.886575342
524	8.187123288
525	9.987671233
526	9.088219178
527	11.08876712
528	2.389315068
529	7.289863014
530	12.69041096
531	16.1909589
532	14.49150685
533	11.59205479
534	15.09260274
535	14.19315068
536	14.19369863
537	19.69424658
538	20.59479452
539	18.39534247
540	18.49589041
541	18.69643836
542	15.8969863
543	15.59753425
544	10.19808219
545	12.29863014
546	17.69917808
547	16.99972603
548	14.30027397
549	15.70082192
550	11.50136986
551	13.00191781
552	15.40246575
553	19.5030137
554	10.90356164
555	5.904109589
556	5.804657534
557	5.605205479
558	4.805753425
559	5.10630137
560	7.106849315
561	8.50739726
562	7.107945205
563	12.10849315
564	11.8090411
565	14.50958904
566	10.41013699
567	8.910684932
568	12.41123288
569	9.611780822
570	6.012328767
571	6.512876712
572	7.713424658
573	6.613972603
574	7.214520548
575	5.815068493
576	4.815616438
577	6.716164384
578	13.11671233
579	8.717260274
580	13.01780822
581	13.61835616
582	10.36890411
583	10.36945205
584	10.37
585	10.37054795
586	7.12109589
587	8.221643836
588	2.822191781
589	2.622739726
590	8.223287671
591	10.42383562
592	10.92438356
593	7.824931507
594	2.625479452
595	2.626027397
596	2.326575342
597	1.927123288
598	4.527671233
599	7.928219178
600	5.828767123
601	4.229315068
602	7.129863014
603	11.53041096
604	9.830958904
605	2.731506849
606	3.132054795
607	2.93260274
608	0.133150685
609	0.33369863
610	3.934246575
611	4.084794521
612	4.235342466
613	3.435890411
614	3.736438356
615	5.436986301
616	2.437534247
617	1.238082192
618	-1.261369863
619	-0.660821918
620	0.939726027
621	1.040273973
622	1.740821918
623	0.541369863
624	0.541917808
625	-1.057534247
626	-1.256986301
627	-3.256438356
628	-3.255890411
629	-3.855342466
630	-3.554794521
631	-5.054246575
632	-5.15369863
633	-3.853150685
634	-1.35260274
635	-1.452054795
636	-3.651506849
637	-2.950958904
638	-5.050410959
639	-3.249863014
640	-3.849315068
641	0.051232877
642	3.451780822
643	0.752328767
644	-2.447123288
645	-5.046575342
646	-9.546027397
647	-10.84547945
648	-10.64493151
649	-11.74438356
650	-6.643835616
651	-5.943287671
652	-5.542739726
653	-5.042191781
654	-5.741643836
655	-10.84109589
656	-11.34054795
657	-7.24
658	-5.439452055
659	-8.03890411
660	-7.938356164
661	-8.437808219
662	-9.337260274
663	-4.636712329
664	-2.536164384
665	-6.135616438
666	-6.835068493
667	-9.834520548
668	-11.5339726
669	-15.53342466
670	-17.83287671
671	-8.532328767
672	-2.631780822
673	-2.131232877
674	-3.230684932
675	-4.530136986
676	-10.82958904
677	-9.329041096
678	-8.028493151
679	-4.827945205
680	-7.82739726
681	-11.02684932
682	-16.32630137
683	-22.22575342
684	-24.92520548
685	-24.92465753
686	-26.82410959
687	-27.82356164
688	-24.7230137
689	-18.52246575
690	-20.52191781
691	-19.92136986
692	-21.32082192
693	-18.22027397
694	-6.119726027
695	-3.719178082
696	-7.718630137
697	-12.81808219
698	-13.71753425
699	-14.8169863
700	-19.01643836
701	-23.81589041
702	-28.71534247
703	-34.71479452
704	-33.81424658
705	-35.01369863
706	-35.41315068
707	-32.31260274
708	-28.01205479
709	-27.91150685
710	-30.7109589
711	-30.41041096
712	-32.50986301
713	-30.70931507
714	-27.70876712
715	-10.50821918
716	-9.007671233
717	-11.00712329
718	-16.40657534
719	-20.3060274
720	-20.40547945
721	-23.30493151
722	-30.10438356
723	-32.00383562
724	-29.80328767
725	-28.00273973
726	-18.50219178
727	-14.90164384
728	-24.30109589
729	-21.90054795
730	-19.2
731	-13.29945205
732	-11.39890411
733	-10.49835616
734	-7.897808219
735	-11.59726027
736	-13.99671233
737	-15.29616438
738	-15.79561644
739	-2.695068493
740	-3.194520548
741	-12.7939726
742	-24.89342466
743	-25.19287671
744	-29.89232877
745	-28.29178082
746	-28.79123288
747	-23.39068493
748	-19.29013699
749	-19.98958904
750	-14.6890411
751	-12.68849315
752	-22.28794521
753	-24.38739726
754	-27.38684932
755	-31.48630137
756	-30.88575342
757	-27.18520548
758	-24.98465753
759	-21.78410959
760	-22.18356164
761	-9.883013699
762	-11.18246575
763	-9.781917808
764	-7.481369863
765	-16.78082192
766	-27.28027397
767	-23.57972603
768	-27.17917808
769	-29.27863014
770	-26.17808219
771	-25.87753425
772	-24.9769863
773	-34.47643836
774	-37.17589041
775	-34.87534247
776	-31.17479452
777	-27.47424658
778	-11.97369863
779	-6.073150685
780	-0.87260274
781	-2.772054795
782	-9.471506849
783	-13.8709589
784	-15.37041096
785	-11.86986301
786	-3.369315068
787	-7.868767123
788	-2.368219178
789	-3.067671233
790	-7.367123288
791	-22.96657534
792	-9.566027397
793	-3.365479452
794	-16.16493151
795	-21.96438356
796	-14.56383562
797	-7.363287671
798	-22.16273973
799	-27.16219178
800	-27.16164384
801	-30.26109589
802	-33.46054795
803	-34.66
804	-31.35945205
805	-23.85890411
806	-14.45835616
807	-9.557808219
808	-15.35726027
809	-18.65671233
810	-19.25616438
811	-21.25561644
812	-21.95506849
813	-18.75452055
814	-19.4539726
815	-11.75342466
816	-20.85287671
817	-19.45232877
818	-19.85178082
819	-19.55123288
820	-18.55068493
821	-18.45013699
822	-20.84958904
823	-16.8490411
824	-17.44849315
825	-21.94794521
826	-22.94739726
827	-19.14684932
828	-17.94630137
829	-11.94575342
830	-13.94520548
831	-12.64465753
832	-11.54410959
833	-13.14356164
834	-12.7430137
835	-13.84246575
836	-16.64191781
837	-16.84136986
838	-15.44082192
839	-14.14027397
840	-4.139726027
841	3.960821918
842	-4.038630137
843	-1.638082192
844	1.062465753
845	0.163013699
846	-1.836438356
847	-6.435890411
848	-10.73534247
849	-10.63479452
850	-8.334246575
851	-8.63369863
852	-7.533150685
853	1.86739726
854	2.067945205
855	-6.431506849
856	-7.130958904
857	-6.730410959
858	4.470136986
859	6.770684932
860	4.371232877
861	-0.728219178
862	1.572328767
863	4.872876712
864	1.073424658
865	0.173972603
866	9.174520548
867	9.175068493
868	11.67561644
869	14.17616438
870	9.276712329
871	9.477260274
872	11.77780822
873	8.178356164
874	5.87890411
875	7.279452055
876	7.18
877	6.080547945
878	9.28109589
879	7.581643836
880	0.882191781
881	3.882739726
882	-0.416712329
883	-0.116164384
884	0.484383562
885	-0.315068493
886	-1.014520548
887	1.886027397
888	4.086575342
889	8.387123288
890	10.18767123
891	9.288219178
892	11.28876712
893	2.589315068
894	7.489863014
895	12.89041096
896	16.3909589
897	14.69150685
898	11.79205479
899	15.29260274
900	14.39315068
901	14.39369863
902	19.89424658
903	20.79479452
904	18.59534247
905	18.69589041
906	18.89643836
907	16.0969863
908	15.79753425
909	10.39808219
910	12.49863014
911	17.89917808
912	17.19972603
913	14.50027397
914	15.90082192
915	11.70136986
916	13.20191781
917	15.60246575
918	19.7030137
919	11.10356164
920	6.104109589
921	6.004657534
922	5.805205479
923	5.005753425
924	5.30630137
925	7.306849315
926	8.70739726
927	7.307945205
928	12.30849315
929	12.0090411
930	14.70958904
931	10.61013699
932	9.110684932
933	12.61123288
934	9.811780822
935	6.212328767
936	6.712876712
937	7.913424658
938	6.813972603
939	7.414520548
940	6.015068493
941	5.015616438
942	6.916164384
943	13.31671233
944	8.917260274
945	13.21780822
946	13.81835616
947	10.56890411
948	10.56945205
949	10.57
950	10.57054795
951	7.32109589
952	8.421643836
953	3.022191781
954	2.822739726
955	8.423287671
956	10.62383562
957	11.12438356
958	8.024931507
959	2.825479452
960	2.826027397
961	2.526575342
962	2.127123288
963	4.727671233
964	8.128219178
965	6.028767123
966	4.429315068
967	7.329863014
968	11.73041096
969	10.0309589
970	2.931506849
971	3.332054795
972	3.13260274
973	0.333150685
974	0.53369863
975	4.134246575
976	4.284794521
977	4.435342466
978	3.635890411
979	3.936438356
980	5.636986301
981	2.637534247
982	1.438082192
983	-1.061369863
984	-0.460821918
985	1.139726027
986	1.240273973
987	1.940821918
988	0.741369863
989	0.741917808
990	-0.857534247
991	-1.056986301
992	-3.056438356
993	-3.055890411
994	-3.655342466
995	-3.354794521
996	-4.854246575
997	-4.95369863
998	-3.653150685
999	-1.15260274
1000	-1.252054795
1001	-3.451506849
1002	-2.750958904
1003	-4.850410959
1004	-3.049863014
1005	-3.649315068
1006	0.251232877
1007	3.651780822
1008	0.952328767
1009	-2.247123288
1010	-4.846575342
1011	-9.346027397
1012	-10.64547945
1013	-10.44493151
1014	-11.54438356
1015	-6.443835616
1016	-5.743287671
1017	-5.342739726
1018	-4.842191781
1019	-5.541643836
1020	-10.64109589
1021	-11.14054795
1022	-7.04
1023	-5.239452055
1024	-7.666657826
1025	-6.966401879
1026	-6.965070768
1027	-8.365305988
1028	-4.436712329
1029	-2.336164384
1030	-5.935616438
1031	-6.635068493
1032	-9.634520548
1033	-11.3339726
1034	-15.33342466
1035	-17.63287671
1036	-8.332328767
1037	-2.431780822
1038	-1.931232877
1039	-2.748781786
1040	-3.066734739
1041	-8.546590883
1042	-7.865638849
1043	-7.828493151
1044	-4.627945205
1045	-7.62739726
1046	-10.82684932
1047	-16.12630137
1048	-22.02575342
1049	-24.72520548
1050	-24.72465753
1051	-26.62410959
1052	-27.62356164
1053	-24.5230137
1054	-18.32246575
1055	-20.32191781
1056	-19.72136986
1057	-21.12082192
1058	-18.02027397
1059	-5.919726027
1060	-3.519178082
1061	-7.518630137
1062	-12.61808219
1063	-13.51753425
1064	-14.6169863
1065	-18.81643836
1066	-23.61589041
1067	-28.51534247
1068	-34.51479452
1069	-33.61424658
1070	-34.81369863
1071	-35.21315068
1072	-32.11260274
1073	-27.81205479
1074	-27.71150685
1075	-30.5109589
1076	-30.21041096
1077	-32.30986301
1078	-30.50931507
1079	-27.50876712
1080	-10.30821918
1081	-8.807671233
1082	-10.80712329
1083	-16.20657534
1084	-20.1060274
1085	-20.20547945
1086	-23.10493151
1087	-29.90438356
1088	-31.80383562
1089	-29.60328767
1090	-27.80273973
1091	-18.30219178
1092	-14.70164384
1093	-24.10109589
1094	-21.70054795
1095	-19
1096	-13.09945205
1097	-11.19890411
1098	-10.29835616
1099	-7.697808219
1100	-11.39726027
1101	-13.79671233
1102	-15.09616438
1103	-15.59561644
1104	-2.495068493
1105	-2.994520548
1106	-12.5939726
1107	-24.69342466
1108	-24.99287671
1109	-29.69232877
1110	-28.09178082
1111	-28.59123288
1112	-23.19068493
1113	-19.09013699
1114	-19.78958904
1115	-14.4890411
1116	-12.48849315
1117	-22.08794521
1118	-24.18739726
1119	-27.18684932
1120	-31.28630137
1121	-30.68575342
1122	-26.98520548
1123	-24.78465753
1124	-21.58410959
1125	-21.98356164
1126	-9.683013699
1127	-10.98246575
1128	-9.581917808
1129	-7.281369863
1130	-16.58082192
1131	-27.08027397
1132	-23.37972603
1133	-26.97917808
1134	-29.07863014
1135	-25.97808219
1136	-25.67753425
1137	-24.7769863
1138	-34.27643836
1139	-36.97589041
1140	-34.67534247
1141	-30.97479452
1142	-27.27424658
1143	-11.77369863
1144	-5.873150685
1145	-0.67260274
1146	-2.572054795
1147	-9.271506849
1148	-13.6709589
1149	-15.17041096
1150	-11.66986301
1151	-3.169315068
1152	-7.668767123
1153	-2.168219178
1154	-2.867671233
1155	-7.167123288
1156	-22.76657534
1157	-9.366027397
1158	-3.165479452
1159	-15.96493151
1160	-21.76438356
1161	-14.36383562
1162	-7.163287671
1163	-21.96273973
1164	-26.96219178
1165	-26.96164384
1166	-30.06109589
1167	-33.26054795
1168	-34.46
1169	-31.15945205
1170	-23.65890411
1171	-14.25835616
1172	-9.357808219
1173	-15.15726027
1174	-18.45671233
1175	-19.05616438
1176	-21.05561644
1177	-21.75506849
1178	-18.55452055
1179	-19.2539726
1180	-11.55342466
1181	-20.65287671
1182	-19.25232877
1183	-19.65178082
1184	-19.35123288
1185	-18.35068493
1186	-18.25013699
1187	-20.64958904
1188	-16.6490411
1189	-17.24849315
1190	-21.74794521
1191	-22.74739726
1192	-18.94684932
1193	-17.74630137
1194	-11.74575342
1195	-13.74520548
1196	-12.44465753
1197	-11.34410959
1198	-12.94356164
1199	-12.5430137
1200	-13.64246575
1201	-16.44191781
1202	-16.64136986
1203	-15.24082192
1204	-13.94027397
1205	-3.939726027
1206	4.160821918
1207	-3.838630137
1208	-1.438082192
1209	1.262465753
1210	0.363013699
1211	-1.636438356
1212	-6.235890411
1213	-10.53534247
1214	-10.43479452
1215	-8.134246575
1216	-8.43369863
1217	-7.333150685
1218	2.06739726
1219	2.267945205
1220	-6.231506849
1221	-6.930958904
1222	-6.530410959
1223	4.670136986
1224	6.970684932
1225	4.571232877
1226	-0.528219178
1227	1.772328767
1228	5.072876712
1229	1.273424658
1230	0.373972603
1231	9.374520548
1232	9.375068493
1233	11.87561644
1234	14.37616438
1235	9.476712329
1236	9.677260274
1237	11.97780822
1238	8.378356164
1239	6.07890411
1240	7.479452055
1241	7.38
1242	6.280547945
1243	9.48109589
1244	7.781643836
1245	1.082191781
1246	4.082739726
1247	-0.216712329
1248	0.083835616
1249	0.684383562
1250	-0.115068493
1251	-0.814520548
1252	2.086027397
1253	4.286575342
1254	8.587123288
1255	10.38767123
1256	9.747721842
1257	11.92991459
1258	3.480466401
1259	8.687815577
1260	14.41839861
1261	18.21960065
1262	16.73229783
1263	13.90953454
1264	17.33339372
1265	16.22179243
1266	15.92168628
1267	21.09219914
1268	21.68594585
1269	19.23648993
1270	18.89589041
1271	19.09643836
1272	16.2969863
1273	15.99753425
1274	10.59808219
1275	12.69863014
1276	18.09917808
1277	17.39972603
1278	14.70027397
1279	16.10082192
1280	11.90136986
1281	13.40191781
1282	15.80246575
1283	19.9030137
1284	11.30356164
1285	6.304109589
1286	6.204657534
1287	6.005205479
1288	5.205753425
1289	5.50630137
1290	7.506849315
1291	8.90739726
1292	7.507945205
1293	12.50849315
1294	12.2090411
1295	14.90958904
1296	10.81013699
1297	9.310684932
1298	12.81123288
1299	10.01178082
1300	6.412328767
1301	6.912876712
1302	8.113424658
1303	7.013972603
1304	7.614520548
1305	6.215068493
1306	5.215616438
1307	7.116164384
1308	13.51671233
1309	9.117260274
1310	13.41780822
1311	14.01835616
1312	10.76890411
1313	10.76945205
1314	10.77
1315	10.77054795
1316	7.52109589
1317	8.621643836
1318	3.222191781
1319	3.022739726
1320	8.623287671
1321	10.82383562
1322	11.32438356
1323	8.224931507
1324	3.025479452
1325	3.026027397
1326	2.726575342
1327	2.327123288
1328	4.927671233
1329	8.328219178
1330	6.228767123
1331	4.629315068
1332	7.529863014
1333	11.93041096
1334	10.2309589
1335	3.131506849
1336	3.532054795
1337	3.33260274
1338	0.533150685
1339	0.73369863
1340	4.334246575
1341	4.484794521
1342	4.635342466
1343	3.835890411
1344	4.136438356
1345	5.836986301
1346	2.837534247
1347	1.638082192
1348	-0.861369863
1349	-0.260821918
1350	1.339726027
1351	1.440273973
1352	2.140821918
1353	0.941369863
1354	0.941917808
1355	-0.657534247
1356	-0.856986301
1357	-2.856438356
1358	-2.855890411
1359	-3.455342466
1360	-3.154794521
1361	-4.654246575
1362	-4.75369863
1363	-3.453150685
1364	-0.95260274
1365	-1.052054795
1366	-3.251506849
1367	-2.550958904
1368	-4.650410959
1369	-2.849863014
1370	-3.449315068
1371	0.451232877
1372	3.851780822
1373	1.152328767
1374	-2.047123288
1375	-4.646575342
1376	-9.146027397
1377	-10.44547945
1378	-10.24493151
1379	-11.34438356
1380	-6.243835616
1381	-5.543287671
1382	-5.142739726
1383	-4.642191781
1384	-5.341643836
1385	-10.44109589
1386	-10.94054795
1387	-6.84
1388	-5.039452055
1389	-7.63890411
1390	-7.538356164
1391	-8.037808219
1392	-8.937260274
1393	-4.236712329
1394	-2.136164384
1395	-5.735616438
1396	-6.435068493
1397	-9.434520548
1398	-11.1339726
1399	-15.13342466
1400	-17.43287671
1401	-8.132328767
1402	-2.231780822
1403	-1.731232877
1404	-2.830684932
1405	-4.130136986
1406	-10.42958904
1407	-8.929041096
1408	-7.628493151
1409	-4.427945205
1410	-7.42739726
1411	-10.62684932
1412	-15.92630137
1413	-21.82575342
1414	-24.52520548
1415	-24.52465753
1416	-26.42410959
1417	-27.42356164
1418	-24.3230137
1419	-18.12246575
1420	-20.12191781
1421	-19.52136986
1422	-20.92082192
1423	-17.82027397
1424	-5.719726027
1425	-3.319178082
1426	-7.318630137
1427	-12.41808219
1428	-13.31753425
1429	-14.4169863
1430	-18.61643836
1431	-23.41589041
1432	-28.31534247
1433	-34.31479452
1434	-33.41424658
1435	-34.61369863
1436	-35.01315068
1437	-31.91260274
1438	-27.61205479
1439	-27.51150685
1440	-30.3109589
1441	-30.01041096
1442	-32.10986301
1443	-30.30931507
1444	-27.30876712
1445	-10.10821918
1446	-8.607671233
1447	-10.60712329
1448	-16.00657534
1449	-19.9060274
1450	-20.00547945
1451	-22.90493151
1452	-29.70438356
1453	-31.60383562
1454	-29.40328767
1455	-27.60273973
1456	-18.10219178
1457	-14.50164384
1458	-23.90109589
1459	-21.50054795
1460	-18.8
1461	-12.89945205
1462	-10.99890411
1463	-10.09835616
1464	-7.497808219
1465	-11.19726027
1466	-13.59671233
1467	-14.89616438
1468	-15.39561644
1469	-2.295068493
1470	-2.794520548
1471	-12.3939726
1472	-24.49342466
1473	-24.79287671
1474	-29.49232877
1475	-27.89178082
1476	-28.39123288
1477	-22.99068493
1478	-18.89013699
1479	-19.58958904
1480	-14.2890411
1481	-12.28849315
1482	-21.88794521
1483	-23.98739726
1484	-26.98684932
1485	-31.08630137
1486	-30.48575342
1487	-26.78520548
1488	-24.58465753
1489	-21.38410959
1490	-21.78356164
1491	-9.483013699
1492	-10.78246575
1493	-9.381917808
1494	-7.081369863
1495	-16.38082192
1496	-26.88027397
1497	-23.17972603
1498	-26.77917808
1499	-28.87863014
1500	-25.77808219
1501	-25.47753425
1502	-24.5769863
1503	-34.07643836
1504	-36.77589041
1505	-34.47534247
1506	-30.77479452
1507	-27.07424658
1508	-11.57369863
1509	-5.673150685
1510	-0.47260274
1511	-2.372054795
1512	-9.071506849
1513	-13.4709589
1514	-14.97041096
1515	-11.46986301
1516	-2.969315068
1517	-7.468767123
1518	-1.968219178
1519	-2.667671233
1520	-6.967123288
1521	-22.56657534
1522	-9.166027397
1523	-2.965479452
1524	-15.76493151
1525	-21.56438356
1526	-14.16383562
1527	-6.963287671
1528	-21.76273973
1529	-26.76219178
1530	-26.76164384
1531	-29.86109589
1532	-33.06054795
1533	-34.26
1534	-30.95945205
1535	-23.45890411
1536	-14.05835616
1537	-9.157808219
1538	-14.95726027
1539	-18.25671233
1540	-18.85616438
1541	-20.85561644
1542	-21.55506849
1543	-18.35452055
1544	-19.0539726
1545	-11.35342466
1546	-20.45287671
1547	-19.05232877
1548	-19.45178082
1549	-19.15123288
1550	-18.15068493
1551	-18.05013699
1552	-20.44958904
1553	-16.4490411
1554	-17.04849315
1555	-21.54794521
1556	-22.54739726
1557	-18.74684932
1558	-17.54630137
1559	-11.54575342
1560	-13.54520548
1561	-12.24465753
1562	-11.14410959
1563	-12.74356164
1564	-12.3430137
1565	-13.44246575
1566	-16.24191781
1567	-16.44136986
1568	-15.04082192
1569	-13.74027397
1570	-3.739726027
1571	4.360821918
1572	-3.638630137
1573	-1.238082192
1574	1.462465753
1575	0.563013699
1576	-1.436438356
1577	-6.035890411
1578	-10.33534247
1579	-10.23479452
1580	-7.934246575
1581	-8.23369863
1582	-7.133150685
1583	2.26739726
1584	2.467945205
1585	-6.031506849
1586	-6.730958904
1587	-6.330410959
1588	4.870136986
1589	7.170684932
1590	4.771232877
1591	-0.328219178
1592	1.972328767
1593	5.272876712
1594	1.473424658
1595	0.573972603
1596	9.574520548
1597	9.575068493
1598	12.07561644
1599	14.57616438
1600	9.676712329
1601	9.877260274
1602	12.17780822
1603	8.578356164
1604	6.27890411
1605	7.679452055
1606	7.58
1607	6.480547945
1608	9.68109589
1609	7.981643836
1610	1.282191781
1611	4.282739726
1612	-0.016712329
1613	0.283835616
1614	0.884383562
1615	0.084931507
1616	-0.614520548
1617	2.286027397
1618	4.486575342
1619	8.787123288
1620	10.58767123
1621	9.688219178
1622	11.68876712
1623	2.989315068
1624	7.889863014
1625	13.29041096
1626	16.7909589
1627	15.09150685
1628	12.19205479
1629	15.69260274
1630	14.79315068
1631	14.79369863
1632	20.29424658
1633	21.19479452
1634	18.99534247
1635	19.09589041
1636	19.29643836
1637	16.4969863
1638	16.19753425
1639	10.79808219
1640	12.89863014
1641	18.29917808
1642	17.59972603
1643	14.90027397
1644	16.30082192
1645	12.10136986
1646	13.60191781
1647	16.00246575
1648	20.1030137
1649	11.50356164
1650	6.504109589
1651	6.404657534
1652	6.205205479
1653	5.405753425
1654	5.70630137
1655	7.706849315
1656	9.10739726
1657	7.707945205
1658	12.70849315
1659	12.4090411
1660	15.10958904
1661	11.01013699
1662	9.510684932
1663	13.01123288
1664	10.21178082
1665	6.612328767
1666	7.112876712
1667	8.313424658
1668	7.213972603
1669	7.814520548
1670	6.415068493
1671	5.415616438
1672	7.316164384
1673	13.71671233
1674	9.317260274
1675	13.61780822
1676	14.21835616
1677	10.96890411
1678	10.96945205
1679	10.97
1680	10.97054795
1681	7.72109589
1682	8.821643836
1683	3.422191781
1684	3.222739726
1685	8.823287671
1686	11.02383562
1687	11.52438356
1688	8.424931507
1689	3.225479452
1690	3.226027397
1691	2.926575342
1692	2.527123288
1693	5.127671233
1694	8.528219178
1695	6.428767123
1696	5.023770719
1697	8.106529877
1698	12.7696553
1699	11.38145208
1700	4.569743745
1701	5.145344222
1702	4.945892167
1703	1.971387581
1704	1.884191802
1705	5.173490918
1706	5.061461383
1707	4.835342466
1708	4.035890411
1709	4.336438356
1710	6.036986301
1711	3.037534247
1712	1.838082192
1713	-0.661369863
1714	-0.060821918
1715	1.539726027
1716	1.640273973
1717	2.340821918
1718	1.141369863
1719	1.141917808
1720	-0.457534247
1721	-0.656986301
1722	-2.656438356
1723	-2.655890411
1724	-3.255342466
1725	-2.954794521
1726	-4.454246575
1727	-4.55369863
1728	-3.253150685
1729	-0.75260274
1730	-0.852054795
1731	-3.051506849
1732	-2.350958904
1733	-4.450410959
1734	-2.649863014
1735	-3.249315068
1736	0.651232877
1737	4.051780822
1738	1.352328767
1739	-1.847123288
1740	-4.446575342
1741	-8.946027397
1742	-10.24547945
1743	-10.04493151
1744	-11.14438356
1745	-6.043835616
1746	-5.343287671
1747	-4.942739726
1748	-4.442191781
1749	-5.141643836
1750	-10.24109589
1751	-10.74054795
1752	-6.64
1753	-4.839452055
1754	-7.43890411
1755	-7.338356164
1756	-7.837808219
1757	-8.737260274
1758	-4.036712329
1759	-1.936164384
1760	-5.535616438
1761	-6.235068493
1762	-9.234520548
1763	-10.9339726
1764	-14.93342466
1765	-17.23287671
1766	-7.932328767
1767	-2.031780822
1768	-1.531232877
1769	-2.630684932
1770	-3.930136986
1771	-10.22958904
1772	-8.729041096
1773	-7.428493151
1774	-4.227945205
1775	-7.22739726
1776	-10.42684932
1777	-15.72630137
1778	-21.62575342
1779	-24.32520548
1780	-24.32465753
1781	-26.22410959
1782	-27.22356164
1783	-24.1230137
1784	-17.92246575
1785	-19.92191781
1786	-19.32136986
1787	-20.72082192
1788	-17.62027397
1789	-5.519726027
1790	-3.119178082
1791	-7.118630137
1792	-12.21808219
1793	-13.11753425
1794	-14.2169863
1795	-18.41643836
1796	-23.21589041
1797	-28.11534247
1798	-34.11479452
1799	-33.21424658
1800	-34.41369863
1801	-34.81315068
1802	-31.71260274
1803	-27.41205479
1804	-27.31150685
1805	-30.1109589
1806	-29.81041096
1807	-31.90986301
1808	-30.10931507
1809	-27.10876712
1810	-9.908219178
1811	-8.407671233
1812	-10.40712329
1813	-15.80657534
1814	-19.7060274
1815	-19.80547945
1816	-22.70493151
1817	-29.50438356
1818	-31.40383562
1819	-29.20328767
1820	-27.40273973
1821	-17.90219178
1822	-14.30164384
1823	-23.70109589
1824	-21.30054795
1825	-18.6
1826	-12.69945205
1827	-10.79890411
1828	-9.898356164
1829	-7.297808219
1830	-10.99726027
1831	-13.39671233
1832	-14.69616438
1833	-15.19561644
1834	-2.095068493
1835	-2.594520548
1836	-12.1939726
1837	-24.29342466
1838	-24.59287671
1839	-29.29232877
1840	-27.69178082
1841	-28.19123288
1842	-22.79068493
1843	-18.69013699
1844	-19.38958904
1845	-14.0890411
1846	-12.08849315
1847	-21.68794521
1848	-23.78739726
1849	-26.78684932
1850	-30.88630137
1851	-30.28575342
1852	-26.58520548
1853	-24.38465753
1854	-21.18410959
1855	-21.58356164
1856	-9.283013699
1857	-10.58246575
1858	-9.181917808
1859	-6.881369863
1860	-16.18082192
1861	-26.68027397
1862	-22.97972603
1863	-26.57917808
1864	-28.67863014
1865	-25.57808219
1866	-25.27753425
1867	-24.3769863
1868	-33.87643836
1869	-36.57589041
1870	-34.27534247
1871	-30.57479452
1872	-26.87424658
1873	-11.37369863
1874	-5.473150685
1875	-0.27260274
1876	-2.172054795
1877	-8.871506849
1878	-13.2709589
1879	-14.77041096
1880	-11.26986301
1881	-2.769315068
1882	-7.268767123
1883	-1.768219178
1884	-2.467671233
1885	-6.767123288
1886	-22.36657534
1887	-8.966027397
1888	-2.765479452
1889	-15.56493151
1890	-21.36438356
1891	-13.96383562
1892	-6.763287671
1893	-21.56273973
1894	-26.56219178
1895	-26.56164384
1896	-29.66109589
1897	-32.86054795
1898	-34.06
1899	-30.75945205
1900	-23.25890411
1901	-13.85835616
1902	-8.957808219
1903	-14.75726027
1904	-18.05671233
1905	-18.65616438
1906	-20.65561644
1907	-21.35506849
1908	-18.15452055
1909	-18.8539726
1910	-11.15342466
1911	-20.25287671
1912	-18.85232877
1913	-19.25178082
1914	-18.95123288
1915	-17.95068493
1916	-17.85013699
1917	-20.24958904
1918	-16.2490411
1919	-16.84849315
1920	-21.34794521
1921	-22.34739726
1922	-18.54684932
1923	-17.34630137
1924	-11.34575342
1925	-13.34520548
1926	-12.04465753
1927	-10.94410959
1928	-12.54356164
1929	-12.1430137
1930	-13.24246575
1931	-16.04191781
1932	-16.24136986
1933	-14.84082192
1934	-13.54027397
1935	-3.539726027
1936	4.560821918
1937	-3.438630137
1938	-1.038082192
1939	1.662465753
1940	0.763013699
1941	-1.236438356
1942	-5.835890411
1943	-10.13534247
1944	-10.03479452
1945	-7.734246575
1946	-8.03369863
1947	-6.933150685
1948	2.46739726
1949	2.667945205
1950	-5.831506849
1951	-6.530958904
1952	-6.130410959
1953	5.070136986
1954	7.370684932
1955	4.971232877
1956	-0.128219178
1957	2.172328767
1958	5.472876712
1959	1.673424658
1960	0.773972603
1961	9.774520548
1962	9.775068493
1963	12.27561644
1964	14.77616438
1965	9.876712329
1966	10.07726027
1967	12.37780822
1968	8.778356164
1969	6.47890411
1970	7.879452055
1971	7.78
1972	6.680547945
1973	9.88109589
1974	8.181643836
1975	1.482191781
1976	4.482739726
1977	0.183287671
1978	0.483835616
1979	1.084383562
1980	0.284931507
1981	-0.414520548
1982	2.486027397
1983	4.686575342
1984	8.987123288
1985	10.78767123
1986	9.888219178
1987	11.88876712
1988	3.189315068
1989	8.089863014
1990	13.49041096
1991	16.9909589
1992	15.29150685
1993	12.39205479
1994	15.89260274
1995	15.32616119
1996	15.55980742
1997	21.3811764
1998	22.67543141
1999	20.89950159
2000	21.3858682
2001	21.85865969
2002	19.15761958
2003	18.75975558
2004	13.08805999
2005	14.80278926
2006	19.77981497
2007	18.68665585
2008	15.66638276
2009	16.50082192
2010	12.30136986
2011	13.80191781
2012	16.20246575
2013	20.3030137
2014	11.70356164
2015	6.704109589
2016	6.604657534
2017	6.405205479
2018	5.605753425
2019	5.90630137
2020	7.906849315
2021	9.30739726
2022	7.907945205
2023	12.90849315
2024	12.6090411
2025	15.30958904
2026	11.21013699
2027	9.710684932
2028	13.21123288
2029	10.41178082
2030	6.812328767
2031	7.312876712
2032	8.513424658
2033	7.413972603
2034	8.014520548
2035	6.615068493
2036	5.615616438
2037	7.516164384
2038	13.91671233
2039	9.517260274
2040	13.81780822
2041	14.41835616
2042	11.16890411
2043	11.16945205
2044	11.17
2045	11.17054795
2046	7.92109589
2047	9.021643836
2048	3.622191781
2049	3.422739726
2050	9.023287671
2051	11.22383562
2052	11.72438356
2053	8.624931507
2054	3.425479452
2055	3.426027397
2056	3.126575342
2057	2.727123288
2058	5.327671233
2059	8.728219178
2060	6.628767123
2061	5.029315068
2062	7.929863014
2063	12.33041096
2064	10.6309589
2065	3.531506849
2066	3.932054795
2067	3.73260274
2068	0.933150685
2069	1.278463483
2070	5.014660762
2071	5.360687676
2072	5.742948565
2073	5.157710793
2074	5.588578705
2075	7.289126651
2076	4.159354629
2077	2.745688291
2078	0.014523293
2079	0.419592268
2080	1.739726027
2081	1.840273973
2082	2.540821918
2083	1.341369863
2084	1.341917808
2085	-0.257534247
2086	-0.456986301
2087	-2.456438356
2088	-2.455890411
2089	-3.055342466
2090	-2.754794521
2091	-4.254246575
2092	-4.35369863
2093	-3.053150685
2094	-0.55260274
2095	-0.652054795
2096	-2.638530663
2097	-1.384960293
2098	-2.797709239
2099	-0.997161293
2100	-2.283316457
2101	0.851232877
2102	4.251780822
2103	1.552328767
2104	-1.647123288
2105	-4.246575342
2106	-8.746027397
2107	-10.04547945
2108	-9.844931507
2109	-10.94438356
2110	-5.843835616
2111	-5.143287671
2112	-4.742739726
2113	-4.242191781
2114	-4.941643836
2115	-10.04109589
2116	-10.54054795
2117	-6.44
2118	-4.639452055
2119	-7.23890411
2120	-7.138356164
2121	-7.637808219
2122	-8.537260274
2123	-3.836712329
2124	-1.736164384
2125	-5.335616438
2126	-6.035068493
2127	-9.034520548
2128	-10.7339726
2129	-14.73342466
2130	-17.03287671
2131	-7.732328767
2132	-1.831780822
2133	-1.331232877
2134	-2.430684932
2135	-3.730136986
2136	-10.02958904
2137	-8.529041096
2138	-7.228493151
2139	-4.027945205
2140	-7.02739726
2141	-10.22684932
2142	-15.52630137
2143	-21.42575342
2144	-24.12520548
2145	-24.12465753
2146	-26.02410959
2147	-27.02356164
2148	-23.9230137
2149	-17.72246575
2150	-19.72191781
2151	-19.12136986
2152	-20.52082192
2153	-17.42027397
2154	-5.319726027
2155	-2.919178082
2156	-6.918630137
2157	-12.01808219
2158	-12.91753425
2159	-14.0169863
2160	-18.21643836
2161	-23.01589041
2162	-27.91534247
2163	-33.91479452
2164	-33.01424658
2165	-34.21369863
2166	-34.61315068
2167	-31.51260274
2168	-27.21205479
2169	-27.11150685
2170	-29.9109589
2171	-29.61041096
2172	-31.70986301
2173	-29.90931507
2174	-26.90876712
2175	-9.708219178
2176	-8.207671233
2177	-10.20712329
2178	-15.60657534
2179	-19.5060274
2180	-19.60547945
2181	-22.50493151
2182	-29.30438356
2183	-31.20383562
2184	-29.00328767
2185	-27.20273973
2186	-17.70219178
2187	-14.10164384
2188	-23.50109589
2189	-21.10054795
2190	-18.4
2191	-12.49945205
2192	-10.59890411
2193	-9.698356164
2194	-7.097808219
2195	-10.79726027
2196	-13.19671233
2197	-14.49616438
2198	-14.99561644
2199	-1.895068493
2200	-2.394520548
2201	-11.9939726
2202	-24.09342466
2203	-24.39287671
2204	-28.87875281
2205	-26.53459977
2206	-26.41310812
2207	-21.63350388
2208	-18.49013699
2209	-19.18958904
2210	-13.8890411
2211	-11.88849315
2212	-21.48794521
2213	-23.58739726
2214	-26.58684932
2215	-30.68630137
2216	-30.08575342
2217	-26.38520548
2218	-24.18465753
2219	-20.98410959
2220	-21.38356164
2221	-9.083013699
2222	-10.38246575
2223	-8.981917808
2224	-6.681369863
2225	-15.98082192
2226	-26.48027397
2227	-22.77972603
2228	-26.37917808
2229	-28.47863014
2230	-25.37808219
2231	-25.07753425
2232	-24.1769863
2233	-33.67643836
2234	-36.37589041
2235	-34.07534247
2236	-30.37479452
2237	-26.67424658
2238	-11.17369863
2239	-5.273150685
2240	-0.07260274
2241	-1.972054795
2242	-8.671506849
2243	-13.0709589
2244	-14.57041096
2245	-11.06986301
2246	-2.569315068
2247	-7.068767123
2248	-1.568219178
2249	-2.267671233
2250	-6.567123288
2251	-22.16657534
2252	-8.766027397
2253	-2.565479452
2254	-15.36493151
2255	-21.16438356
2256	-13.76383562
2257	-6.563287671
2258	-21.36273973
2259	-26.36219178
2260	-26.36164384
2261	-29.46109589
2262	-32.66054795
2263	-33.86
2264	-30.55945205
2265	-23.05890411
2266	-13.65835616
2267	-8.757808219
2268	-14.55726027
2269	-17.85671233
2270	-18.45616438
2271	-20.45561644
2272	-21.15506849
2273	-17.95452055
2274	-18.6539726
2275	-10.95342466
2276	-20.05287671
2277	-18.65232877
2278	-19.05178082
2279	-18.75123288
2280	-17.75068493
2281	-17.65013699
2282	-20.04958904
2283	-16.0490411
2284	-16.64849315
2285	-21.14794521
2286	-22.14739726
2287	-18.34684932
2288	-17.14630137
2289	-11.14575342
2290	-13.14520548
2291	-11.84465753
2292	-10.74410959
2293	-12.34356164
2294	-11.9430137
2295	-13.04246575
2296	-15.84191781
2297	-16.04136986
2298	-14.64082192
2299	-13.34027397
2300	-3.339726027
2301	4.760821918
2302	-3.238630137
2303	-0.838082192
2304	1.862465753
2305	0.963013699
2306	-1.036438356
2307	-5.635890411
2308	-9.935342466
2309	-9.834794521
2310	-7.534246575
2311	-7.83369863
2312	-6.733150685
2313	2.66739726
2314	2.867945205
2315	-5.631506849
2316	-6.330958904
2317	-5.930410959
2318	5.270136986
2319	7.570684932
2320	5.171232877
2321	0.071780822
2322	2.372328767
2323	5.672876712
2324	1.873424658
2325	1.200760552
2326	10.57854053
2327	11.13564076
2328	14.08434448
2329	16.58489242
2330	11.2372846
2331	10.88128025
2332	12.57780822
2333	8.978356164
2334	6.67890411
2335	8.079452055
2336	7.98
2337	6.880547945
2338	10.08109589
2339	8.381643836
2340	1.682191781
2341	4.682739726
2342	0.383287671
2343	0.683835616
2344	1.284383562
2345	0.484931507
2346	-0.214520548
2347	2.686027397
2348	4.886575342
2349	9.187123288
2350	10.98767123
2351	10.08821918
2352	12.08876712
2353	3.389315068
2354	8.289863014
2355	13.69041096
2356	17.1909589
2357	15.49150685
2358	12.59205479
2359	16.09260274
2360	15.19315068
2361	15.19369863
2362	20.69424658
2363	21.59479452
2364	19.39534247
2365	19.49589041
2366	19.69643836
2367	16.8969863
2368	16.59753425
2369	11.19808219
2370	13.29863014
2371	18.69917808
2372	17.99972603
2373	15.30027397
2374	16.70082192
2375	12.50136986
2376	14.00191781
2377	16.40246575
2378	20.5030137
2379	11.90356164
2380	6.904109589
2381	6.804657534
2382	6.605205479
2383	5.805753425
2384	6.10630137
2385	8.106849315
2386	9.50739726
2387	8.107945205
2388	13.10849315
2389	12.8090411
2390	15.50958904
2391	11.41013699
2392	9.910684932
2393	13.41123288
2394	10.61178082
2395	7.012328767
2396	7.512876712
2397	8.713424658
2398	7.613972603
2399	8.214520548
2400	6.815068493
2401	5.815616438
2402	7.716164384
2403	14.11671233
2404	9.717260274
2405	14.01780822
2406	14.61835616
2407	11.36890411
2408	11.36945205
2409	11.37
2410	11.37054795
2411	8.12109589
2412	9.221643836
2413	3.822191781
2414	3.622739726
2415	9.223287671
2416	11.42383562
2417	11.92438356
2418	8.824931507
2419	3.625479452
2420	3.626027397
2421	3.326575342
2422	2.927123288
2423	5.527671233
2424	8.928219178
2425	6.828767123
2426	5.229315068
2427	8.129863014
2428	12.53041096
2429	10.8309589
2430	3.731506849
2431	4.132054795
2432	3.93260274
2433	1.133150685
2434	1.33369863
2435	4.934246575
2436	5.084794521
2437	5.235342466
2438	4.435890411
2439	4.736438356
2440	6.436986301
2441	3.437534247
2442	2.238082192
2443	-0.261369863
2444	0.339178082
2445	1.939726027
2446	2.040273973
2447	2.740821918
2448	1.541369863
2449	1.541917808
2450	-0.057534247
2451	-0.256986301
2452	-2.256438356
2453	-2.255890411
2454	-2.855342466
2455	-2.554794521
2456	-4.054246575
2457	-4.15369863
2458	-2.853150685
2459	-0.35260274
2460	-0.452054795
2461	-2.651506849
2462	-1.950958904
2463	-4.050410959
2464	-1.923258018
2465	-1.857176695
2466	2.98365456
2467	6.865083455
2468	3.68475045
2469	-0.454984914
2470	-4.046575342
2471	-8.546027397
2472	-9.845479452
2473	-9.644931507
2474	-10.74438356
2475	-5.643835616
2476	-4.943287671
2477	-4.542739726
2478	-4.042191781
2479	-4.741643836
2480	-9.84109589
2481	-10.34054795
2482	-6.24
2483	-4.439452055
2484	-7.03890411
2485	-6.938356164
2486	-7.437808219
2487	-8.337260274
2488	-3.636712329
2489	-1.536164384
2490	-5.135616438
2491	-5.835068493
2492	-8.834520548
2493	-10.5339726
2494	-14.53342466
2495	-16.83287671
2496	-7.532328767
2497	-1.631780822
2498	-1.131232877
2499	-2.230684932
2500	-3.530136986
2501	-9.829589041
2502	-8.329041096
2503	-7.028493151
2504	-3.827945205
2505	-6.82739726
2506	-10.02684932
2507	-15.32630137
2508	-21.22575342
2509	-23.92520548
2510	-23.92465753
2511	-25.82410959
2512	-26.82356164
2513	-23.7230137
2514	-17.52246575
2515	-19.52191781
2516	-18.92136986
2517	-20.32082192
2518	-17.22027397
2519	-5.119726027
2520	-2.719178082
2521	-6.718630137
2522	-11.81808219
2523	-12.71753425
2524	-13.8169863
2525	-18.01643836
2526	-22.81589041
2527	-27.71534247
2528	-33.71479452
2529	-32.81424658
2530	-34.01369863
2531	-34.41315068
2532	-31.31260274
2533	-27.01205479
2534	-26.91150685
2535	-29.7109589
2536	-29.41041096
2537	-31.50986301
2538	-29.70931507
2539	-26.70876712
2540	-9.508219178
2541	-8.007671233
2542	-10.00712329
2543	-15.40657534
2544	-19.3060274
2545	-19.40547945
2546	-22.30493151
2547	-29.10438356
2548	-31.00383562
2549	-28.80328767
2550	-27.00273973
2551	-17.50219178
2552	-13.90164384
2553	-23.30109589
2554	-20.90054795
2555	-18.2
2556	-12.29945205
2557	-10.39890411
2558	-9.498356164
2559	-6.897808219
2560	-10.59726027
2561	-12.99671233
2562	-14.29616438
2563	-14.79561644
2564	-1.695068493
2565	-2.194520548
2566	-11.7939726
2567	-23.89342466
2568	-24.19287671
2569	-28.89232877
2570	-27.29178082
2571	-27.79123288
2572	-22.39068493
2573	-18.29013699
2574	-18.98958904
2575	-13.6890411
2576	-11.68849315
2577	-21.28794521
2578	-23.38739726
2579	-26.38684932
2580	-30.48630137
2581	-29.88575342
2582	-26.18520548
2583	-23.98465753
2584	-20.78410959
2585	-21.18356164
2586	-8.883013699
2587	-10.18246575
2588	-8.781917808
2589	-6.481369863
2590	-15.78082192
2591	-26.28027397
2592	-22.57972603
2593	-26.17917808
2594	-28.27863014
2595	-25.17808219
2596	-24.87753425
2597	-23.9769863
2598	-33.47643836
2599	-36.17589041
2600	-33.87534247
2601	-30.17479452
2602	-26.47424658
2603	-10.97369863
2604	-5.073150685
2605	0.12739726
2606	-1.772054795
2607	-8.471506849
2608	-12.59672232
2609	-13.14136784
2610	-8.843513474
2611	-1.140271945
2612	-6.868767123
2613	-1.368219178
2614	-2.067671233
2615	-6.367123288
2616	-21.96657534
2617	-8.566027397
2618	-2.365479452
2619	-15.16493151
2620	-20.96438356
2621	-13.56383562
2622	-6.363287671
2623	-21.16273973
2624	-26.16219178
2625	-26.16164384
2626	-29.26109589
2627	-32.46054795
2628	-33.66
2629	-30.35945205
2630	-22.85890411
2631	-13.45835616
2632	-8.557808219
2633	-14.35726027
2634	-17.65671233
2635	-18.25616438
2636	-20.25561644
2637	-20.95506849
2638	-17.75452055
2639	-18.4539726
2640	-10.75342466
2641	-19.85287671
2642	-18.45232877
2643	-18.85178082
2644	-18.55123288
2645	-17.55068493
2646	-17.45013699
2647	-19.84958904
2648	-15.8490411
2649	-16.44849315
2650	-20.94794521
2651	-21.94739726
2652	-18.14684932
2653	-16.94630137
2654	-10.94575342
2655	-12.94520548
2656	-11.64465753
2657	-10.54410959
2658	-12.14356164
2659	-11.7430137
2660	-12.84246575
2661	-15.64191781
2662	-15.84136986
2663	-14.44082192
2664	-13.14027397
2665	-3.139726027
2666	4.960821918
2667	-3.038630137
2668	-0.638082192
2669	2.062465753
2670	1.163013699
2671	-0.836438356
2672	-5.435890411
2673	-9.735342466
2674	-9.634794521
2675	-7.334246575
2676	-7.63369863
2677	-6.533150685
2678	2.86739726
2679	3.067945205
2680	-5.431506849
2681	-6.130958904
2682	-5.730410959
2683	5.470136986
2684	7.770684932
2685	5.371232877
2686	0.271780822
2687	2.572328767
2688	5.872876712
2689	2.073424658
2690	1.173972603
2691	10.17452055
2692	10.17506849
2693	12.67561644
2694	15.17616438
2695	10.27671233
2696	10.47726027
2697	12.77780822
2698	9.178356164
2699	6.87890411
2700	8.279452055
2701	8.18
2702	7.080547945
2703	10.28109589
2704	8.581643836
2705	1.882191781
2706	4.882739726
2707	0.583287671
2708	0.883835616
2709	1.484383562
2710	0.684931507
2711	-0.014520548
2712	2.886027397
2713	5.086575342
2714	9.387123288
2715	11.18767123
2716	10.28821918
2717	12.28876712
2718	3.589315068
2719	8.489863014
2720	13.89041096
2721	17.3909589
2722	15.69150685
2723	12.79205479
2724	16.29260274
2725	15.39315068
2726	15.39369863
2727	20.89424658
2728	21.79479452
2729	19.59534247
2730	19.69589041
2731	19.89643836
2732	17.0969863
2733	16.79753425
2734	11.39808219
2735	13.49863014
2736	18.89917808
2737	18.19972603
2738	15.50027397
2739	16.90082192
2740	12.70136986
2741	14.20191781
2742	16.60246575
2743	20.7030137
2744	12.10356164
2745	7.104109589
2746	7.004657534
2747	6.805205479
2748	6.005753425
2749	6.30630137
2750	8.306849315
2751	9.70739726
2752	8.307945205
2753	13.30849315
2754	13.0090411
2755	15.70958904
2756	11.61013699
2757	10.11068493
2758	13.61123288
2759	10.81178082
2760	7.212328767
2761	7.712876712
2762	8.913424658
2763	7.813972603
2764	8.414520548
2765	7.015068493
2766	6.015616438
2767	7.916164384
2768	14.31671233
2769	9.917260274
2770	14.21780822
2771	14.81835616
2772	11.56890411
2773	11.56945205
2774	11.57
2775	11.57054795
2776	8.32109589
2777	9.421643836
2778	4.022191781
2779	3.822739726
2780	9.423287671
2781	11.62383562
2782	12.12438356
2783	9.024931507
2784	3.825479452
2785	3.826027397
2786	3.526575342
2787	3.127123288
2788	5.727671233
2789	9.128219178
2790	7.028767123
2791	5.429315068
2792	8.329863014
2793	12.73041096
2794	11.0309589
2795	3.931506849
2796	4.332054795
2797	4.13260274
2798	1.333150685
2799	1.53369863
2800	5.134246575
2801	5.284794521
2802	5.435342466
2803	4.635890411
2804	4.936438356
2805	6.636986301
2806	3.637534247
2807	2.438082192
2808	-0.061369863
2809	0.539178082
2810	2.139726027
2811	2.240273973
2812	2.940821918
2813	1.741369863
2814	1.741917808
2815	0.142465753
2816	-0.056986301
2817	-2.056438356
2818	-2.055890411
2819	-2.335412481
2820	-1.204121629
2821	-1.672017438
2822	-1.771469493
2823	-1.502477793
2824	-0.15260274
2825	-0.252054795
2826	-2.451506849
2827	-1.750958904
2828	-3.850410959
2829	-2.049863014
2830	-2.649315068
2831	1.251232877
2832	4.651780822
2833	1.952328767
2834	-1.247123288
2835	-3.846575342
2836	-8.346027397
2837	-9.645479452
2838	-9.444931507
2839	-10.54438356
2840	-5.443835616
2841	-4.743287671
2842	-4.342739726
2843	-3.842191781
2844	-4.541643836
2845	-9.64109589
2846	-10.14054795
2847	-6.04
2848	-4.239452055
2849	-6.83890411
2850	-6.738356164
2851	-7.237808219
2852	-8.137260274
2853	-3.436712329
2854	-1.336164384
2855	-4.935616438
2856	-5.635068493
2857	-8.634520548
2858	-10.3339726
2859	-14.33342466
2860	-16.63287671
2861	-7.332328767
2862	-1.431780822
2863	-0.931232877
2864	-2.030684932
2865	-3.330136986
2866	-9.629589041
2867	-8.129041096
2868	-6.828493151
2869	-3.627945205
2870	-6.62739726
2871	-9.826849315
2872	-15.12630137
2873	-21.02575342
2874	-23.72520548
2875	-23.72465753
2876	-25.62410959
2877	-26.62356164
2878	-23.5230137
2879	-17.32246575
2880	-19.32191781
2881	-18.72136986
2882	-20.12082192
2883	-17.02027397
2884	-4.919726027
2885	-2.519178082
2886	-6.518630137
2887	-11.61808219
2888	-12.51753425
2889	-13.6169863
2890	-17.81643836
2891	-22.61589041
2892	-27.51534247
2893	-33.51479452
2894	-32.61424658
2895	-33.81369863
2896	-34.21315068
2897	-31.11260274
2898	-26.81205479
2899	-26.71150685
2900	-29.5109589
2901	-29.21041096
2902	-31.30986301
2903	-29.50931507
2904	-26.50876712
2905	-9.308219178
2906	-7.807671233
2907	-9.807123288
2908	-15.20657534
2909	-19.1060274
2910	-19.20547945
2911	-22.10493151
2912	-28.90438356
2913	-30.80383562
2914	-28.60328767
2915	-26.80273973
2916	-17.30219178
2917	-13.70164384
2918	-23.10109589
2919	-20.70054795
2920	-18
2921	-12.09945205
2922	-10.02135606
2923	-8.872440536
2924	-5.902093069
2925	-9.239501561
2926	-11.48479983
2927	-12.93840567
2928	-13.79990129
2929	-1.069152865
2930	-1.994520548
2931	-11.5939726
2932	-23.69342466
2933	-23.99287671
2934	-28.69232877
2935	-27.09178082
2936	-27.59123288
2937	-22.19068493
2938	-18.09013699
2939	-18.78958904
2940	-13.4890411
2941	-11.48849315
2942	-21.08794521
2943	-23.18739726
2944	-26.18684932
2945	-30.28630137
2946	-29.68575342
2947	-25.98520548
2948	-23.78465753
2949	-20.58410959
2950	-20.98356164
2951	-8.683013699
2952	-9.982465753
2953	-8.581917808
2954	-6.281369863
2955	-15.58082192
2956	-26.08027397
2957	-22.37972603
2958	-25.97917808
2959	-28.07863014
2960	-24.97808219
2961	-24.67753425
2962	-23.7769863
2963	-33.27643836
2964	-35.97589041
2965	-33.67534247
2966	-29.97479452
2967	-26.27424658
2968	-10.77369863
2969	-4.873150685
2970	0.32739726
2971	-1.572054795
2972	-8.271506849
2973	-12.6709589
2974	-14.17041096
2975	-10.66986301
2976	-2.169315068
2977	-6.668767123
2978	-1.168219178
2979	-1.867671233
2980	-6.167123288
2981	-21.76657534
2982	-8.366027397
2983	-2.165479452
2984	-14.96493151
2985	-20.76438356
2986	-13.36383562
2987	-6.163287671
2988	-20.96273973
2989	-25.96219178
2990	-25.96164384
2991	-29.06109589
2992	-32.26054795
2993	-33.46
2994	-30.15945205
2995	-22.65890411
2996	-13.25835616
2997	-8.357808219
2998	-14.15726027
2999	-17.45671233
3000	-18.05616438
3001	-20.05561644
3002	-20.75506849
3003	-17.55452055
3004	-18.2539726
3005	-10.55342466
3006	-19.65287671
3007	-18.25232877
3008	-18.65178082
3009	-18.35123288
3010	-17.35068493
3011	-17.25013699
3012	-19.64958904
3013	-15.6490411
3014	-16.24849315
3015	-20.74794521
3016	-21.74739726
3017	-17.94684932
3018	-16.74630137
3019	-10.74575342
3020	-12.74520548
3021	-11.44465753
3022	-10.34410959
3023	-11.94356164
3024	-11.5430137
3025	-12.64246575
3026	-15.44191781
3027	-15.64136986
3028	-14.24082192
3029	-12.94027397
3030	-2.939726027
3031	5.160821918
3032	-2.838630137
3033	-0.438082192
3034	2.262465753
3035	1.363013699
3036	-0.636438356
3037	-5.235890411
3038	-9.535342466
3039	-9.434794521
3040	-7.134246575
3041	-7.43369863
3042	-6.333150685
3043	3.06739726
3044	3.267945205
3045	-5.231506849
3046	-5.930958904
3047	-5.530410959
3048	5.670136986
3049	7.970684932
3050	5.571232877
3051	0.471780822
3052	2.772328767
3053	6.072876712
3054	2.273424658
3055	1.373972603
3056	10.37452055
3057	10.37506849
3058	12.87561644
3059	15.37616438
3060	10.47671233
3061	10.67726027
3062	12.97780822
3063	9.378356164
3064	7.07890411
3065	8.479452055
3066	8.38
3067	7.280547945
3068	10.48109589
3069	8.781643836
3070	2.082191781
3071	5.082739726
3072	0.783287671
3073	1.083835616
3074	1.684383562
3075	0.884931507
3076	0.185479452
3077	3.086027397
3078	5.286575342
3079	9.587123288
3080	11.38767123
3081	10.48821918
3082	12.48876712
3083	3.789315068
3084	8.689863014
3085	14.09041096
3086	17.5909589
3087	15.89150685
3088	12.99205479
3089	16.49260274
3090	15.59315068
3091	15.59369863
3092	21.09424658
3093	21.99479452
3094	19.79534247
3095	19.89589041
3096	20.09643836
3097	17.2969863
3098	16.99753425
3099	11.59808219
3100	13.69863014
3101	19.09917808
3102	18.39972603
3103	15.70027397
3104	17.10082192
3105	12.90136986
3106	14.40191781
3107	16.80246575
3108	20.9030137
3109	12.30356164
3110	7.304109589
3111	7.204657534
3112	7.005205479
3113	6.205753425
3114	6.50630137
3115	8.506849315
3116	9.90739726
3117	8.507945205
3118	13.50849315
3119	13.2090411
3120	15.90958904
3121	11.81013699
3122	10.31068493
3123	13.81123288
3124	11.01178082
3125	7.412328767
3126	7.912876712
3127	9.113424658
3128	8.013972603
3129	8.614520548
3130	7.215068493
3131	6.215616438
3132	8.116164384
3133	14.51671233
3134	10.11726027
3135	14.41780822
3136	15.01835616
3137	11.76890411
3138	11.76945205
3139	11.77
3140	11.77054795
3141	8.52109589
3142	9.621643836
3143	4.222191781
3144	4.022739726
3145	9.623287671
3146	11.82383562
3147	12.32438356
3148	9.224931507
3149	4.025479452
3150	4.026027397
3151	3.726575342
3152	3.327123288
3153	5.927671233
3154	9.328219178
3155	7.228767123
3156	5.629315068
3157	8.529863014
3158	12.93041096
3159	11.2309589
3160	4.131506849
3161	4.532054795
3162	4.33260274
3163	1.533150685
3164	1.73369863
3165	5.334246575
3166	5.484794521
3167	5.635342466
3168	4.835890411
3169	5.136438356
3170	6.836986301
3171	3.837534247
3172	2.638082192
3173	0.138630137
3174	0.739178082
3175	2.339726027
3176	2.440273973
3177	3.140821918
3178	1.941369863
3179	1.941917808
3180	0.484157727
3181	0.482915072
3182	-1.221418989
3183	-0.931942683
3184	-1.408372527
3185	-1.230846793
3186	-3.019227208
3187	-3.413797256
3188	-2.453150685
3189	0.04739726
3190	-0.052054795
3191	-2.251506849
3192	-1.550958904
3193	-3.650410959
3194	-1.849863014
3195	-2.449315068
3196	1.451232877
3197	4.851780822
3198	2.152328767
3199	-1.047123288
3200	-3.646575342
3201	-8.146027397
3202	-9.445479452
3203	-9.244931507
3204	-10.34438356
3205	-5.243835616
3206	-4.543287671
3207	-4.142739726
3208	-3.642191781
3209	-4.341643836
3210	-9.44109589
3211	-9.940547945
3212	-5.84
3213	-4.039452055
3214	-6.63890411
3215	-6.538356164
3216	-7.037808219
3217	-7.937260274
3218	-3.236712329
3219	-1.136164384
3220	-4.735616438
3221	-5.435068493
3222	-8.434520548
3223	-10.1339726
3224	-14.13342466
3225	-16.43287671
3226	-7.132328767
3227	-1.231780822
3228	-0.731232877
3229	-1.830684932
3230	-3.130136986
3231	-9.429589041
3232	-7.929041096
3233	-6.628493151
3234	-3.427945205
3235	-6.42739726
3236	-9.626849315
3237	-14.92630137
3238	-20.82575342
3239	-23.52520548
3240	-23.52465753
3241	-25.42410959
3242	-26.42356164
3243	-23.3230137
3244	-17.12246575
3245	-19.12191781
3246	-18.52136986
3247	-19.92082192
3248	-16.82027397
3249	-4.719726027
3250	-2.319178082
3251	-6.318630137
3252	-11.41808219
3253	-12.31753425
3254	-13.4169863
3255	-17.61643836
3256	-22.41589041
3257	-27.31534247
3258	-33.31479452
3259	-32.41424658
3260	-33.61369863
3261	-34.01315068
3262	-30.91260274
3263	-26.61205479
3264	-26.51150685
3265	-29.3109589
3266	-29.01041096
3267	-31.10986301
3268	-29.30931507
3269	-26.30876712
3270	-9.108219178
3271	-7.607671233
3272	-9.607123288
3273	-15.00657534
3274	-18.9060274
3275	-19.00547945
3276	-21.90493151
3277	-28.70438356
3278	-30.60383562
3279	-28.40328767
3280	-26.60273973
3281	-17.10219178
3282	-13.50164384
3283	-22.90109589
3284	-20.50054795
3285	-17.8
3286	-11.89945205
3287	-9.99890411
3288	-9.098356164
3289	-6.497808219
3290	-10.19726027
3291	-12.59671233
3292	-13.89616438
3293	-14.39561644
3294	-1.295068493
3295	-1.794520548
3296	-11.3939726
3297	-23.49342466
3298	-23.79287671
3299	-28.49232877
3300	-26.89178082
3301	-27.39123288
3302	-21.99068493
3303	-17.89013699
3304	-18.58958904
3305	-13.2890411
3306	-11.28849315
3307	-20.88794521
3308	-22.98739726
3309	-25.98684932
3310	-30.08630137
3311	-29.48575342
3312	-25.78520548
3313	-23.58465753
3314	-20.38410959
3315	-20.78356164
3316	-8.483013699
3317	-9.782465753
3318	-8.381917808
3319	-6.081369863
3320	-15.38082192
3321	-25.88027397
3322	-22.17972603
3323	-25.77917808
3324	-27.87863014
3325	-24.77808219
3326	-24.47753425
3327	-23.5769863
3328	-33.07643836
3329	-35.77589041
3330	-33.47534247
3331	-29.77479452
3332	-26.07424658
3333	-10.57369863
3334	-4.673150685
3335	0.52739726
3336	-1.372054795
3337	-8.071506849
3338	-12.4709589
3339	-13.97041096
3340	-10.46986301
3341	-1.969315068
3342	-6.468767123
3343	-0.968219178
3344	-1.667671233
3345	-5.967123288
3346	-21.56657534
3347	-8.166027397
3348	-1.965479452
3349	-14.76493151
3350	-20.56438356
3351	-13.16383562
3352	-5.963287671
3353	-20.76273973
3354	-25.76219178
3355	-25.76164384
3356	-28.86109589
3357	-32.06054795
3358	-33.26
3359	-29.95945205
3360	-22.45890411
3361	-13.05835616
3362	-8.157808219
3363	-13.95726027
3364	-17.25671233
3365	-17.85616438
3366	-19.85561644
3367	-20.55506849
3368	-17.35452055
3369	-18.0539726
3370	-10.35342466
3371	-19.45287671
3372	-18.05232877
3373	-18.45178082
3374	-18.15123288
3375	-17.15068493
3376	-17.05013699
3377	-19.44958904
3378	-15.4490411
3379	-16.04849315
3380	-20.54794521
3381	-21.54739726
3382	-17.74684932
3383	-16.54630137
3384	-10.54575342
3385	-12.54520548
3386	-11.24465753
3387	-10.14410959
3388	-11.74356164
3389	-11.3430137
3390	-12.44246575
3391	-15.24191781
3392	-15.44136986
3393	-14.04082192
3394	-12.74027397
3395	-2.739726027
3396	5.360821918
3397	-2.638630137
3398	-0.238082192
3399	2.462465753
3400	1.563013699
3401	-0.436438356
3402	-5.035890411
3403	-9.335342466
3404	-9.234794521
3405	-6.934246575
3406	-7.23369863
3407	-6.133150685
3408	3.26739726
3409	3.467945205
3410	-5.031506849
3411	-5.730958904
3412	-5.330410959
3413	5.870136986
3414	8.170684932
3415	5.771232877
3416	0.671780822
3417	2.972328767
3418	6.272876712
3419	2.473424658
3420	1.573972603
3421	10.57452055
3422	10.57506849
3423	13.07561644
3424	15.57616438
3425	10.67671233
3426	10.87726027
3427	13.17780822
3428	9.578356164
3429	7.27890411
3430	8.679452055
3431	8.58
3432	7.480547945
3433	10.68109589
3434	8.981643836
3435	2.282191781
3436	5.282739726
3437	0.983287671
3438	1.283835616
3439	1.884383562
3440	1.084931507
3441	0.385479452
3442	3.286027397
3443	5.486575342
3444	9.787123288
3445	11.58767123
3446	10.68821918
3447	12.68876712
3448	3.989315068
3449	8.889863014
3450	14.29041096
3451	17.7909589
3452	16.09150685
3453	13.19205479
3454	16.69260274
3455	15.79315068
3456	15.79369863
3457	21.29424658
3458	22.19479452
3459	19.99534247
3460	20.09589041
3461	20.29643836
3462	17.4969863
3463	17.19753425
3464	11.79808219
3465	13.89863014
3466	19.29917808
3467	18.59972603
3468	15.90027397
3469	17.30082192
3470	13.10136986
3471	14.60191781
3472	17.00246575
3473	21.1030137
3474	12.50356164
3475	7.504109589
3476	7.404657534
3477	7.205205479
3478	6.405753425
3479	6.70630137
3480	8.706849315
3481	10.10739726
3482	8.707945205
3483	13.70849315
3484	13.4090411
3485	16.10958904
3486	12.01013699
3487	10.51068493
3488	14.01123288
3489	11.21178082
3490	7.612328767
3491	8.112876712
3492	9.313424658
3493	8.213972603
3494	8.814520548
3495	7.415068493
3496	6.415616438
3497	8.316164384
3498	14.71671233
3499	10.31726027
3500	14.61780822
3501	15.21835616
3502	11.96890411
3503	12.29550837
3504	12.52428687
3505	12.83895621
3506	9.974989518
3507	11.49021538
3508	6.468525026
3509	6.535631311
3510	12.23253608
3511	14.3367272
3512	14.57071681
3513	11.09350305
3514	5.47937308
3515	5.09443566
3516	4.480862208
3517	3.527123288
3518	6.127671233
3519	9.528219178
3520	7.428767123
3521	5.829315068
3522	8.729863014
3523	13.13041096
3524	11.4309589
3525	4.331506849
3526	4.732054795
3527	4.53260274
3528	1.733150685
3529	1.93369863
3530	5.534246575
3531	5.684794521
3532	5.835342466
3533	5.035890411
3534	5.336438356
3535	7.036986301
3536	4.037534247
3537	2.838082192
3538	0.338630137
3539	0.939178082
3540	2.539726027
3541	2.640273973
3542	3.340821918
3543	2.141369863
3544	2.141917808
3545	0.542465753
3546	0.343013699
3547	-1.656438356
3548	-1.655890411
3549	-2.255342466
3550	-1.954794521
3551	-3.454246575
3552	-3.55369863
3553	-2.253150685
3554	0.24739726
3555	0.399082284
3556	-1.535562495
3557	-0.447709311
3558	-2.102920908
3559	0.063132569
3560	-0.393649107
3561	3.364228459
3562	6.399270873
3563	3.25557836
3564	-0.331178933
3565	-3.446575342
3566	-7.946027397
3567	-9.245479452
3568	-9.044931507
3569	-10.14438356
3570	-5.043835616
3571	-4.343287671
3572	-3.942739726
3573	-3.442191781
3574	-4.141643836
3575	-9.24109589
3576	-9.740547945
3577	-5.64
3578	-3.839452055
3579	-6.43890411
3580	-6.338356164
3581	-6.837808219
3582	-7.737260274
3583	-3.036712329
3584	-0.936164384
3585	-4.535616438
3586	-5.235068493
3587	-8.234520548
3588	-9.933972603
3589	-13.93342466
3590	-16.23287671
3591	-6.932328767
3592	-1.031780822
3593	-0.531232877
3594	-1.630684932
3595	-2.930136986
3596	-9.229589041
3597	-7.729041096
3598	-6.428493151
3599	-3.227945205
3600	-6.22739726
3601	-9.426849315
3602	-14.72630137
3603	-20.62575342
3604	-23.32520548
3605	-23.32465753
3606	-25.22410959
3607	-26.22356164
3608	-23.1230137
3609	-16.92246575
3610	-18.92191781
3611	-18.32136986
3612	-19.72082192
3613	-16.62027397
3614	-4.519726027
3615	-2.119178082
3616	-6.118630137
3617	-11.21808219
3618	-12.11753425
3619	-13.2169863
3620	-17.41643836
3621	-22.21589041
3622	-27.11534247
3623	-33.11479452
3624	-32.21424658
3625	-33.41369863
3626	-33.81315068
3627	-30.71260274
3628	-26.41205479
3629	-26.31150685
3630	-29.1109589
3631	-28.81041096
3632	-30.90986301
3633	-29.10931507
3634	-26.10876712
3635	-8.908219178
3636	-7.407671233
3637	-9.407123288
3638	-14.80657534
3639	-18.7060274
3640	-18.80547945
3641	-21.70493151
3642	-28.50438356
3643	-30.40383562
3644	-28.20328767
3645	-26.40273973
3646	-16.90219178
3647	-13.30164384
3648	-22.70109589
3649	-20.30054795
3650	-17.6