          1      183.000   -6.163    0.241   -1.617   -2.976   -3.641   -3.899   -4.094   -4.249   -4.354    0.000      320.000      320.000
          1      548.000   -6.163    0.241   -1.130   -2.369   -2.981   -3.205   -3.338   -3.464   -3.545    0.000      696.000      331.000
          1      913.000   -6.163    0.241   -0.978   -2.171   -2.769   -2.982   -3.094   -3.208   -3.284    0.000     1065.000      335.000
          1     1278.000   -6.163    0.241   -0.890   -2.054   -2.643   -2.851   -2.957   -3.068   -3.141    0.000     1434.000      339.000
          1     1643.000   -6.163    0.241   -0.816   -1.963   -2.543   -2.746   -2.844   -2.952   -3.023    0.000     1799.000      339.000
          1     2008.000   -6.163    0.241   -0.796   -1.938   -2.517   -2.715   -2.804   -2.906   -2.972    0.000     2163.000      338.000
          1     2373.000   -6.163    0.241   -0.777   -1.911   -2.486   -2.685   -2.775   -2.877   -2.943    0.000     2532.000      342.000
          1     2738.000   -6.163    0.241   -0.732   -1.853   -2.421   -2.619   -2.707   -2.810   -2.876    0.000     2900.000      345.000
          1     3103.000   -6.163    0.241   -0.705   -1.819   -2.386   -2.580   -2.664   -2.764   -2.829    0.000     3267.000      347.000
          1     3468.000   -6.163    0.241   -0.688   -1.797   -2.362   -2.555   -2.637   -2.735   -2.798    0.000     3632.000      347.000
          1     3833.000   -6.163    0.241   -0.671   -1.776   -2.337   -2.530   -2.611   -2.710   -2.773    0.000     3998.000      348.000
          1     4198.000   -6.163    0.241   -0.651   -1.751   -2.311   -2.502   -2.581   -2.679   -2.741    0.000     4364.000      349.000
          1     4563.000   -6.163    0.241   -0.641   -1.739   -2.298   -2.488   -2.566   -2.663   -2.724    0.000     4729.000      349.000
          1     4928.000   -6.163    0.241   -0.634   -1.728   -2.285   -2.475   -2.550   -2.646   -2.706    0.000     5094.000      349.000
          1     5293.000   -6.163    0.241   -0.633   -1.726   -2.283   -2.472   -2.547   -2.642   -2.702    0.000     5459.000      349.000
          1     5658.000   -6.163    0.241   -0.622   -1.714   -2.268   -2.458   -2.533   -2.629   -2.688    0.000     5825.000      350.000
          1     6023.000   -6.163    0.241   -0.612   -1.701   -2.256   -2.444   -2.516   -2.611   -2.669    0.000     6190.000      350.000
          1     6388.000   -6.163    0.241   -0.607   -1.695   -2.249   -2.437   -2.510   -2.604   -2.661    0.000     6555.000      350.000
          1     6753.000   -6.163    0.241   -0.608   -1.695   -2.250   -2.436   -2.504   -2.596   -2.652    0.000     6920.000      350.000
          1     7118.000   -6.163    0.241   -0.619   -1.707   -2.262   -2.449   -2.519   -2.612   -2.669    0.000     7285.000      350.000
