   1.0000000000000000     
  -18.600000000000001     
  -18.599982330215489     
  -18.599964660423698     
  -18.599946990617354     
  -18.599929320789187     
  -18.599911650931915     
  -18.599893981038271     
  -18.599876311100971     
  -18.599858641112743     
  -18.599840971066321     
  -18.599823300954426     
  -18.599805630769779     
  -18.599787960505118     
  -18.599770290153163     
  -18.599752619706635     
  -18.599734949158265     
  -18.599717278500783     
  -18.599699607726919     
  -18.599681936829395     
  -18.599664265800943     
  -18.599646594634297     
  -17.421559120480076     
  -16.211150385330171     
  -14.942836107338673     
  -13.601896949569163     
  -12.185076003478368     
  -10.698423534979877     
  -9.1539493054902277     
  -7.5664577024534712     
  -6.9237210386531176     
  -6.2775207043385208     
  -5.6287965693263970     
  -5.3038324831691650     
  -4.9785798714063727     
  -4.6531502841391816     
  -4.4904105073980736     
  -4.3927652182666055     
  -4.3602172059941697     
  -4.3496612880246168     
  -4.3391046642849354     
  -4.3285476852664670     
  -4.2968723534133524     
  -4.2440719050329534     
  -4.1384486716790683     
  -4.0328635915645537     
  -3.9273554738089671     
  -3.8219627812864037     
  -3.5063819466228545     
  -3.2974318302612007     
  -3.0898577536810028     
  -2.9867734718347032     
  -2.8973274254121266     
  -2.8384305292323582     
  -2.7800720332953546     
  -2.7222700383712048     
  -2.6650424770333112     
  -2.5812977126447141     
  -2.4993284535749494     
  -2.4195856857583058     
  -2.3422143891274274     
  -2.2673617413635325     
  -2.1951761548953721     
  -2.1532353352306739     
  -2.1122005874878154     
  -2.0718089046329844     
  -2.0320700691744600     
  -1.9929936886476725     
  -1.9545891792225127     
  -1.9168657484852893     
  -1.8798323774845507     
  -1.8615785621794867     
  -1.8078673264891960     
  -1.7729554077692966     
  -1.7387668307373647     
  -1.7053091547164738     
  -1.6725895939185911     
  -1.6406149966094901     
  -1.6249101167406113     
  -1.5789240679133538     
  -1.5492213926167486     
  -1.5202869966080204     
  -1.4921255855380728     
  -1.4647413749380478     
  -1.4381380705051896     
  -1.4123188489466996     
  -1.3872863395012041     
  -1.3630426062651186     
  -1.3395891314586941     
  -1.3169267997735716     
  -1.2950558839499120     
  -1.2739760317362387     
  -1.2536862543886711     
  -1.2341849168678165     
  -1.2154697298909114     
  -1.1721118071649417     
  -1.1335845073921273     
  -1.0997971766632464     
  -1.0706339714787547     
  -1.0459552131059360     
  -1.0255993945408393     
  -1.0093857832078628     
 -0.99711751593370201     
 -0.98858504438870209     
 -0.98356976499858939     
 -0.98184766063904250     
 -0.98319279232567769     
 -0.98738050464376148     
 -0.99419024378212995     
  -1.0034079259547730     
  -1.0148278314353671     
  -1.0282540314915194     
  -1.0435013799942761     
  -1.0603961178013026     
  -1.0787761467841428     
  -1.1195257971998744     
  -1.1645474543948122     
  -1.2129447206790966     
  -1.2639714024371951     
  -1.3170112722539031     
  -1.3715584711037061     
  -1.4271996379205594     
  -1.4835982031523802     
  -1.5404809074476509     
  -1.5976264114751124     
  -1.6548557765675409     
  -1.7120245706871386     
  -1.7690163606810247     
  -1.8257373728321920     
  -1.8821121299401269     
  -1.9380798997751560     
  -1.9935918144996558     
  -2.0486085426731839     
  -2.1030984145891289     
  -2.1570359180815841     
  -2.2104004958730927     
  -2.2631755873161059     
  -2.3153478673087760     
  -2.3669066435036163     
  -2.4178433799059391     
  -2.4681513207764780     
  -2.5178251935793541     
  -2.5668609736992902     
  -2.6535022938492645     
  -2.7767571770345807     
  -2.9283668269266432     
  -3.0327690544673263     
  -3.1896351837476691     
  -3.3266228568564689     
  -3.4456575923440620     
  -3.5488904239447332     
  -3.6385725386662298     
  -3.7169443688776331     
  -3.7861434655456137     
  -3.8481336550900114     
  -3.9046561476224944     
  -3.9572016359218223     
  -4.0070011260869984     
  -4.0550323388067770     
  -4.1020380310457103     
  -4.1485524843625985     
  -4.2411759379514251     
  -4.3343867293643568     
  -4.4279981316786987     
  -4.5212702135490259     
  -4.6133807648865339     
  -4.7036551629027841     
  -4.7916335477353629     
  -4.8770496697623020     
  -5.0281614352433941     
  -5.3590132294822004     
  -5.6255392247983371     
  -6.0905517001679366     
  -6.2072203140948119     
  -6.2595815449840675     
  -6.2801491545525474     
  -6.2853848636601164     
