          1        1.000  -6.200000000000   0.330000000000  -0.282481456954  -0.131000000000  -0.037000000000  -0.040000000000  -0.169000000000  -0.329000000000  -0.482000000000
          1        2.000  -9.500000000000   0.330000000000  -0.286144108153  -0.132250624770  -0.046237638305  -0.059357215566  -0.175308404042  -0.318053093244  -0.417799312257
          1        3.000 -12.400000000000   0.300000000000  -0.397515720361  -0.134665292199  -0.051902796059  -0.071131215412  -0.177894843246  -0.303885787009  -0.393236188939
          1        4.000 -18.300000000000   0.300000000000  -0.623283363737  -0.140990090937  -0.057567440725  -0.081876755267  -0.179493388823  -0.292807295682  -0.375927400650
          1        5.000 -22.600000000000   0.300000000000  -1.020770474743  -0.166526326195  -0.063103041083  -0.091572047768  -0.180852020920  -0.284206812811  -0.362506961084
          1        6.000 -22.200000000000   0.280000000000  -1.537394555464  -0.304485668463  -0.068223463746  -0.100016971840  -0.182228979323  -0.277446224594  -0.351652999966
          1        7.000 -18.300000000000   0.460000000000  -1.772675819508  -0.736978841865  -0.072826890264  -0.107180154393  -0.183635548562  -0.272065693102  -0.342659381557
          1        8.000 -17.100000000000   0.460000000000  -1.781533809392  -0.845223147690  -0.081418015790  -0.113243722581  -0.185003820434  -0.267726417703  -0.335083297721
          1        9.000 -11.300000000000   0.430000000000  -1.704642134930  -0.951501626791  -0.140004606383  -0.121579967705  -0.186375431559  -0.264174911796  -0.328617548438
          1       10.000  -5.900000000000   0.430000000000  -1.603038786889  -0.959772737367  -0.366722530770  -0.165816343351  -0.189694226683  -0.261332137226  -0.323044681771
          1       11.000  -4.600000000000   0.430000000000  -1.442967247328  -0.957440355507  -0.577767615947  -0.297112828032  -0.209684837427  -0.260437961426  -0.318345761460
          1       12.000  -1.800000000000   0.430000000000  -1.304822879642  -0.962002568255  -0.694885233948  -0.429834649164  -0.264838093271  -0.267334371374  -0.315454421707
          1       13.000   1.200000000000   0.000000000000  -0.093856054134  -0.922351053770  -0.751824822026  -0.525137885720  -0.337001946750  -0.288347037643  -0.316992737591
          1       14.000   0.600000000000   0.000000000000   0.480305690926  -0.620504395737  -0.668677912712  -0.554899761563  -0.399837129754  -0.320972210901  -0.325274662429
          1       15.000   4.100000000000   0.000000000000   3.752818814496  -0.493577959762  -0.573599891562  -0.527169448016  -0.430026278729  -0.354215401035  -0.339878325809
          1       16.000   2.800000000000   0.000000000000   2.666896733412  -0.413626486792  -0.508125431658  -0.494442329781  -0.437392500595  -0.378075477825  -0.356396606385
          1       17.000  -1.100000000000   0.410000000000   0.381691957721  -0.361819529278  -0.460458184275  -0.465223724810  -0.434701682783  -0.392318413803  -0.370824959100
          1       18.000   0.300000000000   0.000000000000   0.259413044489  -0.326736926368  -0.424767262757  -0.440426942267  -0.427869816811  -0.399828651131  -0.381844683476
          1       19.000  -4.300000000000   0.410000000000  -0.019911890340  -0.301409577709  -0.397189224121  -0.419577063808  -0.419507969331  -0.403012901868  -0.389642207993
          1       20.000 -10.200000000000   0.410000000000  -0.030899694553  -0.282268541039  -0.375439542292  -0.402072170443  -0.410794905945  -0.403384005711  -0.394715105843
          1       21.000  -9.600000000000   0.380000000000  -0.064396471700  -0.267055007354  -0.357741037418  -0.387172083353  -0.402282387724  -0.402049118510  -0.397740484049
          1       22.000  -9.900000000000   0.380000000000  -0.082999214156  -0.254625010713  -0.343008631014  -0.374330517139  -0.394187282013  -0.399663832326  -0.399239925833
          1       23.000  -8.000000000000   0.410000000000  -0.129326761958  -0.244288957390  -0.330518670468  -0.363131228518  -0.386581647785  -0.396642236102  -0.399616246012
          1       24.000  -6.600000000000   0.410000000000  -0.157861862839  -0.235630405336  -0.319775107549  -0.353262117793  -0.379472514166  -0.393247950945  -0.399170366365
          1       25.000  -9.450000000000   0.410000000000  -0.214310618799  -0.228805850023  -0.310442313490  -0.344490701021  -0.372839441629  -0.389650816749  -0.398124451963
          1       26.000 -12.300000000000   0.410000000000  -0.281047385013  -0.225281750569  -0.302368127615  -0.336662114818  -0.366654874787  -0.385961982805  -0.396642379937
          1       27.000 -16.400000000000   0.410000000000  -0.370753341032  -0.227646251170  -0.295662407040  -0.329731319271  -0.360904361102  -0.382257538943  -0.394845983283
          1       28.000 -18.700000000000   0.410000000000  -0.501319338254  -0.240456036494  -0.290772527323  -0.323807039457  -0.355612469623  -0.378598226433  -0.392828356471
          1       29.000 -16.900000000000   0.410000000000  -0.681546866405  -0.275155514903  -0.288866923291  -0.319254934914  -0.350877165525  -0.375048937616  -0.390665995878
          1       30.000 -11.000000000000   0.410000000000  -0.874009948968  -0.352571558394  -0.293364924411  -0.317125277541  -0.346961058088  -0.371705613858  -0.388431700905
          1       31.000 -12.200000000000   0.410000000000  -0.994384897769  -0.468737095321  -0.313372629303  -0.320459493052  -0.344596935057  -0.368762027029  -0.386215073952
          1       32.000 -23.300000000000   0.410000000000  -1.068998037157  -0.576288460125  -0.362130915295  -0.335939962400  -0.345710674297  -0.366695865905  -0.384172612608
          1       33.000 -18.800000000000   0.410000000000  -1.220730658621  -0.685184843658  -0.442233040465  -0.370814212924  -0.353879764774  -0.366596822991  -0.382642448106
          1       34.000 -18.100000000000   0.410000000000  -1.405581960212  -0.831648040919  -0.557151601625  -0.429995205591  -0.373348747439  -0.370306081936  -0.382293297011
          1       35.000 -23.600000000000   0.410000000000  -1.570433946034  -1.000341239340  -0.712172602519  -0.520676866441  -0.409417218884  -0.380399984116  -0.384210338672
          1       36.000 -26.300000000000   0.380000000000  -1.795547762556  -1.196210676009  -0.896467739003  -0.642761917771  -0.467574171078  -0.400488976251  -0.390039241908
          1       37.000 -25.100000000000   0.380000000000  -2.152193621896  -1.471929913476  -1.133247672036  -0.801266652934  -0.551578316278  -0.434650976646  -0.402103448495
          1       38.000 -24.600000000000   0.380000000000  -2.526606268300  -1.816824854001  -1.445206067062  -1.016733678125  -0.671444036773  -0.488253581841  -0.423473689538
          1       39.000 -29.900000000000   0.380000000000  -2.889750388603  -2.176881760492  -1.790275794896  -1.279672743489  -0.834928209273  -0.569421002190  -0.458852244600
          1       40.000 -32.800000000000   0.380000000000  -3.328784452822  -2.573151381373  -2.161831842782  -1.573573677867  -1.035806703006  -0.682910025199  -0.514115287941
          1       41.000 -35.800000000000   0.380000000000  -3.850697170247  -3.036928934745  -2.590294444966  -1.911075709197  -1.273554593663  -0.829349363222  -0.593762753246
          1       42.000 -36.400000000000   0.380000000000  -4.424605718078  -3.557592715715  -3.075260752529  -2.299193169706  -1.553779391036  -1.011325814111  -0.701332178018
          1       43.000 -37.200000000000   0.380000000000  -4.997102562838  -4.099014495799  -3.590271005657  -2.726956407223  -1.875463047455  -1.231026549886  -0.840230815905
          1       44.000 -32.400000000000   0.380000000000  -5.525183319022  -4.621826318176  -4.099487781484  -3.170039200352  -2.226815466638  -1.485258781279  -1.011714627576
          1       45.000 -28.800000000000   0.380000000000  -5.909128120807  -5.054187824783  -4.544202879588  -3.590894919798  -2.586833398177  -1.763967800152  -1.212551156736
          1       46.000 -26.200000000000   0.380000000000  -6.132319284167  -5.353142227916  -4.875313729046  -3.943989687785  -2.923357217184  -2.048574483022  -1.433467477230
          1       47.000 -27.800000000000   0.380000000000  -6.257604784080  -5.546782969827  -5.104304754464  -4.217449677128  -3.213783462754  -2.318327096105  -1.660078264681
          1       48.000 -26.300000000000   0.380000000000  -6.385595823369  -5.708216753075  -5.287605128938  -4.436401237065  -3.458374504023  -2.561934855009  -1.879374951449
          1       49.000 -23.800000000000   0.380000000000  -6.502410780637  -5.856947890947  -5.453870308485  -4.629590699210  -3.672949175736  -2.781217511308  -2.085508583011
          1       50.000 -23.100000000000   0.410000000000  -6.564944107286  -5.963585463279  -5.583274374880  -4.793399941882  -3.862797327286  -2.980407042612  -2.278144613547
          1       51.000 -23.000000000000   0.410000000000  -6.579760307910  -6.024751789914  -5.669524991239  -4.920955246603  -4.024493583397  -3.158874426470  -2.456661100906
          1       52.000 -22.400000000000   0.410000000000  -6.575497237478  -6.057135301038  -5.723997877997  -5.016091597838  -4.157698805750  -3.315225315033  -2.619487542799
          1       53.000 -25.600000000000   0.410000000000  -6.579423576631  -6.084041649602  -5.766839701694  -5.091698358576  -4.268230435866  -3.450903152271  -2.766063356467
          1       54.000 -24.700000000000   0.410000000000  -6.633186098967  -6.136734492732  -5.824166543646  -5.165209547448  -4.366041487442  -3.570602195575  -2.897952474636
          1       55.000 -21.000000000000   0.430000000000  -6.713996330432  -6.217584839271  -5.906067531666  -5.251723550624  -4.463725718512  -3.682015199266  -3.019062976821
          1       56.000 -18.100000000000   0.430000000000  -6.745578994114  -6.275892217640  -5.975764585835  -5.336929014966  -4.561643397326  -3.790037230478  -3.133780753730
          1       57.000 -21.100000000000   0.410000000000  -6.709549498443  -6.280751164578  -6.001362719659  -5.395636038251  -4.646688684168  -3.890996549457  -3.242627506821
          1       58.000 -21.200000000000   0.410000000000  -6.684683406288  -6.272733852209  -6.006616450996  -5.429956757386  -4.711879374936  -3.978704626287  -3.342477418819
          1       59.000 -20.800000000000   0.410000000000  -6.699744150653  -6.289648092002  -6.027758584644  -5.464849718470  -4.767622736299  -4.054691219528  -3.432089371233
          1       60.000 -25.300000000000   0.410000000000  -6.735860978022  -6.324231998787  -6.063901908975  -5.507847100897  -4.823317504284  -4.125065756596  -3.514137008440
          1       61.000  -7.100000000000   0.410000000000  -6.803559272740  -6.386017758089  -6.122782083705  -5.564195771142  -4.883588944463  -4.194090831433  -3.591802164763
          1       62.000  -4.600000000000   0.410000000000  -6.680652918880  -6.351257735994  -6.121383277474  -5.602245593983  -4.942522175658  -4.263247510321  -3.667559496264
          1       63.000 -15.000000000000   0.410000000000  -6.370692449061  -6.148563310833  -5.974607707753  -5.547287707488  -4.957448061372  -4.315378165103  -3.736105019343
          1       64.000 -13.700000000000   0.430000000000  -6.406059232464  -6.082254000864  -5.887491457878  -5.470953180699  -4.929089075054  -4.334947564749  -3.785276538351
          1       65.000 -11.800000000000   0.430000000000  -6.545533638106  -6.187404808059  -5.965559705526  -5.502292077262  -4.937671930237  -4.352013325415  -3.821183805718
          1       66.000 -10.900000000000   0.430000000000  -6.537919573105  -6.213773070439  -6.002452333956  -5.544624985375  -4.975162604163  -4.387212716166  -3.861439485171
          1       67.000  -8.300000000000   0.430000000000  -6.436592162696  -6.163775783662  -5.975359079830  -5.550365428359  -5.002371570976  -4.424924626897  -3.905385509589
          1       68.000 -12.000000000000   0.410000000000  -6.285884170841  -6.050429868733  -5.886926981486  -5.509109881519  -5.002512858035  -4.450751421595  -3.944827851830
          1       69.000 -14.400000000000   0.410000000000  -6.348011218503  -6.049453281280  -5.866942068105  -5.480225083546  -4.989618514995  -4.461800546739  -3.974083783961
          1       70.000 -15.700000000000   0.410000000000  -6.569443134217  -6.191302928689  -5.970987662140  -5.529752226729  -5.009432461225  -4.478838295740  -3.999752745420
          1       71.000 -16.200000000000   0.410000000000  -6.834594554688  -6.400891804030  -6.148376840523  -5.647570356122  -5.077246717293  -4.520895422511  -4.035190224136
          1       72.000  -3.100000000000   0.410000000000  -6.904318276376  -6.539100525745  -6.297822236210  -5.783575816041  -5.177756243989  -4.589987538460  -4.087586018694
          1       73.000  -3.600000000000   0.410000000000  -6.377546552247  -6.257176556152  -6.125363736804  -5.759163796819  -5.230216586166  -4.657863273921  -4.149808509655
          1       74.000 -13.200000000000   0.410000000000  -5.987563613169  -5.900075763308  -5.816417627901  -5.570266171706  -5.165100347212  -4.668623012007  -4.191031597825
          1       75.000 -25.300000000000   0.410000000000  -6.303764793106  -5.968238763245  -5.798672454880  -5.478470379731  -5.082928292066  -4.634944764999  -4.197311035241
          1       76.000 -25.600000000000   0.410000000000  -7.218279098503  -6.571062453330  -6.244850755295  -5.683860984724  -5.134597139728  -4.636753226606  -4.200648346666
          1       77.000 -30.300000000000   0.380000000000  -8.225405063168  -7.368060079977  -6.922236874781  -6.127859566525  -5.367054293166  -4.740217896269  -4.250004595510
          1       78.000 -28.700000000000   0.410000000000  -9.338724661516  -8.328049754271  -7.776395778967  -6.746311437190  -5.749751116629  -4.953999600177  -4.370321125722
          1       79.000 -29.200000000000   0.410000000000 -10.005365668869  -9.039652549939  -8.482541066865  -7.367855586908  -6.216151309831  -5.261633456282  -4.566023829083
          1       80.000 -23.800000000000   0.430000000000 -10.434961616795  -9.533850563819  -8.996086537378  -7.873811478328  -6.657143112048  -5.601601444231  -4.812144091848
          1       81.000 -19.700000000000   0.430000000000 -10.507325642911  -9.751917595906  -9.276479338623  -8.230323217710  -7.026968890481  -5.927146309141  -5.074496269050
          1       82.000 -20.400000000000   0.480000000000 -10.360704924013  -9.737776417266  -9.332929767107  -8.407492611583  -7.284278726726  -6.200173835601  -5.322623284434
          1       83.000 -15.100000000000   0.480000000000 -10.194653369337  -9.657738985033  -9.302426070374  -8.475487050641  -7.441372802684  -6.404782947940  -5.534082308399
          1       84.000 -13.100000000000   0.510000000000  -9.888857214280  -9.469159008705  -9.174983926241  -8.460488867749  -7.525006310439  -6.549943928070  -5.704012377923
          1       85.000 -22.700000000000   0.480000000000  -9.600244232959  -9.231948921487  -8.979825939213  -8.364849939504  -7.535458928072  -6.637409099439  -5.831598383076
          1       86.000 -24.800000000000   0.480000000000  -9.738605280376  -9.255038684944  -8.965036426191  -8.325959876221  -7.528306860112  -6.684488061659  -5.920444868690
          1       87.000 -27.800000000000   0.460000000000 -10.113926104311  -9.516720650030  -9.170337309260  -8.440584397492  -7.591531815340  -6.743639179063  -5.995989323334
          1       88.000 -31.900000000000   0.430000000000 -10.661339268942  -9.929909949891  -9.518657035332  -8.675884770369  -7.739358131075  -6.847219739245  -6.086994873666
          1       89.000 -31.300000000000   0.410000000000 -11.433006389267 -10.555408920026 -10.061934745317  -9.059234924216  -7.985508431420  -7.009713833311  -6.210052303261
          1       90.000 -27.600000000000   0.410000000000 -12.022839540867 -11.130686649568 -10.609321074738  -9.512767767117  -8.317688398310  -7.240396414778  -6.378378184927
          1       91.000 -25.400000000000   0.480000000000 -12.278255597023 -11.468137188328 -10.974075191412  -9.888520332598  -8.651947055058  -7.506473931776  -6.585015037820
          1       92.000 -22.200000000000   0.460000000000 -12.284618076567 -11.582978667290 -11.139191362354 -10.126831691096  -8.920204440677  -7.758566480685  -6.802414150770
          1       93.000 -22.600000000000   0.460000000000 -12.152854456504 -11.547510768525 -11.155768868563 -10.237990113500  -9.101677075045  -7.965716690049  -7.003720325709
          1       94.000 -10.300000000000   0.430000000000 -11.917669660658 -11.425592749734 -11.087205293876 -10.264536612402  -9.208885122684  -8.120202971112  -7.174010120338
          1       95.000 -11.600000000000   0.410000000000 -11.237872925199 -10.970482473356 -10.745420780967 -10.120817036559  -9.218081125455  -8.215254891994  -7.306537802290
          1       96.000 -10.200000000000   0.410000000000 -10.642027721237 -10.464881919006 -10.304888655739  -9.834827446620  -9.100305317451  -8.222617388646  -7.383098008793
          1       97.000  -7.900000000000   0.410000000000 -10.126369838248 -10.014919226603  -9.897925456207  -9.531173464971  -8.923812356132  -8.161338531360  -7.401006703145
          1       98.000 -17.200000000000   0.410000000000  -9.741821712277  -9.626065643374  -9.527073273613  -9.228061456905  -8.721188777433  -8.059003492296  -7.375021583564
          1       99.000 -27.700000000000   0.410000000000  -9.997223839310  -9.654524442104  -9.469055409907  -9.073909925359  -8.558445924369  -7.946763179269  -7.322268658307
          1      100.000 -24.000000000000   0.410000000000 -10.737558179128 -10.153651938039  -9.839681341774  -9.222880292935  -8.556848534297  -7.896435102441  -7.281750051982
          1      101.000 -27.600000000000   0.410000000000 -11.286643544701 -10.640020829366 -10.274309849195  -9.524308791935  -8.711053410436  -7.951276966945  -7.296668790583
          1      102.000 -29.700000000000   0.410000000000 -11.849939638896 -11.121174526851 -10.708338243392  -9.855177674761  -8.929798492606  -8.078825228612  -7.369774034409
          1      103.000 -26.600000000000   0.410000000000 -12.387054130765 -11.615876082508 -11.168765404572 -10.226390363051  -9.196295860429  -8.256002897606  -7.487737441776
          1      104.000 -26.300000000000   0.410000000000 -12.689120096267 -11.957294291301 -11.518521204303 -10.560114886566  -9.475065022037  -8.465473938062  -7.640790637919
          1      105.000 -25.400000000000   0.410000000000 -12.880530760810 -12.184205728733 -11.760564249992 -10.816778647256  -9.720189073635  -8.675133908726  -7.810312716829
          1      106.000 -34.900000000000   0.410000000000 -13.141496812563 -12.410011394574 -11.979129775917 -11.031377639421  -9.930589896402  -8.868950310751  -7.979561361290
          1      107.000 -37.600000000000   0.410000000000 -13.852252720574 -12.944581040843 -12.433070828493 -11.355663210981 -10.169981109903  -9.063829113959  -8.147474557023
          1      108.000 -35.300000000000   0.410000000000 -14.637223479733 -13.632630126387 -13.057419968100 -11.835879915897 -10.510761547655  -9.309070458536  -8.338453325480
          1      109.000 -31.600000000000   0.460000000000 -15.135441186325 -14.165197754519 -13.588584648536 -12.320153616490 -10.904452192300  -9.608740246556  -8.569265654404
          1      110.000 -27.900000000000   0.460000000000 -15.266103574153 -14.415238774045 -13.887213543050 -12.675461311946 -11.258603048916  -9.917253613718  -8.824197460574
          1      111.000 -12.400000000000   0.460000000000 -15.035523088737 -14.370597844151 -13.926574340784 -12.848452596056 -11.510692656426 -10.184335615565  -9.071176638629
          1      112.000  -6.500000000000   0.410000000000 -14.129525436599 -13.813388031206 -13.534536971861 -12.737291899162 -11.599091590417 -10.366279255118  -9.277874370913
          1      113.000  -1.300000000000   0.410000000000 -12.830407684585 -12.829650042067 -12.725969928810 -12.276199493898 -11.445616124299 -10.403657310500  -9.403165115263
          1      114.000  -3.200000000000   0.410000000000 -11.572371537414 -11.759952376007 -11.780286749166 -11.612982947677 -11.086454369389 -10.278601358428  -9.415949801831
          1      115.000  -9.900000000000   0.410000000000 -10.752282695269 -10.932535855833 -10.985282201059 -10.950318574190 -10.633621277607 -10.034693654370  -9.322674235337
          1      116.000 -14.300000000000   0.410000000000 -10.520492394392 -10.548785043273 -10.549065119928 -10.479108451896 -10.225934738163  -9.753316720097  -9.163526941412
          1      117.000 -15.800000000000   0.410000000000 -10.624129817363 -10.500994593436 -10.428226188478 -10.247833852664  -9.950975403206  -9.513516424309  -8.993717520825
          1      118.000 -12.300000000000   0.410000000000 -10.739804026638 -10.554837950437 -10.439340226855 -10.170312227773  -9.803151000931  -9.348486094163  -8.853235752548
          1      119.000  -3.800000000000   0.410000000000 -10.527948317158 -10.434940237611 -10.346367699499 -10.092986296036  -9.710065099480  -9.241055015182  -8.751261074448
          1      120.000  -8.300000000000   0.410000000000  -9.957921296142 -10.008555634560  -9.994124919103  -9.864743941724  -9.566116928324  -9.136167001628  -8.666482318133
          1      121.000  -2.800000000000   0.410000000000  -9.544488278321  -9.622284307015  -9.631849824246  -9.568444821980  -9.352940932293  -8.991848865771  -8.566543583203
          1      122.000  -3.500000000000   0.480000000000  -9.024804461514  -9.182415626911  -9.234501118743  -9.251092571818  -9.115111371675  -8.821125232646  -8.445591241030
          1      123.000  -7.800000000000   0.380000000000  -8.647521477989  -8.794803107661  -8.857073941049  -8.918112849791  -8.851597490974  -8.626907500685  -8.305318052253
          1      124.000 -23.400000000000   0.410000000000  -8.860665645964  -8.766623229325  -8.741057924441  -8.705894757594  -8.621835042570  -8.430438158914  -8.152622711110
          1      125.000 -10.000000000000   0.410000000000  -9.532055310814  -9.225494338058  -9.072457062666  -8.806380027011  -8.554557942854  -8.299004804992  -8.019858335604
          1      126.000  -3.800000000000   0.410000000000  -9.434170128951  -9.300181328754  -9.193085521850  -8.930182761880  -8.602098799014  -8.265930973572  -7.946326636958
          1      127.000 -16.600000000000   0.410000000000  -9.055993335610  -9.019082861383  -8.975554785414  -8.826734674533  -8.567582520989  -8.239653342053  -7.905921301778
          1      128.000 -22.400000000000   0.410000000000  -9.368239519264  -9.119081878741  -8.997207072210  -8.765404660557  -8.492169456075  -8.179068493098  -7.855815669598
          1      129.000 -15.000000000000   0.410000000000  -9.932066671249  -9.541257697171  -9.331845180547  -8.933767036429  -8.530267246635  -8.155598209241  -7.814525101525
          1      130.000  -7.800000000000   0.410000000000  -9.974931119487  -9.700716501141  -9.519519243376  -9.113707253230  -8.644004592773  -8.198164854208  -7.814025866055
          1      131.000 -22.600000000000   0.410000000000  -9.772329082226  -9.567014940341  -9.433888043391  -9.114479517277  -8.692071265455  -8.242633621368  -7.836465615001
          1      132.000 -27.600000000000   0.410000000000 -10.303538941841  -9.855628936554  -9.626042461135  -9.187241793548  -8.718374747086  -8.261228046531  -7.850766232542
          1      133.000 -27.600000000000   0.410000000000 -11.132930750290 -10.494070444129 -10.156075908291  -9.512078627839  -8.876688764928  -8.329172733599  -7.880767817805
          1      134.000 -30.700000000000   0.410000000000 -11.870786006794 -11.143000134448 -10.743901548734  -9.953254362493  -9.156073630663  -8.483900438240  -7.962833811340
          1      135.000 -33.900000000000   0.410000000000 -12.631163922644 -11.807839747698 -11.352615076187 -10.435429557275  -9.497636284587  -8.704213159821  -8.099636085706
          1      136.000 -35.100000000000   0.410000000000 -13.438630486039 -12.524718154484 -12.014066026054 -10.969350678270  -9.890924324205  -8.975360553755  -8.282783701732
          1      137.000 -31.800000000000   0.410000000000 -14.136612113722 -13.198621484402 -12.659726129522 -11.524813766151 -10.324546453330  -9.290893058729  -8.507720485972
          1      138.000 -24.300000000000   0.410000000000 -14.460852402748 -13.626052605067 -13.119403582078 -11.996678575500 -10.745948420033  -9.627476425300  -8.763940888091
          1      139.000 -14.900000000000   0.410000000000 -14.225084039459 -13.623449728495 -13.219342445866 -12.246989503395 -11.064591195751  -9.933876669609  -9.023935961853
          1      140.000 -10.000000000000   0.410000000000 -13.487813434950 -13.168174049856 -12.907243948917 -12.190580675687 -11.196071185488 -10.146409603995  -9.245266811846
          1      141.000 -15.800000000000   0.410000000000 -12.706959044371 -12.540596084520 -12.382702747361 -11.896276980578 -11.127926549396 -10.225307766598  -9.388446333611
          1      142.000 -19.100000000000   0.410000000000 -12.413081338371 -12.190536154927 -12.032772452978 -11.608412659552 -10.969048975283 -10.197260208946  -9.445628880206
          1      143.000 -19.700000000000   0.380000000000 -12.475183262576 -12.148165712015 -11.948194552859 -11.478178540198 -10.853886812051 -10.142448824209  -9.452588499203
          1      144.000 -21.700000000000   0.410000000000 -12.677365462218 -12.271667978265 -12.030264529438 -11.489004946018 -10.824256089618 -10.116509316832  -9.453034017473
          1      145.000 -22.400000000000   0.410000000000 -12.868401646801 -12.426955029680 -12.162483360191 -11.570951445684 -10.860926260697 -10.132441708369  -9.470467594997
          1      146.000 -19.200000000000   0.430000000000 -13.001996878059 -12.560673465932 -12.289211734023 -11.672726284294 -10.930834956023 -10.179243117246  -9.508352283137
          1      147.000 -19.900000000000   0.410000000000 -12.971878509025 -12.577320934612 -12.325790282643 -11.734576303783 -10.997841201220 -10.238473307119  -9.560005729431
          1      148.000 -12.200000000000   0.430000000000 -12.845187304019 -12.516348153553 -12.292429004208 -11.744089993697 -11.035740990218 -10.288226405365  -9.612240624522
          1      149.000 -21.300000000000   0.410000000000 -12.524596125372 -12.277369096710 -12.103050908452 -11.650594787274 -11.018673079306 -10.312128336596  -9.653202370644
          1      150.000 -19.900000000000   0.410000000000 -12.610781918924 -12.268762609920 -12.061403966288 -11.583275154787 -10.971787858972 -10.302592035507  -9.671372660337
          1      151.000 -20.300000000000   0.430000000000 -12.732024523875 -12.359871138392 -12.132593389615 -11.614254221645 -10.975207303169 -10.303304315725  -9.682796960558
          1      152.000 -20.000000000000   0.430000000000 -12.822182842994 -12.440047406546 -12.205103624191 -11.667732822073 -11.008772922516 -10.325628240137  -9.703889071552
          1      153.000 -19.000000000000   0.430000000000 -12.867230575873 -12.493724398340 -12.260206447431 -11.719616164478 -11.051733025900 -10.360130618728  -9.734491957966
          1      154.000 -18.900000000000   0.430000000000 -12.852596401830 -12.500294146665 -12.276438902099 -11.750029927584 -11.088648955476 -10.397011864382  -9.769861516612
          1      155.000 -21.300000000000   0.430000000000 -12.863085875112 -12.505384851765 -12.282847286208 -11.764365175078 -11.113296280725 -10.428450598427  -9.804264011358
          1      156.000 -17.300000000000   0.430000000000 -12.935893889608 -12.566559787052 -12.335863164858 -11.802551153101 -11.143547181834 -10.458480627724  -9.836603937192
          1      157.000 -17.900000000000   0.460000000000 -12.842017138392 -12.526199212150 -12.318438486017 -11.817031119185 -11.172958019165 -10.491463521576  -9.870504117231
          1      158.000 -22.400000000000   0.460000000000 -12.770723346017 -12.460754557260 -12.262783097972 -11.788930008427 -11.174302997857 -10.511855397980  -9.899825345712
          1      159.000 -23.400000000000   0.460000000000 -12.899096125465 -12.526377176380 -12.303409679535 -11.798935231700 -11.177717111590 -10.523599121201  -9.921140870433
          1      160.000 -19.600000000000   0.460000000000 -13.079650067643 -12.673659874483 -12.428727106675 -11.878905774846 -11.220996682879 -10.550524263563  -9.945520226131
          1      161.000 -18.400000000000   0.580000000000 -13.089576185009 -12.725438656483 -12.493763011280 -11.951916552295 -11.282895348404 -10.596605787021  -9.981967517825
          1      162.000 -12.400000000000   0.580000000000 -12.969169882040 -12.663592648644 -12.459296848451 -11.961376275338 -11.318637434558 -10.639184060199 -10.022790405722
          1      163.000 -14.400000000000   0.560000000000 -12.707918029075 -12.484907644820 -12.321708276494 -11.896337449214 -11.309243580554 -10.659425218805 -10.054647228043
          1      164.000 -13.100000000000   0.610000000000 -12.425216173937 -12.252308347812 -12.120947353941 -11.765177869145 -11.247254451985 -10.645684546905 -10.066776622065
          1      165.000 -12.000000000000   0.610000000000 -12.174670722422 -12.032161175957 -11.921061980774 -11.613977786656 -11.153492143554 -10.601444200611 -10.055492633527
          1      166.000 -13.600000000000   0.610000000000 -11.936501603087 -11.818950218254 -11.724356025215 -11.456851909064 -11.044545798945 -10.537492656724 -10.025079641416
          1      167.000 -13.200000000000   0.610000000000 -11.738075262215 -11.628910332609 -11.543144884043 -11.302314907283 -10.928309515060 -10.460879178464  -9.980460238854
          1      168.000 -14.300000000000   0.610000000000 -11.582818995788 -11.473824879319 -11.391116341157 -11.163917973464 -10.815226418138 -10.378842423962  -9.926521117709
          1      169.000 -17.100000000000   0.610000000000 -11.471261998203 -11.352830055376 -11.268332920708 -11.045065724776 -10.711417002563 -10.297704054911  -9.868371930649
          1      170.000 -17.300000000000   0.580000000000 -11.438351259519 -11.290297960803 -11.194071693463 -10.957181167748 -10.623800331458 -10.222687580053  -9.810357291493
          1      171.000 -15.900000000000   0.610000000000 -11.472909225666 -11.291528903393 -11.178360262691 -10.913282783256 -10.563180010545 -10.161303234143  -9.757740619842
          1      172.000 -14.600000000000   0.610000000000 -11.485619730979 -11.297776255169 -11.177898381337 -10.895574679389 -10.528085882780 -10.117877727366  -9.715510302288
          1      173.000  -4.600000000000   0.580000000000 -11.418555133342 -11.256946651163 -11.145316220318 -10.869815119553 -10.500305190014 -10.086130017202  -9.683273673360
          1      174.000   3.500000000000   0.000000000000  -0.135323205653  -8.671824539755  -9.830413435599 -10.515662845174 -10.407283431091 -10.045095017087  -9.653328955572
          1      175.000  -4.500000000000   0.640000000000  -5.991801521960  -6.762177682576  -7.281055979538  -8.326580693638  -9.207719076543  -9.539582982710  -9.450732589668
          1      176.000  -2.100000000000   0.610000000000  -6.505838113072  -6.924195498261  -7.210599027904  -7.835382506108  -8.492327126243  -8.913035587941  -9.025022629355
          1      177.000   0.600000000000   0.000000000000  -0.353664873605  -6.212529841552  -6.881251146234  -7.584636192471  -8.128071578238  -8.497361224153  -8.651519079825
          1      178.000  -0.300000000000   0.560000000000  -4.651123586981  -5.260441067293  -5.685798888289  -6.564742916306  -7.451807134260  -8.040822667846  -8.303016148310
          1      179.000  -2.300000000000   0.560000000000  -5.041539653967  -5.439803179798  -5.717800787748  -6.324687487446  -7.025568160939  -7.595499690350  -7.922101320559
          1      180.000  -6.900000000000   0.560000000000  -5.293937334420  -5.580173288139  -5.784740191231  -6.243477337739  -6.799477192511  -7.290147181636  -7.607641963034
          1      181.000 -11.200000000000   0.560000000000  -5.587461177185  -5.757673797010  -5.896647951559  -6.233466844351  -6.669490804113  -7.079301187900  -7.364716663022
          1      182.000 -11.100000000000   0.560000000000  -5.967557472931  -6.017605368297  -6.088250483356  -6.299681567759  -6.614432431317  -6.938542861891  -7.180632650535
          1      183.000  -8.800000000000   0.560000000000  -6.338094766451  -6.310847916844  -6.328702083717  -6.430026941807  -6.626745718812  -6.859602701622  -7.048911222689
          1      184.000  -9.100000000000   0.560000000000  -6.596899556715  -6.548051270367  -6.541078154348  -6.574307046056  -6.680057806815  -6.829681190025  -6.963190546411
          1      185.000  -8.000000000000   0.560000000000  -6.765676629604  -6.713295164117  -6.696400968975  -6.694261167836  -6.741641706834  -6.827552977592  -6.911404714865
          1      186.000   1.400000000000   0.000000000000  -0.120940419557  -5.714452029383  -6.310352092993  -6.677964417082  -6.779677136749  -6.833945029382  -6.879789768366
          1      187.000   1.600000000000   0.000000000000   1.223536328322  -2.140883883838  -3.171266567498  -4.690135759959  -5.910508130925  -6.538083590277  -6.766902666013
          1      188.000  -6.900000000000   0.000000000000  -6.847781988295  -4.686098412116  -4.178063647303  -4.312768093154  -5.129607395518  -5.921356372777  -6.385723389670
          1      189.000  -7.600000000000   0.000000000000  -7.586490472103  -6.780113284920  -6.377570571825  -5.809676936548  -5.615655852236  -5.818557738978  -6.120172762337
          1      190.000  -7.200000000000   0.000000000000  -7.197470666397  -6.957033614492  -6.787309996185  -6.441632093460  -6.154249960835  -6.072088665915  -6.143607444903
          1      191.000   4.000000000000   0.000000000000   3.183684561755  -2.600368159612  -3.695243852527  -5.080844014133  -5.885394022223  -6.142329725883  -6.213316106165
          1      192.000   6.300000000000   0.000000000000   5.726450112199  -1.599700084377  -2.482301422257  -3.766523997903  -4.928496397563  -5.659352930863  -6.008661642001
          1      193.000   3.900000000000   0.000000000000   3.701032227450  -1.216342386490  -1.977375673384  -3.101792126039  -4.250109475752  -5.120443064501  -5.640461832132
          1      194.000  -1.200000000000   0.000000000000  -1.169949155804  -1.057819583905  -1.723744618657  -2.713656883893  -3.787114242648  -4.676946881812  -5.270487445618
          1      195.000   1.100000000000   0.000000000000   0.749101704522  -1.081579355977  -1.630842603285  -2.483064704385  -3.459709759897  -4.323508274081  -4.941627382352
          1      196.000   4.400000000000   0.000000000000   3.979462155126  -0.982274694678  -1.524704994054  -2.318801877284  -3.225613383167  -4.047729539322  -4.662336446655
          1      197.000   0.600000000000   0.000000000000   0.558719940970  -0.871179984957  -1.404740445010  -2.161562242578  -3.026391025337  -3.818408184646  -4.423680146276
          1      198.000  -0.300000000000   0.000000000000  -0.278035192248  -0.812041174784  -1.312740511581  -2.025547632963  -2.850853145996  -3.616851398631  -4.212134615269
          1      199.000   8.700000000000   0.000000000000   8.225546579986  -0.772823570410  -1.249082585621  -1.918191987125  -2.701686256784  -3.439695402138  -4.022652016160
          1      200.000   8.700000000000   0.000000000000   8.410471818031  -0.686874253407  -1.172910314564  -1.819549106880  -2.571976436654  -3.283933237416  -3.852840368123
          1      201.000  11.200000000000   0.000000000000  10.898473019854  -0.599420456555  -1.090594936371  -1.719791279337  -2.450293152435  -3.142318946957  -3.698715641080
          1      202.000  13.700000000000   0.000000000000  13.386871452876  -0.509882800392  -1.011778820881  -1.624536465358  -2.335505162794  -3.010598502708  -3.556160764034
          1      203.000   8.800000000000   0.000000000000   8.669883076212  -0.426505890027  -0.935007418211  -1.532825277381  -2.226966435506  -2.887285803663  -3.423120857900
          1      204.000   9.000000000000   0.000000000000   8.822109633845  -0.365873236725  -0.870046785445  -1.449226501120  -2.125350971602  -2.771395840523  -3.298103166179
          1      205.000  11.300000000000   0.000000000000  11.069263643062  -0.243412557259  -0.803445444666  -1.371742626885  -2.031495393783  -2.663201146528  -3.180647415585
          1      206.000   7.700000000000   0.000000000000   7.606926254550  -0.127827061019  -0.725125028925  -1.288869775407  -1.939625553673  -2.560639522511  -3.069878218858
          1      207.000   5.400000000000   0.000000000000   5.340758348065  -0.099358884109  -0.668333333730  -1.213933674347  -1.851013273120  -2.461888573132  -2.964109455049
          1      208.000   6.800000000000   0.000000000000   6.679320578142  -0.089355380109  -0.631922359119  -1.154315640953  -1.771774277284  -2.369302073325  -2.863569405705
          1      209.000   6.700000000000   0.000000000000   6.603855783773  -0.070698352479  -0.603846363076  -1.105567737926  -1.702491814787  -2.284577428545  -2.769374101203
          1      210.000   5.600000000000   0.000000000000   5.535042138383  -0.052684483423  -0.579389821232  -1.063148688282  -1.640880060707  -2.207291849232  -2.681796600410
          1      211.000   8.800000000000   0.000000000000   8.636778272297  -0.025777631238  -0.557447505784  -1.025168064526  -1.585129422843  -2.136360224182  -2.600378207484
          1      212.000   7.100000000000   0.000000000000   7.021911678384   0.054782925762  -0.532673537037  -0.988989357568  -1.533695405722  -2.070749549947  -2.524461975115
          1      213.000   0.400000000000   0.000000000000   0.480840235347   0.045653780676  -0.506276985367  -0.952361166382  -1.484489506511  -2.009122576188  -2.453212274029
          1      214.000   3.400000000000   0.000000000000   3.317022221063  -0.023907217550  -0.492256063989  -0.921022358053  -1.438310639776  -1.950792594148  -2.385825778933
          1      215.000  -0.900000000000   0.000000000000  -0.795044877784  -0.050352441699  -0.486807014157  -0.897593803636  -1.397667093396  -1.896638805797  -2.322263889315
          1      216.000  -0.600000000000   0.000000000000  -0.586232878776  -0.071827943537  -0.484400560763  -0.879126339648  -1.362298734267  -1.847195847724  -2.262892969315
          1      217.000   0.000000000000   0.000000000000  -0.041263383449  -0.098176566580  -0.483892693905  -0.863942616389  -1.331169500972  -1.802198610142  -2.207789870542
          1      218.000  -0.800000000000   0.000000000000  -0.779795600457  -0.123922664457  -0.485460974361  -0.851526535333  -1.303495761685  -1.761042178236  -2.156590923803
          1      219.000  -1.500000000000   0.000000000000  -1.469662725599  -0.147345589925  -0.488601853381  -0.841471380468  -1.278806760212  -1.723249277632  -2.108893108843
          1      220.000   1.400000000000   0.000000000000   1.114879089852  -0.171630656257  -0.492818384451  -0.833338503583  -1.256754252441  -1.688530728248  -2.064459835926
          1      221.000   3.600000000000   0.000000000000   3.390214915093  -0.201616604976  -0.498842215509  -0.827077890130  -1.237039321720  -1.656577597535  -2.023023297292
          1      222.000   7.900000000000   0.000000000000   7.613601366154  -0.229985216216  -0.507300472895  -0.823150077364  -1.219720059357  -1.627241870654  -1.984389412244
          1      223.000   9.700000000000   0.000000000000   9.454324460705  -0.246685725031  -0.516557576574  -0.821153908315  -1.204745029622  -1.600434450525  -1.948400812146
          1      224.000   8.800000000000   0.000000000000   8.632207482351  -0.240179389945  -0.521786424437  -0.818945306327  -1.191382099542  -1.575897660205  -1.914907978888
          1      225.000  10.800000000000   0.000000000000  10.590632300521  -0.129299753750  -0.513810946897  -0.812267550030  -1.177753773765  -1.552824223571  -1.883522259946
          1      226.000   2.100000000000   0.000000000000   2.174055238666  -0.061885823942  -0.484740018338  -0.792943156277  -1.159628828309  -1.529353491306  -1.853357483567
          1      227.000   7.000000000000   0.000000000000   6.842349052268  -0.056551197549  -0.460658918597  -0.769108756915  -1.136341776630  -1.503505956487  -1.822989587116
          1      228.000  12.400000000000   0.000000000000  12.157231098180   0.057677367350  -0.440826661629  -0.747102736765  -1.111884734014  -1.476069360781  -1.791934915116
          1      229.000  15.900000000000   0.000000000000  15.643862663650   1.460890807024  -0.382310367888  -0.713954221867  -1.085032400575  -1.447811495317  -1.760554580260
          1      230.000  14.200000000000   0.000000000000  14.053771691435   2.587547602615  -0.309376379805  -0.664651260309  -1.048848984846  -1.415901221104  -1.727993003483
          1      231.000  11.300000000000   0.000000000000  11.219943834370   3.065513911490  -0.147425607465  -0.577464676580  -0.998059506285  -1.377635068532  -1.692540672997
          1      232.000  14.800000000000   0.000000000000  14.597545000550   3.630141300894  -0.039397340613  -0.490746165415  -0.933603010548  -1.329423297788  -1.651686848560
          1      233.000  13.900000000000   0.000000000000  13.772111660222   4.142885994991   0.008368910892  -0.423347734811  -0.870374643431  -1.276360134603  -1.605875786596
          1      234.000  13.900000000000   0.000000000000  13.764893563714   4.195656366102   0.033854023708  -0.378177231451  -0.816849549504  -1.224511327102  -1.558119713274
          1      235.000  19.400000000000   0.000000000000  19.121917079581   4.743699497756   0.062938717739  -0.344526154104  -0.772908168367  -1.177276358575  -1.511524875600
          1      236.000  20.300000000000   0.000000000000  20.079561159032   5.833639052195   0.548414909441  -0.302618997089  -0.733139814086  -1.134296880821  -1.467308243954
          1      237.000  18.100000000000   0.000000000000  17.960582909853   6.189406670531   0.677890658128  -0.262352810592  -0.691748841493  -1.092547683750  -1.424855135828
          1      238.000  18.200000000000   0.000000000000  18.031569956073   6.140847967115   0.989065482148  -0.216269012643  -0.651342169454  -1.051781117170  -1.383394810204
          1      239.000  18.400000000000   0.000000000000  18.227359140377   6.210819246330   1.106716555742  -0.181172901707  -0.611971750943  -1.011518856219  -1.342687471506
          1      240.000  15.600000000000   0.000000000000  15.504534429581   6.104370209655   1.305056308759  -0.137824023771  -0.573583277104  -0.972609034103  -1.302913048716
          1      241.000  15.300000000000   0.000000000000  15.173363573310   5.704087219437   1.299992509056  -0.108029140833  -0.537877686904  -0.934662689983  -1.263997128983
          1      242.000   9.900000000000   0.000000000000   9.906182636324   5.059868259021   1.336105488043  -0.068669338878  -0.503335052764  -0.898526450778  -1.226309130420
          1      243.000  12.000000000000   0.000000000000  11.871971786433   4.354606670841   1.172189003987  -0.047833731322  -0.471641032912  -0.863546572753  -1.189710932811
          1      244.000  17.400000000000   0.000000000000  17.152787441963   4.928773239581   1.263016220434  -0.028459400123  -0.445257514135  -0.831283107588  -1.154642722966
          1      245.000  16.700000000000   0.000000000000  16.551595957321   5.869252558117   1.603495218551   0.004069295359  -0.419288426478  -0.801422520448  -1.121511699825
          1      246.000  14.000000000000   0.000000000000  13.922309065626   5.912009758029   1.772417018570   0.027624036583  -0.393893114724  -0.772466662355  -1.089775823418
          1      247.000  15.400000000000   0.000000000000  15.248946772860   5.714903994278   1.789837314836   0.167607878478  -0.370157791399  -0.744959543037  -1.059260547974
          1      248.000  11.200000000000   0.000000000000  11.175601852046   5.464832646985   1.852664739666   0.295106345652  -0.343513502603  -0.717639090526  -1.029732665474
          1      249.000  12.700000000000   0.000000000000  12.577088143711   4.977351678575   1.726416728811   0.296577706124  -0.320675873721  -0.690931259823  -1.000770175768
          1      250.000  15.100000000000   0.000000000000  14.929861740788   5.242973837844   1.775035613315   0.388598478482  -0.299208508642  -0.665944116304  -0.972892428773
          1      251.000  19.200000000000   0.000000000000  18.959368742775   6.130237554260   2.046017138670   0.529077530096  -0.276653073103  -0.641397291299  -0.945972751108
          1      252.000  10.600000000000   0.000000000000  10.648550867258   6.219948076661   2.295935026544   0.625736161965  -0.257444657884  -0.617887346677  -0.919811940755
          1      253.000   5.600000000000   0.000000000000   5.662450833137   4.621948408781   2.025847850416   0.677063048267  -0.236715539400  -0.595641564513  -0.894710579079
          1      254.000   5.500000000000   0.000000000000   5.479313068635   3.287537761579   1.564128625788   0.599801140676  -0.214679563553  -0.572765295643  -0.870130222890
          1      255.000   5.300000000000   0.000000000000   5.269920606111   2.715042674446   1.239215260789   0.476399331151  -0.198918669039  -0.551185157016  -0.846020006692
          1      256.000   4.500000000000   0.000000000000   4.482655435804   2.363389100314   1.048197712407   0.401300470856  -0.186971918065  -0.532004284961  -0.823183266219
          1      257.000   4.800000000000   0.000000000000   4.760513009266   2.129952458718   0.917649919882   0.351141421277  -0.177613294979  -0.515063786022  -0.801930333820
          1      258.000   6.800000000000   0.000000000000   6.710204217255   2.266767979943   0.887895603643   0.329886554169  -0.170139848595  -0.500038416816  -0.782260933422
          1      259.000   8.200000000000   0.000000000000   8.102617010238   2.734115208406   1.004527664376   0.365374394456  -0.164088758430  -0.486642626005  -0.764069337466
          1      260.000   6.800000000000   0.000000000000   6.763181013660   2.985843007797   1.151273880565   0.427807438531  -0.158124728503  -0.474497008833  -0.747202191936
          1      261.000  11.800000000000   0.000000000000  11.616603268072   3.411532307786   1.262300084842   0.473015442279  -0.151332805872  -0.463016221412  -0.731389406688
          1      262.000  11.500000000000   0.000000000000  11.396757632977   4.241702608206   1.551963863204   0.576478342925  -0.143450289139  -0.451749132511  -0.716311494599
          1      263.000  14.200000000000   0.000000000000  14.031463011910   4.844442707019   1.829320611455   0.727998132943  -0.134501960706  -0.440358175811  -0.701687276577
          1      264.000  10.100000000000   0.000000000000  10.081034607907   5.079214794088   2.068803437881   0.851672818680  -0.125971874756  -0.428956416573  -0.687349535242
          1      265.000   8.600000000000   0.000000000000   8.566755492080   4.498963615488   2.011420517320   0.874345212416  -0.117402245423  -0.417704579966  -0.673310501590
          1      266.000  12.100000000000   0.000000000000  11.948714125952   4.413362711862   1.920488673958   0.875502114449  -0.104479531782  -0.406294020848  -0.659530927959
          1      267.000   9.300000000000   0.000000000000   9.268606781368   4.583753063735   1.996559213333   0.930936206910  -0.091249173789  -0.393722467774  -0.645620390440
          1      268.000   5.700000000000   0.000000000000   5.726452074478   3.938985424341   1.913539986465   0.938485149172  -0.081576364028  -0.381208123738  -0.631515865909
          1      269.000   6.200000000000   0.000000000000   6.157271348518   3.229710737494   1.651020654918   0.842599791129  -0.073306079822  -0.369474524356  -0.617659506641
          1      270.000   7.400000000000   0.000000000000   7.325318391925   3.105501655803   1.488308048436   0.761518483314  -0.065653604923  -0.358558350576  -0.604280038763
          1      271.000   6.300000000000   0.000000000000   6.269364034228   3.098333783632   1.452160645460   0.733780588575  -0.057256338343  -0.348078818448  -0.591406052612
          1      272.000   6.900000000000   0.000000000000   6.838847648449   3.001911670929   1.407808548165   0.716487603349  -0.049634192977  -0.337879472514  -0.578913720484
          1      273.000   5.500000000000   0.000000000000   5.482365756773   2.898777310816   1.380114549363   0.712519947274  -0.043046057698  -0.328091617962  -0.566788582764
          1      274.000   4.500000000000   0.000000000000   4.488318109888   2.569381362914   1.298517627106   0.697185876261  -0.038463698014  -0.318927407652  -0.555087078678
          1      275.000   6.400000000000   0.000000000000   6.321715192175   2.482582838383   1.207788513349   0.649588076631  -0.034561298882  -0.310543677501  -0.543914293691
          1      276.000  12.800000000000   0.000000000000  12.580197675954   3.335926658947   1.331395520481   0.661541959204  -0.031173757493  -0.302831109003  -0.533307750018
          1      277.000   8.400000000000   0.000000000000   8.391072275994   4.124569005186   1.695822364197   0.817314966634  -0.027789104603  -0.295670140489  -0.523240970934
          1      278.000  12.700000000000   0.000000000000  12.527921106476   4.325656114281   1.865573662474   0.940621473466  -0.023919830869  -0.288881969987  -0.513652857003
          1      279.000  13.300000000000   0.000000000000  13.172302841963   5.071115920431   2.145022916579   1.084821104359  -0.013965175527  -0.282198769010  -0.504444132808
          1      280.000  10.050000000000   0.000000000000  10.023521735882   5.188117142417   2.373968164715   1.247766888645   0.000724665931  -0.274434799147  -0.495315449546
          1      281.000  10.050000000000   0.000000000000   9.980337555428   4.836009977799   2.384550732494   1.329335716050   0.009200713473  -0.265682168958  -0.485829909688
          1      282.000  10.050000000000   0.000000000000   9.976420299401   4.708754850076   2.346605832311   1.327779249890   0.018608416953  -0.257113365011  -0.476147362679
          1      283.000  10.050000000000   0.000000000000   9.975297459220   4.663010464304   2.321227179220   1.325885188464   0.088902347491  -0.248891912573  -0.466532837204
          1      284.000   6.800000000000   0.000000000000   6.809537342220   4.326166549899   2.273270623240   1.332691142036   0.120275689144  -0.239899085691  -0.456979313332
          1      285.000   7.900000000000   0.000000000000   7.833125507339   3.860496220445   2.110044784532   1.289879459615   0.168684992982  -0.230195930422  -0.447092889938
          1      286.000   2.500000000000   0.000000000000   2.583542855170   3.263877413753   1.935217014414   1.209710581302   0.165814453426  -0.221371583629  -0.437168285102
          1      287.000   2.300000000000   0.000000000000   2.309169316488   2.248875829779   1.557099707520   1.041037842653   0.153661554609  -0.213447238708  -0.427574428399
          1      288.000   7.900000000000   0.000000000000   7.749606395697   2.311659787299   1.308612221619   0.856028123115   0.151856369397  -0.206391416047  -0.418441940677
          1      289.000  10.100000000000   0.000000000000   9.969576215767   3.278632638441   1.459592339453   0.841596232095   0.143169501825  -0.199927877914  -0.409808604879
          1      290.000  10.600000000000   0.000000000000  10.497167642226   4.029919408779   1.763032242358   0.977540140510   0.165292738267  -0.193904255847  -0.401609543074
          1      291.000   7.500000000000   0.000000000000   7.492410112698   4.127805371904   1.983960958537   1.138222004258   0.202653887677  -0.187970188284  -0.393764240889
          1      292.000   2.300000000000   0.000000000000   2.386614823130   3.273658569943   1.912494706912   1.197359362463   0.262673837428  -0.181726755328  -0.386095511728
          1      293.000   2.300000000000   0.000000000000   2.306385382066   2.222116704912   1.563382472283   1.077498544201   0.255565702798  -0.175660703288  -0.378513867626
          1      294.000   2.000000000000   0.000000000000   2.002946262072   1.726047876076   1.247024494677   0.884999664914   0.218830297448  -0.170033859796  -0.371132332703
          1      295.000   1.600000000000   0.000000000000   1.604319490535   1.396611858951   1.006437170173   0.716841340616   0.181148520701  -0.164892101686  -0.364030868505
          1      296.000   4.200000000000   0.000000000000   4.127704771313   1.420096562555   0.859566452441   0.590739979654   0.150463811274  -0.160290645945  -0.357262759669
          1      297.000   7.600000000000   0.000000000000   7.474829354894   2.087897812657   0.938701785760   0.564936031561   0.136417279623  -0.156228159040  -0.350865093051
          1      298.000   5.500000000000   0.000000000000   5.482983303364   2.610666333768   1.168753417552   0.662159451918   0.150103935932  -0.152644722521  -0.344850426555
          1      299.000   3.900000000000   0.000000000000   3.901609504363   2.406234659219   1.245108351508   0.750806668276   0.173747939601  -0.149425919693  -0.339202399937
          1      300.000   6.800000000000   0.000000000000   6.701874199842   2.411351505941   1.235672423245   0.769267128725   0.194928486795  -0.146437822408  -0.333878891015
          1      301.000  11.200000000000   0.000000000000  11.026973151271   3.256258180098   1.422282762160   0.829055998354   0.207531541993  -0.143349812465  -0.328798660263
          1      302.000   9.500000000000   0.000000000000   9.440402757673   4.056687238390   1.786005122721   1.008082862352   0.247482785137  -0.140038394538  -0.323839401872
          1      303.000   2.400000000000   0.000000000000   2.510633693206   3.495698263886   1.905305585268   1.165965698333   0.302254129774  -0.136290806989  -0.318901772900
          1      304.000   2.800000000000   0.000000000000   2.797040472577   2.368966469392   1.618663095134   1.119261401208   0.342070769762  -0.131931901849  -0.313858294533
          1      305.000   2.600000000000   0.000000000000   2.595702696778   1.929476677234   1.347160885204   0.967187655799   0.311506272505  -0.127644395879  -0.308678575566
          1      306.000  -0.200000000000   0.000000000000  -0.028035731890   1.412587908959   1.108115495349   0.816182978589   0.268216189790  -0.123713825929  -0.303516475023
          1      307.000   0.000000000000   0.000000000000  -0.022606215525   0.795982957882   0.802428664464   0.638088465320   0.219787214319  -0.120165210095  -0.298484818577
          1      308.000   3.600000000000   0.000000000000   3.515013137956   0.871892618776   0.615977346732   0.475094041398   0.167420853772  -0.117020132188  -0.293646808156
          1      309.000   3.750000000000   0.000000000000   3.711082646535   1.366967769530   0.670861661072   0.431011125870   0.139059825214  -0.114295273200  -0.289042811548
          1      310.000   3.900000000000   0.000000000000   3.864631224636   1.596570708026   0.767333577561   0.467973487404   0.142029270744  -0.111966515781  -0.284699235807
          1      311.000   3.100000000000   0.000000000000   3.089686156037   1.635135575121   0.834210236811   0.516219608690   0.155821695582  -0.109945628346  -0.280620807078
          1      312.000   3.400000000000   0.000000000000   3.371368724549   1.584841284294   0.847293877953   0.540903135965   0.166444302139  -0.108122696195  -0.276786607785
          1      313.000   5.100000000000   0.000000000000   5.030647212555   1.781327296602   0.887210922426   0.557785611891   0.171838346227  -0.106413611140  -0.273160067066
          1      314.000   2.100000000000   0.000000000000   2.134011963090   1.799825493303   0.957825507201   0.600137935904   0.182347847760  -0.104772501781  -0.269703376219
          1      315.000   0.900000000000   0.000000000000   0.924689524499   1.292892878924   0.860664731663   0.590277266488   0.187935068082  -0.103172260770  -0.266385376572
          1      316.000  -1.600000000000   0.000000000000  -1.579758249689   0.725255439384   0.663045811010   0.504004095346   0.171338724091  -0.101596943471  -0.263180413623
          1      317.000  -1.000000000000   0.000000000000  -0.978460836260   0.329185680790   0.439584914470   0.372379530634   0.136633066768  -0.100061146292  -0.260072067853
          1      318.000   0.600000000000   0.000000000000   0.309398243624   0.176077803147   0.280853065132   0.251279199956   0.097892649926  -0.098604726524  -0.257055026009
          1      319.000   0.700000000000   0.000000000000   0.584792452719   0.106903871990   0.180592634341   0.165039179250   0.067241883943  -0.097272019151  -0.254135415403
          1      320.000   1.400000000000   0.000000000000   1.259975614554   0.067015475892   0.117141170834   0.108306702067   0.046058267247  -0.096102629594  -0.251326781182
          1      321.000   0.200000000000   0.000000000000   0.187730821346   0.041843473780   0.076258591720   0.071353178364   0.031814204879  -0.095121394780  -0.248643498000
          1      322.000   0.200000000000   0.000000000000   0.184267495715   0.025637313417   0.049709173641   0.047206790874   0.022172686368  -0.094333544749  -0.246096248490
          1      323.000  -1.400000000000   0.000000000000  -1.349832089600   0.014970966122   0.032154004538   0.031141908109   0.015468184789  -0.093723267344  -0.243692896839
          1      324.000  -1.600000000000   0.000000000000  -1.579231731622   0.004962531178   0.020132457348   0.020473304217   0.010766211845  -0.093276648160  -0.241439645765
          1      325.000  -3.600000000000   0.000000000000  -3.574735845849  -0.099910840360   0.003756127946   0.011258328737   0.007150905887  -0.092963429584  -0.239331613844
          1      326.000  -3.600000000000   0.000000000000  -3.577106606242  -1.853869823837   0.000121668541   0.003329679610   0.003338741355  -0.092754674799  -0.237357753469
          1      327.000  -4.200000000000   0.000000000000  -4.174644621351  -2.440435929529  -0.000095818010   0.001186221751   0.001331932758  -0.092628198233  -0.235506250917
          1      328.000  -3.900000000000   0.000000000000  -3.878133899180  -2.109657919973  -0.602540585567   0.000277968150   0.000227140912  -0.092564685080  -0.233764559110
          1      329.000  -5.400000000000   0.000000000000  -5.363026759018  -2.906256407617  -1.408931848816   0.000018825540   0.000026852321  -0.092477413725  -0.232118287627
          1      330.000  -5.500000000000   0.000000000000  -5.472925280711  -3.506069519200  -2.191173528639  -0.000002770499   0.000008432586  -0.092252955064  -0.230534058773
          1      331.000  -4.200000000000   0.000000000000  -4.189464131351  -3.139369497290  -2.257815028206  -0.397935591606   0.000007052158  -0.091903426139  -0.228971291521
          1      332.000  -1.700000000000   0.000000000000  -1.713187273951  -1.942624303231  -1.601268208066  -0.577058709529   0.000006117258  -0.091467426385  -0.227408859474
          1      333.000  -1.800000000000   0.000000000000  -1.795624205843  -1.461729156991  -1.143948345980  -0.459291808164   0.000005478912  -0.090979196924  -0.225841619284
          1      334.000  -4.000000000000   0.000000000000  -3.970970706219  -2.266284433363  -1.454619833848  -0.557926687599   0.000004822005  -0.090472358624  -0.224272827245
          1      335.000  -3.300000000000   0.000000000000  -3.291793355838  -2.520881222142  -1.919114113002  -0.840563134417   0.000002192354  -0.089996955435  -0.222711179599
          1      336.000  -5.400000000000   0.000000000000  -5.369320658456  -3.540440007527  -2.576975859491  -1.134972633744  -0.000000625371  -0.089653734930  -0.221174544061
          1      337.000  -3.600000000000   0.000000000000  -3.599454996341  -3.170950212648  -2.663287153123  -1.459513217515  -0.000000813166  -0.089625856826  -0.219701572535
          1      338.000  -4.200000000000   0.000000000000  -4.172398944747  -3.173942874379  -2.558241229179  -1.444007251928  -0.015442313494  -0.090079640378  -0.218359307381
          1      339.000  -0.300000000000   0.410000000000  -2.613290662641  -2.425231259356  -2.128872537713  -1.364961179873  -0.205415930499  -0.090950071019  -0.217216593940
          1      340.000   3.100000000000   0.000000000000   0.129363233565  -1.799329362018  -1.683847595353  -1.159750331980  -0.372818717740  -0.093555282941  -0.216303141925
          1      341.000   0.400000000000   0.000000000000   0.330689194587  -0.868785744000  -1.022574460075  -0.880659661785  -0.483307544621  -0.159243940162  -0.218392987417
          1      342.000  -2.800000000000   0.380000000000  -0.038917035141  -0.633072100927  -0.757286069894  -0.697190893354  -0.488800592162  -0.264253517932  -0.243009068035
          1      343.000  -5.400000000000   0.380000000000  -0.275673171119  -0.529095682535  -0.627518362764  -0.598336246577  -0.476411633967  -0.328807754828  -0.287103352421
          1      344.000  -9.900000000000   0.360000000000  -0.447728006159  -0.494862793411  -0.556292060134  -0.539747025199  -0.463917363715  -0.366383294287  -0.329306422251
          1      345.000 -11.200000000000   0.280000000000  -0.644337169610  -0.507064604787  -0.521148230342  -0.505658341533  -0.454751652746  -0.389777150941  -0.363149249375
          1      346.000 -11.000000000000   0.360000000000  -0.914466986590  -0.576312453827  -0.517251055723  -0.490658195568  -0.450285478949  -0.405941999962  -0.389408533623
          1      347.000 -12.100000000000   0.330000000000  -1.103711259712  -0.695443054035  -0.555629240484  -0.498239402087  -0.452744702260  -0.419038636798  -0.410227891817
          1      348.000  -7.000000000000   0.380000000000  -1.245549922714  -0.823569336172  -0.636761196292  -0.534588879388  -0.466617697033  -0.432592457776  -0.427810829554
          1      349.000  -6.300000000000   0.380000000000  -1.283821804573  -0.929725851321  -0.739558404311  -0.597035074971  -0.495889460822  -0.450303510938  -0.444485381936
          1      350.000  -5.900000000000   0.380000000000  -1.276728568831  -0.995272010158  -0.827901618734  -0.668262453748  -0.539080906687  -0.475027403087  -0.462663469614
          1      351.000  -5.400000000000   0.380000000000  -1.270232719781  -1.036487779943  -0.891210608794  -0.731731587191  -0.588220670999  -0.506699608955  -0.484126815349
          1      352.000  -6.100000000000   0.380000000000  -1.269930885345  -1.065849157102  -0.937002282656  -0.783973003832  -0.636320055837  -0.542549076488  -0.509184969421
          1      353.000 -11.200000000000   0.380000000000  -1.297790182757  -1.094412881804  -0.974018590315  -0.827519425508  -0.680601597649  -0.579608311785  -0.536914983959
          1      354.000 -11.700000000000   0.380000000000  -1.404704238266  -1.149241901361  -1.018565780407  -0.869477734878  -0.721740008067  -0.616169923148  -0.566074162758
          1      355.000  -7.600000000000   0.380000000000  -1.539509019198  -1.241815069912  -1.090026034545  -0.922900894856  -0.764676400454  -0.652580269157  -0.595907517246
          1      356.000  -5.800000000000   0.360000000000  -1.607158115229  -1.332074586072  -1.176310027809  -0.990933298771  -0.815097751623  -0.691357124910  -0.626795669462
          1      357.000  -8.400000000000   0.360000000000  -1.621263593228  -1.388363881478  -1.245917466926  -1.058271484023  -0.870964057571  -0.734225912471  -0.659886934520
          1      358.000  -8.300000000000   0.360000000000  -1.660767491872  -1.433613186540  -1.298745144540  -1.115222468040  -0.925207785141  -0.779443726890  -0.695479114460
          1      359.000  -8.800000000000   0.360000000000  -1.722052100851  -1.488730087402  -1.353300341122  -1.168694035246  -0.976360244018  -0.824572278658  -0.732596729804
          1      360.000  -9.700000000000   0.360000000000  -1.793872433017  -1.552079683549  -1.413756378804  -1.224271457587  -1.027081186836  -0.869367651533  -0.770403638495
          1      361.000  -5.000000000000   0.410000000000  -1.867783116081  -1.622918619201  -1.480998543029  -1.283975676911  -1.079377614925  -0.914661350766  -0.808822301966
          1      362.000  -2.900000000000   0.410000000000  -1.878368939389  -1.672380416846  -1.540197220248  -1.343449916311  -1.133377236176  -0.961185502460  -0.848163189372
          1      363.000  -6.500000000000   0.410000000000  -1.836316465216  -1.680434217862  -1.568979459332  -1.387922644994  -1.183195839194  -1.007647687093  -0.888348412083
          1      364.000  -7.200000000000   0.410000000000  -1.814950622112  -1.674086401732  -1.576388550513  -1.413848807462  -1.222575250752  -1.050382184981  -0.927933242304
          1      365.000 -10.200000000000   0.410000000000  -1.837327849851  -1.684355287299  -1.587906001225  -1.433854952772  -1.253411306571  -1.087414546283  -0.965014998241
