   1.0000000000000000     
  -19.600000000000001     
  -19.599989844687357     
  -19.599979689364602     
  -19.599969534021621     
  -19.599959378648300     
  -19.599949223234521     
  -19.599939067770173     
  -19.599928912245144     
  -19.599918756649323     
  -19.599908600972590     
  -19.599898445204843     
  -19.599888289335965     
  -19.599878133355844     
  -19.599867977254373     
  -19.599857821021434     
  -19.599847664646919     
  -19.599837508120714     
  -19.599827351432712     
  -19.599817194572804     
  -19.599807037530880     
  -18.922658100799335     
  -18.200571405813488     
  -17.397188373817102     
  -16.490167711103204     
  -15.472271161495476     
  -14.348883519631151     
  -13.133776792902335     
  -11.844831407731567     
  -10.500768726812440     
  -9.9526562215553618     
  -9.3996043169318924     
  -8.8426220231796719     
  -8.5630196480535918     
  -8.2827938639641374     
  -8.0020599483117305     
  -7.8615449481655526     
  -7.7771952990141324     
  -7.7490726430890033     
  -7.7400993276783225     
  -7.7311248221250048     
  -7.7221471776711672     
  -7.6951948139886133     
  -7.6502127512722096     
  -7.5600286130640590     
  -7.4695923729380844     
  -7.3789349778946640     
  -7.2880862900036494     
  -7.0144696196183141     
  -6.8316822136675270     
  -6.6487711878320903     
  -6.5573600281019990     
  -6.4758201122002488     
  -6.4215898727972061     
  -6.3674729045347682     
  -6.3134830275798182     
  -6.2596337372003195     
  -6.1801078938112441     
  -6.1008903525434590     
  -6.0220461726539316     
  -5.9436136201891436     
  -5.8656307216906862     
  -5.7881353077701769     
  -5.7418958864974456     
  -5.6959006157572496     
  -5.6501308464937692     
  -5.6045945504932595     
  -5.5592995913075223     
  -5.5142537207380853     
  -5.4694645747105595     
  -5.4249396686432014     
  -5.4027795296106209     
  -5.3367093457919488     
  -5.2930209512333555     
  -5.2496255499700926     
  -5.2065299743547424     
  -5.1637409030164694     
  -5.1212648551823250     
  -5.1001470319362259     
  -5.0372747438722154     
  -4.9957751824375869     
  -4.9546130211733255     
  -4.9137939038212997     
  -4.8733232852793869     
  -4.8332064278462141     
  -4.7934483978702680     
  -4.7540540628205221     
  -4.7150280887912839     
  -4.6763749384497215     
  -4.6380988694305820     
  -4.6002039331789941     
  -4.5626939742388153     
  -4.5255726299809371     
  -4.4888433307631113     
  -4.4525093005103589     
  -4.3634119873559758     
  -4.2768457286462969     
  -4.1928443309436965     
  -4.1114341058123900     
  -4.0326342154011190     
  -3.9564570703891300     
  -3.8829087663388862     
  -3.8119895450495216     
  -3.7436942684628649     
  -3.6780128939290453     
  -3.6149309410912260     
  -3.5544299422113874     
  -3.4964878693563093     
  -3.4410795334331805     
  -3.3881769515580533     
  -3.3377496806202158     
  -3.2897651161443591     
  -3.2441887566328851     
  -3.2009844344835754     
  -3.1601145153208337     
  -3.0852614691702538     
  -3.0192654394984588     
  -2.9617859630623609     
  -2.9124700355600708     
  -2.8709538666150984     
  -2.8368643208424000     
  -2.8098203114381990     
  -2.7894343257806828     
  -2.7753141792408029     
  -2.7670650215961778     
  -2.7642915647033659     
  -2.7666004621168065     
  -2.7736027505161607     
  -2.7849162568249328     
  -2.8001678805116583     
  -2.8189956741627040     
  -2.8410506635685269     
  -2.8659983683425163     
  -2.8935200032426929     
  -2.9233133573612373     
  -2.9550933623132760     
  -2.9885923711634756     
  -3.0235601771439464     
  -3.0597638055680774     
  -3.0969871142033374     
  -3.1350302372552088     
  -3.1737089065459734     
  -3.2128536809072346     
  -3.3108862214634116     
  -3.4576047743884719     
  -3.6431725355895983     
  -3.7696456006777885     
  -3.9525937910510374     
  -4.0989200560709165     
  -4.2105592921510224     
  -4.2913018394529452     
  -4.3457584609942517     
  -4.3787511154302488     
  -4.3949343138441055     
  -4.3985577441128498     
  -4.3933270956319257     
  -4.3823388372182155     
  -4.3680717023051612     
  -4.3524201403109659     
  -4.3367562732061300     
  -4.3220082573761998     
  -4.2969661236590024     
  -4.2790842393486930     
  -4.2674205486399872     
  -4.2603454081941301     
  -4.2563080129002504     
  -4.2541197299463338     
  -4.2529765461479903     
  -4.2523758662730780     
  -4.2520699625226452     
  -4.2520036678866404     
  -4.2520000825360782     
  -4.2520000004033163     
  -4.2520000000033917     
  -4.2519999999999163     
  -4.2519999999999145     
  -4.2519999999999802     
