          1      183.000   -6.992    0.241   -2.505   -3.718   -4.292   -4.505   -4.640   -4.740   -4.810    0.000    -7777.000    -7777.000
          1      548.000   -6.865    0.240   -2.110   -3.270   -3.827   -4.026   -4.132   -4.223   -4.272    0.000      654.000      289.000
          1      913.000   -6.677    0.240   -1.786   -2.942   -3.499   -3.699   -3.803   -3.900   -3.954    0.000     1035.000      305.000
          1     1278.000   -6.455    0.240   -1.434   -2.601   -3.170   -3.374   -3.477   -3.581   -3.642    0.000     1415.000      320.000
          1     1643.000   -6.273    0.240   -1.178   -2.343   -2.920   -3.125   -3.225   -3.330   -3.396    0.000     1790.000      330.000
          1     2008.000   -6.010    0.240   -0.848   -2.031   -2.635   -2.848   -2.957   -3.074   -3.152    0.000     2163.000      338.000
          1     2373.000   -5.846    0.240   -0.581   -1.763   -2.373   -2.588   -2.700   -2.819   -2.900    0.000     2538.000      348.000
          1     2738.000   -5.666    0.239   -0.260   -1.439   -2.049   -2.265   -2.379   -2.503   -2.589    0.000     2909.000      354.000
          1     3103.000   -5.468    0.239   -0.035   -1.221   -1.838   -2.055   -2.166   -2.292   -2.382    0.000     3277.000      357.000
          1     3468.000   -5.213    0.239    0.264   -0.960   -1.603   -1.835   -1.966   -2.109   -2.207    0.601     3635.000      350.000
