   1.0000000000000000     
  -17.600000000000001     
  -17.599982072221351     
  -17.599964144435130     
  -17.599946216633768     
  -17.599928288809700     
  -17.599910360955349     
  -17.599892433063147     
  -17.599874505125523     
  -17.599856577134915     
  -17.599838649083747     
  -17.599820720964455     
  -17.599802792769466     
  -17.599784864491216     
  -17.599766936122133     
  -17.599749007654651     
  -17.599731079081202     
  -17.599713150394219     
  -17.599695221586131     
  -17.599677292649371     
  -17.599659363576379     
  -17.599641434359583     
  -16.404350223430537     
  -15.175426088127342     
  -13.885982882233909     
  -12.520017268237725     
  -11.073013605557648     
  -9.5497961734898862     
  -7.9611912491402013     
  -6.3208769654477361     
  -5.6542842976199870     
  -4.9826075911965120     
  -4.3067277388596095     
  -3.9675352397254446     
  -3.6276139429197141     
  -3.2870690835639267     
  -3.1166019320625624     
  -3.0142655511480956     
  -2.9801446960821263     
  -2.9689299755603744     
  -2.9577122774314226     
  -2.9464868388092933     
  -2.9127592534038764     
  -2.8563847603581332     
  -2.7430214844822389     
  -2.6289202273010748     
  -2.5140999350302664     
  -2.3985775353030121     
  -2.0469239032179138     
  -1.8094586981746614     
  -1.5692909368246317     
  -1.4484561612599278     
  -1.3449196660103160     
  -1.2757911841673009     
  -1.2066066365505508     
  -1.1373861882165921     
  -1.0681506868851880     
 -0.96486515514094273     
 -0.86191587167756922     
 -0.75984676448673172     
 -0.65920025285726491     
 -0.56069544266724369     
 -0.46526343397105174     
 -0.41040093307738623     
 -0.35645567214936280     
 -0.30274894592430535     
 -0.24926547352558781     
 -0.19597414629489673     
 -0.14280929052081406     
  -8.9612769009181303E-002
  -3.5826953663144645E-002
  -1.1684894375029152E-005
  -7.5488020020625213E-007
  -7.5480591696147592E-007
  -8.7584263209753490E-007
  -2.7022063628214369E-003
  -1.5121427681492628E-002
  -2.8294004979014981E-002
  -3.4977712155177101E-002
  -5.5149738815008544E-002
  -6.8684859422212113E-002
  -8.2256572285496377E-002
  -9.5855805643350903E-002
 -0.10947739851246381     
 -0.12311809688179629     
 -0.13677564976026507     
 -0.15044836724673274     
 -0.16413489078045429     
 -0.17783406773364413     
 -0.19154488016467577     
 -0.20526640293774090     
 -0.21899777834583439     
 -0.23273820028898998     
 -0.24648690412589991     
 -0.26024315996746900     
 -0.29464490931269505     
 -0.32908147897198936     
 -0.36354305291892930     
 -0.39802068934746593     
 -0.43250619534385193     
 -0.46699203141760270     
 -0.50147123371928437     
 -0.53593734825145589     
 -0.57038437409031018     
 -0.60480671385172968     
 -0.63919913022538977     
 -0.67355670771404319     
 -0.70787481889958492     
 -0.74214909467767587     
 -0.77637539798831035     
 -0.81054980063503712     
 -0.84466856283787439     
 -0.87872811520827621     
 -0.91272504287113398     
 -0.94665607149024900     
  -1.0142976993440915     
  -1.0816404480662190     
  -1.1486619838039549     
  -1.2153413742875956     
  -1.2816589159223926     
  -1.3475960025192695     
  -1.4131350258266540     
  -1.4782593001963815     
  -1.5429530054310949     
  -1.6072011432153654     
  -1.6709895036006821     
  -1.7343046388522196     
  -1.7971338426184991     
  -1.8594651328906737     
  -1.9212872376065167     
  -1.9825895820500588     
  -2.0433622774213873     
  -2.1035961101187786     
  -2.1632825314000659     
  -2.2224136471824574     
  -2.2809822078078623     
  -2.3389815976505952     
  -2.3964058244807958     
  -2.4532495085237178     
  -2.5095078711748253     
  -2.5651767233454965     
  -2.6202524534253646     
  -2.6747320148562226     
  -2.7713438579945846     
  -2.9100144561013828     
  -3.0830194716097150     
  -3.2040262929011107     
  -3.3895022270873514     
  -3.5559926826405235     
  -3.7051246274088725     
  -3.8387419772461406     
  -3.9587898392063847     
  -4.0672130084221818     
  -4.1658724790822532     
  -4.2564819228448094     
  -4.3405643697064873     
  -4.4194278684349770     
  -4.4941578026645770     
  -4.5656228303553616     
  -4.6344910865139139     
  -4.7012532945416261     
  -4.8294793204294679     
  -4.9519012600688628     
  -5.0686784055022249     
  -5.1795163689765653     
  -5.2840669593227227     
  -5.3821218467157967     
  -5.4736665012604693     
  -5.5588577608480847     
  -5.6999234902400238     
  -5.9607997095549985     
  -6.1305689383646396     
  -6.2698962296202776     
  -6.2877557638494199     
  -6.2919548249094266     
  -6.2928115126655282     
  -6.2929418783868316     
