          1      183.000   -7.199    0.240   -2.545   -3.741   -4.296   -4.500   -4.631   -4.726   -4.793    0.000      270.000      270.000
          1      548.000   -7.199    0.240   -2.325   -3.461   -3.988   -4.173   -4.264   -4.341   -4.384    0.000      650.000      285.000
          1      913.000   -7.199    0.240   -2.227   -3.340   -3.855   -4.033   -4.115   -4.188   -4.224    0.000     1017.000      287.000
          1     1278.000   -7.199    0.240   -2.183   -3.288   -3.798   -3.973   -4.048   -4.117   -4.148    0.000     1382.000      287.000
          1     1643.000   -7.199    0.240   -2.131   -3.226   -3.731   -3.903   -3.976   -4.044   -4.076    0.000     1752.000      292.000
          1     2008.000   -7.199    0.240   -2.092   -3.180   -3.681   -3.850   -3.918   -3.983   -4.012    0.000     2118.000      293.000
          1     2373.000   -7.199    0.240   -2.071   -3.154   -3.652   -3.819   -3.885   -3.949   -3.977    0.000     2484.000      294.000
          1     2738.000   -7.199    0.240   -2.053   -3.131   -3.626   -3.792   -3.856   -3.920   -3.948    0.000     2850.000      295.000
          1     3103.000   -7.199    0.240   -2.041   -3.117   -3.611   -3.776   -3.838   -3.901   -3.927    0.000     3215.000      295.000
          1     3468.000   -7.199    0.240   -2.036   -3.109   -3.603   -3.767   -3.827   -3.889   -3.914    0.000     3580.000      295.000
