   1.0000000000000000     
  -19.600000000000001     
  -19.599986317279715     
  -19.599972634552024     
  -19.599958951809533     
  -19.599945269044845     
  -19.599931586250548     
  -19.599917903419250     
  -19.599904220543550     
  -19.599890537616051     
  -19.599876854629350     
  -19.599863171576050     
  -19.599849488448751     
  -19.599835805240058     
  -19.599822121942569     
  -19.599808438548887     
  -19.599794755051608     
  -19.599781071443335     
  -19.599767387716675     
  -19.599753703864231     
  -19.599740019878602     
  -19.599726335752393     
  -18.687441390055064     
  -17.742277457935657     
  -16.738077134066415     
  -15.659517832450778     
  -14.502696397178143     
  -13.272962930035003     
  -11.981564096352336     
  -10.642471026661688     
  -10.097529830572462     
  -9.5481696501967086     
  -8.9952667556891139     
  -8.7178066265019822     
  -8.4397785002651879     
  -8.1612854533123027     
  -8.0219027496153306     
  -7.9382356018529512     
  -7.9103409007869230     
  -7.9014449951479673     
  -7.8925479796197795     
  -7.8836480593465428     
  -7.8569302892778232     
  -7.8123436919234859     
  -7.7229661566810099     
  -7.6333539964446926     
  -7.5435354715156233     
  -7.4535380274833924     
  -7.1825413362998010     
  -7.0015239232931679     
  -6.8203919337109360     
  -6.7298692595950946     
  -6.6490781645473920     
  -6.5953424990415233     
  -6.5417162922355061     
  -6.4882130032997818     
  -6.4348458187091389     
  -6.3560261504898046     
  -6.2775026570806762     
  -6.1993374359974203     
  -6.1215676626881423     
  -6.0442303365753434     
  -5.9673623097238178     
  -5.9214925417592204     
  -5.8758602813386247     
  -5.8304485549564946     
  -5.7852653131936584     
  -5.7403184041470530     
  -5.6956155693507489     
  -5.6511644391610751     
  -5.6069725277014220     
  -5.5849769813585342     
  -5.5193931849518565     
  -5.4760227517542015     
  -5.4329403216530974     
  -5.3901527425277074     
  -5.3476667112654859     
  -5.3054887679434151     
  -5.2845181325879000     
  -5.2220801888940445     
  -5.1808640751644059     
  -5.1399805333038247     
  -5.0994352394544746     
  -5.0592336830451563     
  -5.0193811630006815     
  -4.9798827843628635     
  -4.9407434553390077     
  -4.9019678847894932     
  -4.8635605801619421     
  -4.8255258458756822     
  -4.7878677821566589     
  -4.7505902843196690     
  -4.7136970424918090     
  -4.6771915417682717     
  -4.6410770627891731     
  -4.5525105487363335     
  -4.4664498765222316     
  -4.3829299008772216     
  -4.3019780576378812     
  -4.2236147085773847     
  -4.1478535384326323     
  -4.0747019901941739     
  -4.0041617252848534     
  -3.9362290962136290     
  -3.8708956205435054     
  -3.8081484464586248     
  -3.7479708017686511     
  -3.6903424197747396     
  -3.6352399369795196     
  -3.5826372591049749     
  -3.5325058932499767     
  -3.4848152452471375     
  -3.4395328823497850     
  -3.3966247622854393     
  -3.3560554304504251     
  -3.2818232504542522     
  -3.2164929920526166     
  -3.1597433261428360     
  -3.1112409034820820     
  -3.0706419209289013     
  -3.0375933350451465     
  -3.0117339942428107     
  -2.9926958776042087     
  -2.9801055482488334     
  -2.9735858590795430     
  -2.9727578933153418     
  -2.9772430831556482     
  -2.9866654268369959     
  -3.0006537153259547     
  -3.0188436821151536     
  -3.0408799998652820     
  -3.0664180628601709     
  -3.0951255117014851     
  -3.1266834742156795     
  -3.1607875126487763     
  -3.1971482809391150     
  -3.2354919067347367     
  -3.2755601207914564     
  -3.3171101616441350     
  -3.3599144863406392     
  -3.4037603189934114     
  -3.4484490683784763     
  -3.4937956442090274     
  -3.5771222163627159     
  -3.7043309866474146     
  -3.8719313937400432     
  -3.9921922156873908     
  -4.1788720067919884     
  -4.3450658795951274     
  -4.4902358236187636     
  -4.6153937333783910     
  -4.7223909174430139     
  -4.8134853012601102     
  -4.8910688343551563     
  -4.9574915536012689     
  -5.0149480341230150     
  -5.0654071895844801     
  -5.1105740150596750     
  -5.1518755573441277     
  -5.1904651690646393     
  -5.2272400348860799     
  -5.2973476680679843     
  -5.3658308909669907     
  -5.4335871403656224     
  -5.5003977591367708     
  -5.5656080363584728     
  -5.6285329337581125     
  -5.6886463829271703     
  -5.7456294250450313     
  -5.8423058428192460     
  -6.0301646742498836     
  -6.1583853975407203     
  -6.2729783864965833     
  -6.2883331194989722     
  -6.2920507061499249     
  -6.2928259092373224     
  -6.2929456219312669     
